0 0.684375 0.509375 0.965625 0.509375 0.965625 0.728125 0.684375 0.728125
0 0.609375 0.646875 0.840625 0.646875 0.840625 0.940625 0.609375 0.940625
0 0.159375 0.621875 0.440625 0.621875 0.440625 0.815625 0.159375 0.815625
0 0.121875 0.534375 0.390625 0.534375 0.390625 0.703125 0.121875 0.703125
0 0.746875 0.384375 0.965625 0.384375 0.965625 0.578125 0.746875 0.578125
0 0.534375 0.496875 0.765625 0.496875 0.765625 0.728125 0.534375 0.728125
0 0.271875 0.921875 0.515625 0.921875 0.515625 1.0 0.271875 1.0
0 0.346875 0.684375 0.540625 0.684375 0.540625 0.915625 0.346875 0.915625
0 0.946875 0.171875 1.0 0.171875 1.0 0.365625 0.946875 0.365625
0 0.634375 0.0 0.828125 0.0 0.828125 0.153125 0.634375 0.153125
0 0.371875 0.0 0.590625 0.0 0.590625 0.128125 0.371875 0.128125
0 0.421875 0.234375 0.690625 0.234375 0.690625 0.440625 0.421875 0.440625
0 0.046875 0.634375 0.265625 0.634375 0.265625 0.828125 0.046875 0.828125
0 0.234375 0.471875 0.503125 0.471875 0.503125 0.678125 0.234375 0.678125
0 0.346875 0.796875 0.615625 0.796875 0.615625 1.0 0.346875 1.0
0 0.559375 0.796875 0.715625 0.796875 0.715625 0.965625 0.559375 0.965625
0 0.134375 0.759375 0.403125 0.759375 0.403125 0.953125 0.134375 0.953125
