0 0.109375 0.796875 0.490625 0.796875 0.490625 1.0 0.109375 1.0
0 0.071875 0.0 0.440625 0.0 0.440625 0.165625 0.071875 0.165625
0 0.0 0.221875 0.190625 0.221875 0.190625 0.440625 0.0 0.440625
0 0.646875 0.0 1.0 0.0 1.0 0.228125 0.646875 0.228125
0 0.0 0.796875 0.353125 0.796875 0.353125 1.0 0.0 1.0
0 0.746875 0.609375 1.0 0.609375 1.0 0.965625 0.746875 0.965625
0 0.321875 0.459375 0.678125 0.459375 0.678125 0.765625 0.321875 0.765625
0 0.109375 0.421875 0.428125 0.421875 0.428125 0.778125 0.109375 0.778125
0 0.009375 0.109375 0.328125 0.109375 0.328125 0.328125 0.009375 0.328125
0 0.784375 0.296875 1.0 0.296875 1.0 0.640625 0.784375 0.640625
0 0.621875 0.709375 0.840625 0.709375 0.840625 0.953125 0.621875 0.953125
0 0.821875 0.946875 0.990625 0.946875 0.990625 1.0 0.821875 1.0
0 0.421875 0.296875 0.628125 0.296875 0.628125 0.490625 0.421875 0.490625
0 0.684375 0.296875 0.928125 0.296875 0.928125 0.528125 0.684375 0.528125
0 0.0 0.0 0.290625 0.0 0.290625 0.203125 0.0 0.203125
0 0.534375 0.246875 0.790625 0.246875 0.790625 0.565625 0.534375 0.565625
0 0.934375 0.071875 1.0 0.071875 1.0 0.290625 0.934375 0.290625
