0 0.821875 0.534375 1.0 0.534375 1.0 0.753125 0.821875 0.753125
0 0.709375 0.971875 0.790625 0.971875 0.790625 1.0 0.709375 1.0
0 0.546875 0.921875 0.790625 0.921875 0.790625 1.0 0.546875 1.0
0 0.346875 0.0 0.628125 0.0 0.628125 0.265625 0.346875 0.265625
0 0.171875 0.759375 0.440625 0.759375 0.440625 0.978125 0.171875 0.978125
0 0.696875 0.321875 1.0 0.321875 1.0 0.540625 0.696875 0.540625
0 0.584375 0.0 0.840625 0.0 0.840625 0.115625 0.584375 0.115625
0 0.134375 0.646875 0.378125 0.646875 0.378125 0.865625 0.134375 0.865625
0 0.221875 0.184375 0.478125 0.184375 0.478125 0.453125 0.221875 0.453125
0 0.471875 0.159375 0.690625 0.159375 0.690625 0.365625 0.471875 0.365625
0 0.384375 0.234375 0.603125 0.234375 0.603125 0.478125 0.384375 0.478125
0 0.246875 0.909375 0.490625 0.909375 0.490625 1.0 0.246875 1.0
0 0.659375 0.071875 0.853125 0.071875 0.853125 0.290625 0.659375 0.290625
0 0.096875 0.121875 0.328125 0.121875 0.328125 0.390625 0.096875 0.390625
0 0.784375 0.746875 0.990625 0.746875 0.990625 0.928125 0.784375 0.928125
0 0.909375 0.134375 1.0 0.134375 1.0 0.403125 0.909375 0.403125
0 0.546875 0.209375 0.765625 0.209375 0.765625 0.478125 0.546875 0.478125
0 0.284375 0.509375 0.465625 0.509375 0.465625 0.665625 0.284375 0.665625
0 0.909375 0.709375 1.0 0.709375 1.0 0.878125 0.909375 0.878125
0 0.571875 0.734375 0.790625 0.734375 0.790625 0.915625 0.571875 0.915625
0 0.759375 0.096875 0.978125 0.096875 0.978125 0.303125 0.759375 0.303125
0 0.934375 0.396875 1.0 0.396875 1.0 0.553125 0.934375 0.553125
0 0.884375 0.896875 1.0 0.896875 1.0 1.0 0.884375 1.0
0 0.709375 0.671875 0.890625 0.671875 0.890625 0.853125 0.709375 0.853125
0 0.721875 0.259375 0.965625 0.259375 0.965625 0.428125 0.721875 0.428125
0 0.759375 0.871875 0.940625 0.871875 0.940625 1.0 0.759375 1.0
