0 0.546875 0.421875 0.903125 0.421875 0.903125 0.740625 0.546875 0.740625
0 0.221875 0.0 0.540625 0.0 0.540625 0.115625 0.221875 0.115625
0 0.134375 0.296875 0.340625 0.296875 0.340625 0.490625 0.134375 0.490625
0 0.171875 0.409375 0.490625 0.409375 0.490625 0.778125 0.171875 0.778125
0 0.609375 0.0 0.953125 0.0 0.953125 0.215625 0.609375 0.215625
0 0.0 0.646875 0.265625 0.646875 0.265625 0.940625 0.0 0.940625
0 0.396875 0.446875 0.690625 0.446875 0.690625 0.803125 0.396875 0.803125
0 0.846875 0.959375 0.965625 0.959375 0.965625 1.0 0.846875 1.0
0 0.0 0.884375 0.228125 0.884375 0.228125 1.0 0.0 1.0
0 0.696875 0.046875 1.0 0.046875 1.0 0.390625 0.696875 0.390625
0 0.659375 0.571875 1.0 0.571875 1.0 0.878125 0.659375 0.878125
0 0.0 0.771875 0.240625 0.771875 0.240625 0.990625 0.0 0.990625
0 0.159375 0.871875 0.365625 0.871875 0.365625 1.0 0.159375 1.0
0 0.546875 0.221875 0.815625 0.221875 0.815625 0.453125 0.546875 0.453125
0 0.634375 0.734375 1.0 0.734375 1.0 0.965625 0.634375 0.965625
0 0.0 0.396875 0.328125 0.396875 0.328125 0.615625 0.0 0.615625
0 0.021875 0.584375 0.353125 0.584375 0.353125 0.853125 0.021875 0.853125
0 0.459375 0.796875 0.840625 0.796875 0.840625 1.0 0.459375 1.0
0 0.0 0.059375 0.465625 0.059375 0.465625 0.415625 0.0 0.415625
