0 0.584375 0.659375 0.928125 0.659375 0.928125 0.953125 0.584375 0.953125
0 0.984375 0.021875 1.0 0.021875 1.0 0.053125 0.984375 0.053125
0 0.734375 0.0 1.0 0.0 1.0 0.128125 0.734375 0.128125
0 0.834375 0.696875 1.0 0.696875 1.0 0.990625 0.834375 0.990625
0 0.134375 0.546875 0.565625 0.546875 0.565625 0.928125 0.134375 0.928125
0 0.959375 0.246875 1.0 0.246875 1.0 0.303125 0.959375 0.303125
0 0.921875 0.646875 1.0 0.646875 1.0 0.878125 0.921875 0.878125
0 0.959375 0.459375 1.0 0.459375 1.0 0.578125 0.959375 0.578125
0 0.0 0.0 0.203125 0.0 0.203125 0.165625 0.0 0.165625
0 0.959375 0.896875 1.0 0.896875 1.0 1.0 0.959375 1.0
0 0.834375 0.946875 0.965625 0.946875 0.965625 1.0 0.834375 1.0
