0 0.134375 0.721875 0.503125 0.721875 0.503125 1.0 0.134375 1.0
0 0.984375 0.946875 1.0 0.946875 1.0 0.978125 0.984375 0.978125
0 0.696875 0.771875 1.0 0.771875 1.0 1.0 0.696875 1.0
0 0.321875 0.021875 0.665625 0.021875 0.665625 0.365625 0.321875 0.365625
0 0.859375 0.0 1.0 0.0 1.0 0.128125 0.859375 0.128125
0 0.0 0.446875 0.340625 0.446875 0.340625 0.778125 0.0 0.778125
0 0.759375 0.0 0.978125 0.0 0.978125 0.165625 0.759375 0.165625
0 0.746875 0.596875 1.0 0.596875 1.0 0.840625 0.746875 0.840625
0 0.0 0.346875 0.278125 0.346875 0.278125 0.603125 0.0 0.603125
0 0.934375 0.571875 1.0 0.571875 1.0 0.765625 0.934375 0.765625
