0 0.946875 0.684375 1.0 0.684375 1.0 0.878125 0.946875 0.878125
0 0.596875 0.434375 0.915625 0.434375 0.915625 0.753125 0.596875 0.753125
0 0.0 0.0 0.390625 0.0 0.390625 0.403125 0.0 0.403125
0 0.071875 0.784375 0.615625 0.784375 0.615625 1.0 0.071875 1.0
0 0.221875 0.459375 0.590625 0.459375 0.590625 0.790625 0.221875 0.790625
0 0.559375 0.734375 0.765625 0.734375 0.765625 1.0 0.559375 1.0
0 0.371875 0.034375 0.803125 0.034375 0.803125 0.440625 0.371875 0.440625
0 0.009375 0.434375 0.315625 0.434375 0.315625 0.665625 0.009375 0.665625
0 0.771875 0.446875 1.0 0.446875 1.0 0.740625 0.771875 0.740625
0 0.059375 0.009375 0.465625 0.009375 0.465625 0.290625 0.059375 0.290625
0 0.296875 0.584375 0.753125 0.584375 0.753125 0.890625 0.296875 0.890625
