0 0.884375 0.0 1.0 0.0 1.0 0.178125 0.884375 0.178125
0 0.896875 0.909375 1.0 0.909375 1.0 1.0 0.896875 1.0
0 0.509375 0.571875 0.840625 0.571875 0.840625 0.853125 0.509375 0.853125
0 0.446875 0.359375 0.790625 0.359375 0.790625 0.565625 0.446875 0.565625
0 0.046875 0.809375 0.365625 0.809375 0.365625 1.0 0.046875 1.0
0 0.121875 0.0 0.415625 0.0 0.415625 0.290625 0.121875 0.290625
0 0.0 0.284375 0.153125 0.284375 0.153125 0.590625 0.0 0.590625
0 0.321875 0.0 0.665625 0.0 0.665625 0.303125 0.321875 0.303125
0 0.371875 0.496875 0.640625 0.496875 0.640625 0.753125 0.371875 0.753125
0 0.121875 0.534375 0.378125 0.534375 0.378125 0.728125 0.121875 0.728125
0 0.509375 0.721875 0.790625 0.721875 0.790625 0.940625 0.509375 0.940625
0 0.121875 0.059375 0.453125 0.059375 0.453125 0.378125 0.121875 0.378125
0 0.909375 0.434375 1.0 0.434375 1.0 0.590625 0.909375 0.590625
0 0.884375 0.534375 1.0 0.534375 1.0 0.753125 0.884375 0.753125
0 0.0 0.371875 0.315625 0.371875 0.315625 0.653125 0.0 0.653125
0 0.471875 0.446875 0.728125 0.446875 0.728125 0.665625 0.471875 0.665625
