0 0.859375 0.059375 1.0 0.059375 1.0 0.290625 0.859375 0.290625
0 0.484375 0.746875 0.728125 0.746875 0.728125 0.990625 0.484375 0.990625
0 0.146875 0.571875 0.478125 0.571875 0.478125 0.865625 0.146875 0.865625
0 0.259375 0.971875 0.315625 0.971875 0.315625 1.0 0.259375 1.0
0 0.159375 0.121875 0.465625 0.121875 0.465625 0.365625 0.159375 0.365625
0 0.459375 0.984375 0.515625 0.984375 0.515625 1.0 0.459375 1.0
0 0.034375 0.846875 0.278125 0.846875 0.278125 1.0 0.034375 1.0
0 0.059375 0.009375 0.240625 0.009375 0.240625 0.228125 0.059375 0.228125
0 0.959375 0.696875 1.0 0.696875 1.0 0.815625 0.959375 0.815625
0 0.946875 0.0 1.0 0.0 1.0 0.115625 0.946875 0.115625
0 0.971875 0.121875 1.0 0.121875 1.0 0.228125 0.971875 0.228125
0 0.134375 0.709375 0.328125 0.709375 0.328125 0.865625 0.134375 0.865625
0 0.421875 0.559375 0.703125 0.559375 0.703125 0.778125 0.421875 0.778125
0 0.0 0.584375 0.278125 0.584375 0.278125 0.803125 0.0 0.803125
0 0.434375 0.0 0.678125 0.0 0.678125 0.228125 0.434375 0.228125
0 0.834375 0.321875 1.0 0.321875 1.0 0.578125 0.834375 0.578125
0 0.021875 0.359375 0.415625 0.359375 0.415625 0.590625 0.021875 0.590625
