0 0.959375 0.984375 1.0 0.984375 1.0 1.0 0.959375 1.0
0 0.396875 0.709375 0.740625 0.709375 0.740625 0.978125 0.396875 0.978125
0 0.284375 0.371875 0.553125 0.371875 0.553125 0.640625 0.284375 0.640625
0 0.484375 0.021875 0.778125 0.021875 0.778125 0.290625 0.484375 0.290625
0 0.796875 0.109375 0.990625 0.109375 0.990625 0.265625 0.796875 0.265625
0 0.734375 0.434375 0.915625 0.434375 0.915625 0.578125 0.734375 0.578125
0 0.834375 0.659375 1.0 0.659375 1.0 0.828125 0.834375 0.828125
0 0.409375 0.871875 0.703125 0.871875 0.703125 1.0 0.409375 1.0
0 0.846875 0.409375 1.0 0.409375 1.0 0.628125 0.846875 0.628125
0 0.234375 0.196875 0.603125 0.196875 0.603125 0.440625 0.234375 0.440625
