0 0.259375 0.0 0.703125 0.0 0.703125 0.353125 0.259375 0.353125
0 0.0 0.509375 0.215625 0.509375 0.215625 0.928125 0.0 0.928125
0 0.359375 0.484375 0.803125 0.484375 0.803125 0.828125 0.359375 0.828125
0 0.921875 0.909375 1.0 0.909375 1.0 1.0 0.921875 1.0
0 0.171875 0.0 0.465625 0.0 0.465625 0.190625 0.171875 0.190625
0 0.371875 0.209375 0.840625 0.209375 0.840625 0.615625 0.371875 0.615625
0 0.071875 0.384375 0.490625 0.384375 0.490625 0.815625 0.071875 0.815625
0 0.796875 0.184375 1.0 0.184375 1.0 0.440625 0.796875 0.440625
0 0.0 0.184375 0.315625 0.184375 0.315625 0.440625 0.0 0.440625
0 0.209375 0.771875 0.753125 0.771875 0.753125 1.0 0.209375 1.0
