0 0.059375 0.321875 0.428125 0.321875 0.428125 0.540625 0.059375 0.540625
0 0.784375 0.0 1.0 0.0 1.0 0.165625 0.784375 0.165625
0 0.496875 0.959375 0.603125 0.959375 0.603125 1.0 0.496875 1.0
0 0.496875 0.109375 0.840625 0.109375 0.840625 0.415625 0.496875 0.415625
0 0.0 0.334375 0.165625 0.334375 0.165625 0.603125 0.0 0.603125
0 0.084375 0.946875 0.215625 0.946875 0.215625 1.0 0.084375 1.0
0 0.559375 0.346875 0.828125 0.346875 0.828125 0.578125 0.559375 0.578125
0 0.959375 0.146875 1.0 0.146875 1.0 0.290625 0.959375 0.290625
0 0.346875 0.796875 0.640625 0.796875 0.640625 1.0 0.346875 1.0
0 0.0 0.534375 0.203125 0.534375 0.203125 0.803125 0.0 0.803125
0 0.834375 0.971875 0.953125 0.971875 0.953125 1.0 0.834375 1.0
0 0.659375 0.559375 0.865625 0.559375 0.865625 0.728125 0.659375 0.728125
0 0.959375 0.509375 1.0 0.509375 1.0 0.628125 0.959375 0.628125
