0 0.0 0.271875 0.240625 0.271875 0.240625 0.615625 0.0 0.615625
0 0.971875 0.509375 1.0 0.509375 1.0 0.540625 0.971875 0.540625
0 0.609375 0.259375 1.0 0.259375 1.0 0.603125 0.609375 0.603125
0 0.421875 0.496875 0.728125 0.496875 0.728125 0.815625 0.421875 0.815625
0 0.021875 0.309375 0.453125 0.309375 0.453125 0.778125 0.021875 0.778125
0 0.271875 0.621875 0.503125 0.621875 0.503125 0.853125 0.271875 0.853125
0 0.834375 0.884375 1.0 0.884375 1.0 1.0 0.834375 1.0
0 0.0 0.496875 0.115625 0.496875 0.115625 0.703125 0.0 0.703125
0 0.446875 0.196875 0.840625 0.196875 0.840625 0.465625 0.446875 0.465625
0 0.371875 0.0 0.578125 0.0 0.578125 0.228125 0.371875 0.228125
0 0.821875 0.134375 1.0 0.134375 1.0 0.315625 0.821875 0.315625
0 0.646875 0.759375 0.940625 0.759375 0.940625 1.0 0.646875 1.0
0 0.321875 0.709375 0.653125 0.709375 0.653125 0.928125 0.321875 0.928125
0 0.084375 0.746875 0.515625 0.746875 0.515625 1.0 0.084375 1.0
0 0.0 0.784375 0.203125 0.784375 0.203125 0.990625 0.0 0.990625
