0 0.784375 0.884375 0.940625 0.884375 0.940625 1.0 0.784375 1.0
0 0.096875 0.359375 0.403125 0.359375 0.403125 0.653125 0.096875 0.653125
0 0.0 0.421875 0.240625 0.421875 0.240625 0.790625 0.0 0.790625
0 0.584375 0.359375 0.865625 0.359375 0.865625 0.615625 0.584375 0.615625
0 0.0 0.171875 0.303125 0.171875 0.303125 0.515625 0.0 0.515625
0 0.234375 0.334375 0.553125 0.334375 0.553125 0.578125 0.234375 0.578125
0 0.909375 0.771875 1.0 0.771875 1.0 0.903125 0.909375 0.903125
0 0.334375 0.959375 0.415625 0.959375 0.415625 1.0 0.334375 1.0
0 0.084375 0.0 0.390625 0.0 0.390625 0.115625 0.084375 0.115625
0 0.396875 0.159375 0.740625 0.159375 0.740625 0.428125 0.396875 0.428125
0 0.971875 0.421875 1.0 0.421875 1.0 0.528125 0.971875 0.528125
