0 0.046875 0.609375 0.390625 0.609375 0.390625 0.903125 0.046875 0.903125
0 0.534375 0.534375 0.878125 0.534375 0.878125 0.878125 0.534375 0.878125
0 0.684375 0.246875 0.978125 0.246875 0.978125 0.640625 0.684375 0.640625
0 0.071875 0.409375 0.540625 0.409375 0.540625 0.815625 0.071875 0.815625
0 0.546875 0.021875 0.853125 0.021875 0.853125 0.290625 0.546875 0.290625
0 0.821875 0.521875 1.0 0.521875 1.0 0.803125 0.821875 0.803125
0 0.921875 0.046875 1.0 0.046875 1.0 0.315625 0.921875 0.315625
0 0.471875 0.209375 0.790625 0.209375 0.790625 0.528125 0.471875 0.528125
0 0.0 0.259375 0.215625 0.259375 0.215625 0.515625 0.0 0.515625
0 0.021875 0.759375 0.215625 0.759375 0.215625 0.978125 0.021875 0.978125
0 0.871875 0.796875 1.0 0.796875 1.0 1.0 0.871875 1.0
0 0.884375 0.946875 0.978125 0.946875 0.978125 1.0 0.884375 1.0
0 0.321875 0.646875 0.590625 0.646875 0.590625 0.890625 0.321875 0.890625
0 0.0 0.0 0.378125 0.0 0.378125 0.178125 0.0 0.178125
0 0.659375 0.0 0.990625 0.0 0.990625 0.228125 0.659375 0.228125
0 0.0 0.384375 0.240625 0.384375 0.240625 0.665625 0.0 0.665625
