0 0.534375 0.0 1.0 0.0 1.0 0.265625 0.534375 0.265625
0 0.096875 0.409375 0.578125 0.409375 0.578125 0.815625 0.096875 0.815625
0 0.534375 0.121875 0.853125 0.121875 0.853125 0.378125 0.534375 0.378125
0 0.921875 0.0 1.0 0.0 1.0 0.115625 0.921875 0.115625
0 0.909375 0.146875 1.0 0.146875 1.0 0.303125 0.909375 0.303125
0 0.634375 0.496875 0.903125 0.496875 0.903125 0.678125 0.634375 0.678125
0 0.159375 0.884375 0.378125 0.884375 0.378125 1.0 0.159375 1.0
0 0.0 0.921875 0.228125 0.921875 0.228125 1.0 0.0 1.0
0 0.0 0.696875 0.365625 0.696875 0.365625 0.940625 0.0 0.940625
0 0.0 0.809375 0.265625 0.809375 0.265625 1.0 0.0 1.0
0 0.746875 0.209375 1.0 0.209375 1.0 0.540625 0.746875 0.540625
0 0.796875 0.559375 1.0 0.559375 1.0 0.840625 0.796875 0.840625
0 0.309375 0.221875 0.740625 0.221875 0.740625 0.515625 0.309375 0.515625
0 0.284375 0.721875 0.715625 0.721875 0.715625 0.978125 0.284375 0.978125
