0 0.596875 0.034375 0.878125 0.034375 0.878125 0.353125 0.596875 0.353125
0 0.921875 0.984375 0.953125 0.984375 0.953125 1.0 0.921875 1.0
0 0.546875 0.484375 0.790625 0.484375 0.790625 0.628125 0.546875 0.628125
0 0.646875 0.271875 0.840625 0.271875 0.840625 0.490625 0.646875 0.490625
0 0.184375 0.796875 0.490625 0.796875 0.490625 1.0 0.184375 1.0
0 0.659375 0.0 0.865625 0.0 0.865625 0.090625 0.659375 0.090625
0 0.359375 0.296875 0.553125 0.296875 0.553125 0.478125 0.359375 0.478125
0 0.359375 0.521875 0.553125 0.521875 0.553125 0.690625 0.359375 0.690625
0 0.571875 0.746875 0.778125 0.746875 0.778125 0.940625 0.571875 0.940625
0 0.521875 0.371875 0.740625 0.371875 0.740625 0.553125 0.521875 0.553125
0 0.659375 0.771875 0.953125 0.771875 0.953125 1.0 0.659375 1.0
0 0.784375 0.359375 1.0 0.359375 1.0 0.553125 0.784375 0.553125
0 0.571875 0.321875 0.790625 0.321875 0.790625 0.503125 0.571875 0.503125
0 0.359375 0.734375 0.640625 0.734375 0.640625 0.965625 0.359375 0.965625
0 0.034375 0.0 0.378125 0.0 0.378125 0.203125 0.034375 0.203125
