0 0.559375 0.909375 0.678125 0.909375 0.678125 1.0 0.559375 1.0
0 0.621875 0.0 0.903125 0.0 0.903125 0.315625 0.621875 0.315625
0 0.771875 0.559375 0.965625 0.559375 0.965625 0.790625 0.771875 0.790625
0 0.084375 0.721875 0.403125 0.721875 0.403125 0.990625 0.084375 0.990625
0 0.971875 0.984375 1.0 0.984375 1.0 1.0 0.971875 1.0
0 0.896875 0.0 1.0 0.0 1.0 0.203125 0.896875 0.203125
0 0.134375 0.934375 0.390625 0.934375 0.390625 1.0 0.134375 1.0
0 0.0 0.571875 0.365625 0.571875 0.365625 0.778125 0.0 0.778125
0 0.646875 0.509375 0.853125 0.509375 0.853125 0.728125 0.646875 0.728125
0 0.934375 0.171875 1.0 0.171875 1.0 0.353125 0.934375 0.353125
