0 0.746875 0.821875 1.0 0.821875 1.0 1.0 0.746875 1.0
0 0.659375 0.521875 1.0 0.521875 1.0 0.840625 0.659375 0.840625
0 0.734375 0.684375 1.0 0.684375 1.0 1.0 0.734375 1.0
0 0.259375 0.634375 0.690625 0.634375 0.690625 1.0 0.259375 1.0
0 0.909375 0.0 1.0 0.0 1.0 0.153125 0.909375 0.153125
0 0.846875 0.371875 1.0 0.371875 1.0 0.590625 0.846875 0.590625
0 0.559375 0.184375 0.815625 0.184375 0.815625 0.415625 0.559375 0.415625
0 0.571875 0.0 0.815625 0.0 0.815625 0.215625 0.571875 0.215625
0 0.334375 0.334375 0.803125 0.334375 0.803125 0.690625 0.334375 0.690625
0 0.121875 0.946875 0.353125 0.946875 0.353125 1.0 0.121875 1.0
0 0.559375 0.821875 0.878125 0.821875 0.878125 1.0 0.559375 1.0
0 0.096875 0.696875 0.428125 0.696875 0.428125 0.953125 0.096875 0.953125
