0 0.521875 0.0 0.840625 0.0 0.840625 0.153125 0.521875 0.153125
0 0.821875 0.046875 1.0 0.046875 1.0 0.315625 0.821875 0.315625
0 0.771875 0.796875 1.0 0.796875 1.0 1.0 0.771875 1.0
0 0.0 0.346875 0.353125 0.346875 0.353125 0.653125 0.0 0.653125
0 0.559375 0.309375 0.903125 0.309375 0.903125 0.553125 0.559375 0.553125
0 0.509375 0.884375 0.765625 0.884375 0.765625 1.0 0.509375 1.0
0 0.0 0.934375 0.228125 0.934375 0.228125 1.0 0.0 1.0
0 0.184375 0.146875 0.428125 0.146875 0.428125 0.353125 0.184375 0.353125
0 0.496875 0.659375 0.703125 0.659375 0.703125 0.853125 0.496875 0.853125
0 0.684375 0.834375 0.878125 0.834375 0.878125 1.0 0.684375 1.0
0 0.146875 0.284375 0.390625 0.284375 0.390625 0.478125 0.146875 0.478125
0 0.546875 0.171875 0.803125 0.171875 0.803125 0.428125 0.546875 0.428125
0 0.721875 0.0 0.940625 0.0 0.940625 0.228125 0.721875 0.228125
0 0.284375 0.896875 0.590625 0.896875 0.590625 1.0 0.284375 1.0
0 0.921875 0.946875 1.0 0.946875 1.0 1.0 0.921875 1.0
0 0.221875 0.696875 0.640625 0.696875 0.640625 0.940625 0.221875 0.940625
