0 0.159375 0.909375 0.365625 0.909375 0.365625 1.0 0.159375 1.0
0 0.071875 0.471875 0.415625 0.471875 0.415625 0.690625 0.071875 0.690625
0 0.296875 0.121875 0.553125 0.121875 0.553125 0.403125 0.296875 0.403125
0 0.734375 0.684375 0.940625 0.684375 0.940625 0.940625 0.734375 0.940625
0 0.146875 0.334375 0.440625 0.334375 0.440625 0.578125 0.146875 0.578125
0 0.721875 0.296875 0.978125 0.296875 0.978125 0.540625 0.721875 0.540625
0 0.534375 0.0 0.753125 0.0 0.753125 0.140625 0.534375 0.140625
0 0.396875 0.809375 0.703125 0.809375 0.703125 1.0 0.396875 1.0
0 0.071875 0.134375 0.390625 0.134375 0.390625 0.365625 0.071875 0.365625
0 0.434375 0.634375 0.703125 0.634375 0.703125 0.853125 0.434375 0.853125
0 0.959375 0.234375 1.0 0.234375 1.0 0.340625 0.959375 0.340625
0 0.871875 0.171875 1.0 0.171875 1.0 0.378125 0.871875 0.378125
0 0.821875 0.759375 1.0 0.759375 1.0 0.928125 0.821875 0.928125
0 0.984375 0.834375 1.0 0.834375 1.0 0.878125 0.984375 0.878125
0 0.621875 0.634375 0.853125 0.634375 0.853125 0.840625 0.621875 0.840625
