0 0.0 0.121875 0.303125 0.121875 0.303125 0.290625 0.0 0.290625
0 0.121875 0.071875 0.378125 0.071875 0.378125 0.328125 0.121875 0.328125
0 0.259375 0.834375 0.578125 0.834375 0.578125 1.0 0.259375 1.0
0 0.621875 0.621875 0.953125 0.621875 0.953125 0.928125 0.621875 0.928125
0 0.484375 0.534375 0.765625 0.534375 0.765625 0.865625 0.484375 0.865625
0 0.0 0.396875 0.303125 0.396875 0.303125 0.690625 0.0 0.690625
0 0.621875 0.246875 0.953125 0.246875 0.953125 0.540625 0.621875 0.540625
0 0.146875 0.0 0.415625 0.0 0.415625 0.153125 0.146875 0.153125
0 0.809375 0.0 1.0 0.0 1.0 0.140625 0.809375 0.140625
0 0.846875 0.421875 1.0 0.421875 1.0 0.640625 0.846875 0.640625
0 0.871875 0.559375 1.0 0.559375 1.0 0.753125 0.871875 0.753125
0 0.0 0.221875 0.378125 0.221875 0.378125 0.503125 0.0 0.503125
0 0.009375 0.0 0.215625 0.0 0.215625 0.190625 0.009375 0.190625
0 0.259375 0.184375 0.628125 0.184375 0.628125 0.490625 0.259375 0.490625
0 0.509375 0.546875 0.828125 0.546875 0.828125 0.715625 0.509375 0.715625
0 0.271875 0.734375 0.540625 0.734375 0.540625 0.915625 0.271875 0.915625
0 0.271875 0.609375 0.565625 0.609375 0.565625 0.803125 0.271875 0.803125
