0 0.784375 0.609375 1.0 0.609375 1.0 1.0 0.784375 1.0
0 0.0 0.0 0.365625 0.0 0.365625 0.328125 0.0 0.328125
0 0.559375 0.284375 0.990625 0.284375 0.990625 0.778125 0.559375 0.778125
0 0.684375 0.146875 1.0 0.146875 1.0 0.553125 0.684375 0.553125
0 0.171875 0.0 0.415625 0.0 0.415625 0.140625 0.171875 0.140625
0 0.534375 0.059375 0.940625 0.059375 0.940625 0.378125 0.534375 0.378125
0 0.359375 0.821875 0.803125 0.821875 0.803125 1.0 0.359375 1.0
0 0.309375 0.259375 0.703125 0.259375 0.703125 0.690625 0.309375 0.690625
0 0.046875 0.871875 0.453125 0.871875 0.453125 1.0 0.046875 1.0
0 0.084375 0.871875 0.265625 0.871875 0.265625 0.978125 0.084375 0.978125
