0 0.271875 0.359375 0.665625 0.359375 0.665625 0.690625 0.271875 0.690625
0 0.871875 0.684375 1.0 0.684375 1.0 0.978125 0.871875 0.978125
0 0.934375 0.559375 1.0 0.559375 1.0 0.665625 0.934375 0.665625
0 0.496875 0.159375 0.790625 0.159375 0.790625 0.528125 0.496875 0.528125
0 0.171875 0.021875 0.578125 0.021875 0.578125 0.365625 0.171875 0.365625
0 0.809375 0.846875 1.0 0.846875 1.0 1.0 0.809375 1.0
0 0.134375 0.421875 0.490625 0.421875 0.490625 0.753125 0.134375 0.753125
0 0.734375 0.734375 0.915625 0.734375 0.915625 0.990625 0.734375 0.990625
0 0.921875 0.321875 1.0 0.321875 1.0 0.540625 0.921875 0.540625
0 0.284375 0.209375 0.590625 0.209375 0.590625 0.465625 0.284375 0.465625
0 0.209375 0.071875 0.603125 0.071875 0.603125 0.315625 0.209375 0.315625
0 0.0 0.821875 0.203125 0.821875 0.203125 1.0 0.0 1.0
