0 0.284375 0.896875 0.503125 0.896875 0.503125 1.0 0.284375 1.0
0 0.134375 0.284375 0.503125 0.284375 0.503125 0.565625 0.134375 0.565625
0 0.159375 0.434375 0.503125 0.434375 0.503125 0.678125 0.159375 0.678125
0 0.0 0.334375 0.153125 0.334375 0.153125 0.665625 0.0 0.665625
0 0.0 0.059375 0.178125 0.059375 0.178125 0.215625 0.0 0.215625
0 0.709375 0.471875 0.903125 0.471875 0.903125 0.690625 0.709375 0.690625
0 0.771875 0.296875 0.990625 0.296875 0.990625 0.528125 0.771875 0.528125
0 0.346875 0.934375 0.590625 0.934375 0.590625 1.0 0.346875 1.0
0 0.359375 0.521875 0.765625 0.521875 0.765625 0.815625 0.359375 0.815625
0 0.359375 0.0 0.778125 0.0 0.778125 0.253125 0.359375 0.253125
