0 0.559375 0.884375 0.753125 0.884375 0.753125 1.0 0.559375 1.0
0 0.871875 0.096875 1.0 0.096875 1.0 0.328125 0.871875 0.328125
0 0.684375 0.0 1.0 0.0 1.0 0.228125 0.684375 0.228125
0 0.0 0.059375 0.253125 0.059375 0.253125 0.378125 0.0 0.378125
0 0.584375 0.646875 0.903125 0.646875 0.903125 0.903125 0.584375 0.903125
0 0.034375 0.0 0.365625 0.0 0.365625 0.228125 0.034375 0.228125
0 0.409375 0.621875 0.715625 0.621875 0.715625 0.928125 0.409375 0.928125
0 0.0 0.509375 0.290625 0.509375 0.290625 0.803125 0.0 0.803125
0 0.971875 0.659375 1.0 0.659375 1.0 0.765625 0.971875 0.765625
0 0.259375 0.546875 0.453125 0.546875 0.453125 0.703125 0.259375 0.703125
0 0.159375 0.271875 0.365625 0.271875 0.365625 0.415625 0.159375 0.415625
0 0.259375 0.921875 0.490625 0.921875 0.490625 1.0 0.259375 1.0
0 0.571875 0.121875 0.765625 0.121875 0.765625 0.328125 0.571875 0.328125
0 0.796875 0.809375 1.0 0.809375 1.0 1.0 0.796875 1.0
0 0.696875 0.534375 0.953125 0.534375 0.953125 0.765625 0.696875 0.765625
0 0.296875 0.0 0.653125 0.0 0.653125 0.153125 0.296875 0.153125
0 0.284375 0.034375 0.578125 0.034375 0.578125 0.328125 0.284375 0.328125
0 0.134375 0.346875 0.528125 0.346875 0.528125 0.615625 0.134375 0.615625
0 0.759375 0.984375 0.803125 0.984375 0.803125 1.0 0.759375 1.0
