0 0.209375 0.971875 0.265625 0.971875 0.265625 1.0 0.209375 1.0
0 0.734375 0.921875 0.928125 0.921875 0.928125 1.0 0.734375 1.0
0 0.084375 0.684375 0.478125 0.684375 0.478125 1.0 0.084375 1.0
0 0.984375 0.984375 1.0 0.984375 1.0 1.0 0.984375 1.0
0 0.446875 0.684375 0.778125 0.684375 0.778125 0.965625 0.446875 0.965625
0 0.0 0.096875 0.190625 0.096875 0.190625 0.403125 0.0 0.403125
0 0.809375 0.346875 0.990625 0.346875 0.990625 0.590625 0.809375 0.590625
0 0.396875 0.321875 0.778125 0.321875 0.778125 0.628125 0.396875 0.628125
0 0.896875 0.0 1.0 0.0 1.0 0.140625 0.896875 0.140625
0 0.834375 0.521875 1.0 0.521875 1.0 0.790625 0.834375 0.790625
0 0.696875 0.971875 0.753125 0.971875 0.753125 1.0 0.696875 1.0
