0 0.696875 0.234375 1.0 0.234375 1.0 0.553125 0.696875 0.553125
0 0.0 0.0 0.128125 0.0 0.128125 0.240625 0.0 0.240625
0 0.071875 0.271875 0.415625 0.271875 0.415625 0.603125 0.071875 0.603125
0 0.746875 0.484375 1.0 0.484375 1.0 0.728125 0.746875 0.728125
0 0.034375 0.534375 0.365625 0.534375 0.365625 0.790625 0.034375 0.790625
0 0.359375 0.671875 0.640625 0.671875 0.640625 1.0 0.359375 1.0
0 0.0 0.746875 0.140625 0.746875 0.140625 0.965625 0.0 0.965625
0 0.034375 0.0 0.415625 0.0 0.415625 0.153125 0.034375 0.153125
0 0.0 0.934375 0.165625 0.934375 0.165625 1.0 0.0 1.0
0 0.0 0.271875 0.253125 0.271875 0.253125 0.503125 0.0 0.503125
0 0.509375 0.009375 0.865625 0.009375 0.865625 0.340625 0.509375 0.340625
