0 0.671875 0.809375 0.865625 0.809375 0.865625 1.0 0.671875 1.0
0 0.759375 0.759375 1.0 0.759375 1.0 1.0 0.759375 1.0
0 0.646875 0.971875 0.690625 0.971875 0.690625 1.0 0.646875 1.0
0 0.934375 0.946875 1.0 0.946875 1.0 1.0 0.934375 1.0
0 0.021875 0.596875 0.415625 0.596875 0.415625 1.0 0.021875 1.0
0 0.0 0.134375 0.203125 0.134375 0.203125 0.415625 0.0 0.415625
0 0.0 0.446875 0.190625 0.446875 0.190625 0.753125 0.0 0.753125
0 0.534375 0.221875 0.890625 0.221875 0.890625 0.490625 0.534375 0.490625
0 0.309375 0.471875 0.628125 0.471875 0.628125 0.753125 0.309375 0.753125
0 0.171875 0.896875 0.453125 0.896875 0.453125 1.0 0.171875 1.0
0 0.946875 0.109375 1.0 0.109375 1.0 0.240625 0.946875 0.240625
0 0.984375 0.221875 1.0 0.221875 1.0 0.240625 0.984375 0.240625
0 0.0 0.696875 0.165625 0.696875 0.165625 0.890625 0.0 0.890625
0 0.834375 0.546875 1.0 0.546875 1.0 0.778125 0.834375 0.778125
0 0.584375 0.609375 0.853125 0.609375 0.853125 0.865625 0.584375 0.865625
