0 0.584375 0.434375 0.753125 0.434375 0.753125 0.640625 0.584375 0.640625
0 0.096875 0.146875 0.490625 0.146875 0.490625 0.440625 0.096875 0.440625
0 0.659375 0.459375 1.0 0.459375 1.0 0.728125 0.659375 0.728125
0 0.846875 0.534375 1.0 0.534375 1.0 0.865625 0.846875 0.865625
0 0.796875 0.934375 1.0 0.934375 1.0 1.0 0.796875 1.0
0 0.521875 0.159375 0.740625 0.159375 0.740625 0.378125 0.521875 0.378125
0 0.0 0.121875 0.228125 0.121875 0.228125 0.390625 0.0 0.390625
0 0.484375 0.709375 0.840625 0.709375 0.840625 0.978125 0.484375 0.978125
0 0.0 0.334375 0.340625 0.334375 0.340625 0.615625 0.0 0.615625
0 0.0 0.609375 0.415625 0.609375 0.415625 0.878125 0.0 0.878125
