0 0.809375 0.234375 1.0 0.234375 1.0 0.453125 0.809375 0.453125
0 0.734375 0.159375 0.965625 0.159375 0.965625 0.378125 0.734375 0.378125
0 0.921875 0.159375 1.0 0.159375 1.0 0.278125 0.921875 0.278125
0 0.684375 0.0 0.965625 0.0 0.965625 0.240625 0.684375 0.240625
0 0.0 0.421875 0.203125 0.421875 0.203125 0.690625 0.0 0.690625
0 0.596875 0.534375 0.878125 0.534375 0.878125 0.815625 0.596875 0.815625
0 0.0 0.559375 0.228125 0.559375 0.228125 0.790625 0.0 0.790625
0 0.559375 0.184375 0.828125 0.184375 0.828125 0.490625 0.559375 0.490625
0 0.496875 0.009375 0.753125 0.009375 0.753125 0.278125 0.496875 0.278125
0 0.421875 0.059375 0.578125 0.059375 0.578125 0.228125 0.421875 0.228125
0 0.396875 0.184375 0.590625 0.184375 0.590625 0.340625 0.396875 0.340625
0 0.259375 0.0 0.440625 0.0 0.440625 0.165625 0.259375 0.165625
0 0.521875 0.946875 0.603125 0.946875 0.603125 1.0 0.521875 1.0
0 0.621875 0.946875 0.715625 0.946875 0.715625 1.0 0.621875 1.0
0 0.496875 0.746875 0.828125 0.746875 0.828125 0.978125 0.496875 0.978125
0 0.934375 0.221875 1.0 0.221875 1.0 0.390625 0.934375 0.390625
0 0.346875 0.296875 0.678125 0.296875 0.678125 0.578125 0.346875 0.578125
