0 0.096875 0.009375 0.415625 0.009375 0.415625 0.278125 0.096875 0.278125
0 0.896875 0.0 1.0 0.0 1.0 0.165625 0.896875 0.165625
0 0.459375 0.659375 0.728125 0.659375 0.728125 0.978125 0.459375 0.978125
0 0.271875 0.934375 0.490625 0.934375 0.490625 1.0 0.271875 1.0
0 0.384375 0.484375 0.678125 0.484375 0.678125 0.740625 0.384375 0.740625
0 0.709375 0.521875 0.940625 0.521875 0.940625 0.703125 0.709375 0.703125
0 0.271875 0.0 0.515625 0.0 0.515625 0.178125 0.271875 0.178125
0 0.609375 0.846875 0.903125 0.846875 0.903125 1.0 0.609375 1.0
0 0.071875 0.846875 0.353125 0.846875 0.353125 1.0 0.071875 1.0
0 0.596875 0.221875 0.790625 0.221875 0.790625 0.428125 0.596875 0.428125
0 0.221875 0.471875 0.428125 0.471875 0.428125 0.690625 0.221875 0.690625
0 0.746875 0.0 0.940625 0.0 0.940625 0.203125 0.746875 0.203125
0 0.659375 0.434375 0.853125 0.434375 0.853125 0.615625 0.659375 0.615625
0 0.696875 0.734375 0.903125 0.734375 0.903125 0.915625 0.696875 0.915625
0 0.859375 0.309375 1.0 0.309375 1.0 0.528125 0.859375 0.528125
0 0.709375 0.234375 0.953125 0.234375 0.953125 0.465625 0.709375 0.465625
0 0.846875 0.596875 1.0 0.596875 1.0 0.828125 0.846875 0.828125
0 0.0 0.359375 0.278125 0.359375 0.278125 0.603125 0.0 0.603125
0 0.0 0.146875 0.290625 0.146875 0.290625 0.428125 0.0 0.428125
0 0.0 0.934375 0.178125 0.934375 0.178125 1.0 0.0 1.0
