0 0.184375 0.909375 0.478125 0.909375 0.478125 1.0 0.184375 1.0
0 0.134375 0.334375 0.528125 0.334375 0.528125 0.703125 0.134375 0.703125
0 0.759375 0.796875 1.0 0.796875 1.0 1.0 0.759375 1.0
0 0.096875 0.0 0.428125 0.0 0.428125 0.240625 0.096875 0.240625
0 0.884375 0.346875 1.0 0.346875 1.0 0.565625 0.884375 0.565625
0 0.0 0.646875 0.103125 0.646875 0.103125 0.890625 0.0 0.890625
0 0.946875 0.484375 1.0 0.484375 1.0 0.615625 0.946875 0.615625
0 0.121875 0.384375 0.290625 0.384375 0.290625 0.540625 0.121875 0.540625
0 0.0 0.809375 0.203125 0.809375 0.203125 1.0 0.0 1.0
0 0.021875 0.584375 0.303125 0.584375 0.303125 0.790625 0.021875 0.790625
0 0.396875 0.284375 0.640625 0.284375 0.640625 0.465625 0.396875 0.465625
0 0.609375 0.234375 0.815625 0.234375 0.815625 0.415625 0.609375 0.415625
0 0.459375 0.0 0.678125 0.0 0.678125 0.103125 0.459375 0.103125
0 0.0 0.909375 0.265625 0.909375 0.265625 1.0 0.0 1.0
0 0.734375 0.184375 1.0 0.184375 1.0 0.453125 0.734375 0.453125
0 0.021875 0.696875 0.340625 0.696875 0.340625 0.903125 0.021875 0.903125
0 0.059375 0.446875 0.265625 0.446875 0.265625 0.640625 0.059375 0.640625
0 0.984375 0.784375 1.0 0.784375 1.0 0.803125 0.984375 0.803125
0 0.096875 0.646875 0.428125 0.646875 0.428125 0.853125 0.096875 0.853125
