0 0.0 0.746875 0.240625 0.746875 0.240625 1.0 0.0 1.0
0 0.609375 0.446875 0.915625 0.446875 0.915625 0.828125 0.609375 0.828125
0 0.0 0.409375 0.165625 0.409375 0.165625 0.715625 0.0 0.715625
0 0.984375 0.184375 1.0 0.184375 1.0 0.265625 0.984375 0.265625
0 0.071875 0.146875 0.403125 0.146875 0.403125 0.440625 0.071875 0.440625
0 0.646875 0.209375 0.965625 0.209375 0.965625 0.490625 0.646875 0.490625
0 0.446875 0.096875 0.790625 0.096875 0.790625 0.378125 0.446875 0.378125
0 0.134375 0.0 0.478125 0.0 0.478125 0.078125 0.134375 0.078125
0 0.446875 0.484375 0.678125 0.484375 0.678125 0.665625 0.446875 0.665625
0 0.884375 0.221875 1.0 0.221875 1.0 0.415625 0.884375 0.415625
0 0.334375 0.521875 0.540625 0.521875 0.540625 0.728125 0.334375 0.728125
0 0.096875 0.884375 0.490625 0.884375 0.490625 1.0 0.096875 1.0
0 0.196875 0.646875 0.553125 0.646875 0.553125 0.915625 0.196875 0.915625
0 0.634375 0.846875 0.903125 0.846875 0.903125 1.0 0.634375 1.0
