0 0.334375 0.159375 0.565625 0.159375 0.565625 0.328125 0.334375 0.328125
0 0.946875 0.034375 1.0 0.034375 1.0 0.165625 0.946875 0.165625
0 0.746875 0.0 1.0 0.0 1.0 0.253125 0.746875 0.253125
0 0.534375 0.821875 0.828125 0.821875 0.828125 1.0 0.534375 1.0
0 0.321875 0.796875 0.578125 0.796875 0.578125 1.0 0.321875 1.0
0 0.259375 0.0 0.515625 0.0 0.515625 0.240625 0.259375 0.240625
0 0.484375 0.146875 0.740625 0.146875 0.740625 0.403125 0.484375 0.403125
0 0.609375 0.121875 0.878125 0.121875 0.878125 0.378125 0.609375 0.378125
0 0.434375 0.0 0.728125 0.0 0.728125 0.203125 0.434375 0.203125
0 0.421875 0.946875 0.553125 0.946875 0.553125 1.0 0.421875 1.0
0 0.0 0.0 0.303125 0.0 0.303125 0.253125 0.0 0.253125
0 0.959375 0.509375 1.0 0.509375 1.0 0.715625 0.959375 0.715625
0 0.059375 0.834375 0.265625 0.834375 0.265625 0.990625 0.059375 0.990625
0 0.484375 0.484375 0.678125 0.484375 0.678125 0.653125 0.484375 0.653125
0 0.184375 0.109375 0.365625 0.109375 0.365625 0.278125 0.184375 0.278125
0 0.496875 0.384375 0.678125 0.384375 0.678125 0.565625 0.496875 0.565625
0 0.621875 0.946875 0.778125 0.946875 0.778125 1.0 0.621875 1.0
0 0.034375 0.571875 0.415625 0.571875 0.415625 0.803125 0.034375 0.803125
