0 0.0 0.334375 0.278125 0.334375 0.278125 0.615625 0.0 0.615625
0 0.246875 0.959375 0.340625 0.959375 0.340625 1.0 0.246875 1.0
0 0.234375 0.171875 0.528125 0.171875 0.528125 0.440625 0.234375 0.440625
0 0.309375 0.896875 0.565625 0.896875 0.565625 1.0 0.309375 1.0
0 0.0 0.609375 0.265625 0.609375 0.265625 0.915625 0.0 0.915625
0 0.259375 0.846875 0.553125 0.846875 0.553125 1.0 0.259375 1.0
0 0.534375 0.0 0.778125 0.0 0.778125 0.140625 0.534375 0.140625
0 0.509375 0.846875 0.778125 0.846875 0.778125 1.0 0.509375 1.0
0 0.659375 0.146875 0.890625 0.146875 0.890625 0.415625 0.659375 0.415625
0 0.584375 0.684375 0.828125 0.684375 0.828125 0.890625 0.584375 0.890625
0 0.0 0.359375 0.190625 0.359375 0.190625 0.553125 0.0 0.553125
0 0.596875 0.271875 0.765625 0.271875 0.765625 0.490625 0.596875 0.490625
0 0.0 0.484375 0.153125 0.484375 0.153125 0.690625 0.0 0.690625
0 0.371875 0.0 0.703125 0.0 0.703125 0.265625 0.371875 0.265625
0 0.259375 0.471875 0.603125 0.471875 0.603125 0.678125 0.259375 0.678125
0 0.671875 0.771875 0.940625 0.771875 0.940625 1.0 0.671875 1.0
0 0.846875 0.121875 1.0 0.121875 1.0 0.403125 0.846875 0.403125
0 0.221875 0.671875 0.590625 0.671875 0.590625 0.890625 0.221875 0.890625
