0 0.409375 0.934375 0.678125 0.934375 0.678125 1.0 0.409375 1.0
0 0.0 0.0 0.403125 0.0 0.403125 0.153125 0.0 0.153125
0 0.921875 0.909375 1.0 0.909375 1.0 1.0 0.921875 1.0
0 0.321875 0.734375 0.728125 0.734375 0.728125 1.0 0.321875 1.0
0 0.734375 0.559375 1.0 0.559375 1.0 0.903125 0.734375 0.903125
0 0.0 0.759375 0.315625 0.759375 0.315625 1.0 0.0 1.0
0 0.209375 0.146875 0.478125 0.146875 0.478125 0.403125 0.209375 0.403125
0 0.434375 0.509375 0.678125 0.509375 0.678125 0.778125 0.434375 0.778125
0 0.346875 0.934375 0.415625 0.934375 0.415625 1.0 0.346875 1.0
0 0.359375 0.0 0.840625 0.0 0.840625 0.253125 0.359375 0.253125
0 0.321875 0.146875 0.778125 0.146875 0.778125 0.503125 0.321875 0.503125
