0 0.634375 0.021875 0.978125 0.021875 0.978125 0.340625 0.634375 0.340625
0 0.746875 0.546875 0.953125 0.546875 0.953125 0.815625 0.746875 0.815625
0 0.846875 0.434375 1.0 0.434375 1.0 0.728125 0.846875 0.728125
0 0.871875 0.734375 1.0 0.734375 1.0 0.965625 0.871875 0.965625
0 0.871875 0.371875 1.0 0.371875 1.0 0.540625 0.871875 0.540625
0 0.459375 0.371875 0.753125 0.371875 0.753125 0.640625 0.459375 0.640625
0 0.596875 0.534375 0.815625 0.534375 0.815625 0.790625 0.596875 0.790625
0 0.621875 0.809375 0.865625 0.809375 0.865625 1.0 0.621875 1.0
0 0.0 0.121875 0.303125 0.121875 0.303125 0.365625 0.0 0.365625
0 0.346875 0.759375 0.640625 0.759375 0.640625 1.0 0.346875 1.0
0 0.846875 0.246875 1.0 0.246875 1.0 0.453125 0.846875 0.453125
0 0.084375 0.0 0.265625 0.0 0.265625 0.128125 0.084375 0.128125
0 0.071875 0.784375 0.253125 0.784375 0.253125 0.990625 0.071875 0.990625
0 0.496875 0.921875 0.653125 0.921875 0.653125 1.0 0.496875 1.0
0 0.746875 0.0 0.953125 0.0 0.953125 0.128125 0.746875 0.128125
0 0.009375 0.921875 0.303125 0.921875 0.303125 1.0 0.009375 1.0
0 0.959375 0.934375 1.0 0.934375 1.0 1.0 0.959375 1.0
0 0.259375 0.0 0.540625 0.0 0.540625 0.203125 0.259375 0.203125
0 0.709375 0.734375 0.940625 0.734375 0.940625 0.953125 0.709375 0.953125
0 0.809375 0.896875 0.978125 0.896875 0.978125 1.0 0.809375 1.0
0 0.021875 0.321875 0.403125 0.321875 0.403125 0.578125 0.021875 0.578125
0 0.984375 0.146875 1.0 0.146875 1.0 0.178125 0.984375 0.178125
