0 0.584375 0.396875 0.890625 0.396875 0.890625 0.653125 0.584375 0.653125
0 0.496875 0.109375 0.753125 0.109375 0.753125 0.315625 0.496875 0.315625
0 0.021875 0.0 0.265625 0.0 0.265625 0.190625 0.021875 0.190625
0 0.946875 0.021875 1.0 0.021875 1.0 0.128125 0.946875 0.128125
0 0.671875 0.971875 0.715625 0.971875 0.715625 1.0 0.671875 1.0
0 0.609375 0.259375 0.878125 0.259375 0.878125 0.465625 0.609375 0.465625
0 0.509375 0.284375 0.728125 0.284375 0.728125 0.503125 0.509375 0.503125
0 0.196875 0.0 0.453125 0.0 0.453125 0.253125 0.196875 0.253125
0 0.134375 0.171875 0.415625 0.171875 0.415625 0.403125 0.134375 0.403125
0 0.434375 0.571875 0.615625 0.571875 0.615625 0.740625 0.434375 0.740625
0 0.859375 0.609375 1.0 0.609375 1.0 0.790625 0.859375 0.790625
0 0.521875 0.921875 0.690625 0.921875 0.690625 1.0 0.521875 1.0
0 0.834375 0.734375 1.0 0.734375 1.0 0.928125 0.834375 0.928125
