0 0.0 0.571875 0.278125 0.571875 0.278125 0.890625 0.0 0.890625
0 0.721875 0.809375 1.0 0.809375 1.0 1.0 0.721875 1.0
0 0.621875 0.0 0.953125 0.0 0.953125 0.265625 0.621875 0.265625
0 0.584375 0.646875 0.878125 0.646875 0.878125 1.0 0.584375 1.0
0 0.196875 0.746875 0.590625 0.746875 0.590625 1.0 0.196875 1.0
0 0.434375 0.971875 0.515625 0.971875 0.515625 1.0 0.434375 1.0
0 0.0 0.184375 0.115625 0.184375 0.115625 0.415625 0.0 0.415625
0 0.696875 0.496875 0.940625 0.496875 0.940625 0.740625 0.696875 0.740625
0 0.134375 0.196875 0.378125 0.196875 0.378125 0.428125 0.134375 0.428125
0 0.0 0.871875 0.140625 0.871875 0.140625 1.0 0.0 1.0
0 0.959375 0.946875 1.0 0.946875 1.0 1.0 0.959375 1.0
