0 0.0 0.659375 0.228125 0.659375 0.228125 0.990625 0.0 0.990625
0 0.0 0.634375 0.228125 0.634375 0.228125 0.853125 0.0 0.853125
0 0.184375 0.659375 0.528125 0.659375 0.528125 0.928125 0.184375 0.928125
0 0.284375 0.271875 0.590625 0.271875 0.590625 0.553125 0.284375 0.553125
0 0.396875 0.109375 0.703125 0.109375 0.703125 0.415625 0.396875 0.415625
0 0.959375 0.971875 1.0 0.971875 1.0 1.0 0.959375 1.0
0 0.084375 0.121875 0.440625 0.121875 0.440625 0.390625 0.084375 0.390625
0 0.496875 0.584375 0.790625 0.584375 0.790625 0.853125 0.496875 0.853125
0 0.684375 0.259375 0.865625 0.259375 0.865625 0.465625 0.684375 0.465625
0 0.746875 0.0 0.940625 0.0 0.940625 0.128125 0.746875 0.128125
0 0.0 0.009375 0.178125 0.009375 0.178125 0.178125 0.0 0.178125
0 0.634375 0.859375 0.878125 0.859375 0.878125 1.0 0.634375 1.0
0 0.096875 0.534375 0.490625 0.534375 0.490625 0.753125 0.096875 0.753125
0 0.734375 0.434375 1.0 0.434375 1.0 0.703125 0.734375 0.703125
0 0.159375 0.0 0.540625 0.0 0.540625 0.240625 0.159375 0.240625
0 0.909375 0.0 1.0 0.0 1.0 0.265625 0.909375 0.265625
