0 0.159375 0.384375 0.440625 0.384375 0.440625 0.728125 0.159375 0.728125
0 0.159375 0.184375 0.440625 0.184375 0.440625 0.428125 0.159375 0.428125
0 0.884375 0.896875 1.0 0.896875 1.0 1.0 0.884375 1.0
0 0.0 0.209375 0.278125 0.209375 0.278125 0.415625 0.0 0.415625
0 0.484375 0.946875 0.628125 0.946875 0.628125 1.0 0.484375 1.0
0 0.934375 0.834375 1.0 0.834375 1.0 0.990625 0.934375 0.990625
0 0.921875 0.059375 1.0 0.059375 1.0 0.265625 0.921875 0.265625
0 0.0 0.046875 0.215625 0.046875 0.215625 0.278125 0.0 0.278125
0 0.009375 0.434375 0.265625 0.434375 0.265625 0.665625 0.009375 0.665625
0 0.234375 0.871875 0.478125 0.871875 0.478125 1.0 0.234375 1.0
0 0.359375 0.734375 0.665625 0.734375 0.665625 1.0 0.359375 1.0
0 0.934375 0.671875 1.0 0.671875 1.0 0.865625 0.934375 0.865625
0 0.0 0.559375 0.190625 0.559375 0.190625 0.828125 0.0 0.828125
0 0.671875 0.221875 0.865625 0.221875 0.865625 0.390625 0.671875 0.390625
0 0.221875 0.009375 0.390625 0.009375 0.390625 0.203125 0.221875 0.203125
0 0.534375 0.321875 0.853125 0.321875 0.853125 0.615625 0.534375 0.615625
0 0.334375 0.009375 0.640625 0.009375 0.640625 0.303125 0.334375 0.303125
0 0.521875 0.0 0.853125 0.0 0.853125 0.253125 0.521875 0.253125
0 0.0 0.021875 0.178125 0.021875 0.178125 0.253125 0.0 0.253125
0 0.734375 0.821875 0.940625 0.821875 0.940625 1.0 0.734375 1.0
0 0.209375 0.171875 0.553125 0.171875 0.553125 0.428125 0.209375 0.428125
0 0.759375 0.034375 1.0 0.034375 1.0 0.328125 0.759375 0.328125
