0 0.209375 0.771875 0.490625 0.771875 0.490625 1.0 0.209375 1.0
0 0.321875 0.146875 0.603125 0.146875 0.603125 0.353125 0.321875 0.353125
0 0.709375 0.0 0.953125 0.0 0.953125 0.253125 0.709375 0.253125
0 0.959375 0.021875 1.0 0.021875 1.0 0.153125 0.959375 0.153125
0 0.909375 0.921875 1.0 0.921875 1.0 1.0 0.909375 1.0
0 0.184375 0.171875 0.390625 0.171875 0.390625 0.440625 0.184375 0.440625
0 0.246875 0.0 0.465625 0.0 0.465625 0.128125 0.246875 0.128125
0 0.584375 0.121875 0.853125 0.121875 0.853125 0.390625 0.584375 0.390625
0 0.059375 0.621875 0.365625 0.621875 0.365625 0.890625 0.059375 0.890625
0 0.634375 0.0 0.803125 0.0 0.803125 0.115625 0.634375 0.115625
0 0.921875 0.984375 0.965625 0.984375 0.965625 1.0 0.921875 1.0
0 0.859375 0.496875 1.0 0.496875 1.0 0.728125 0.859375 0.728125
0 0.034375 0.184375 0.265625 0.184375 0.265625 0.390625 0.034375 0.390625
0 0.796875 0.0 1.0 0.0 1.0 0.303125 0.796875 0.303125
0 0.296875 0.221875 0.640625 0.221875 0.640625 0.503125 0.296875 0.503125
0 0.0 0.559375 0.240625 0.559375 0.240625 0.765625 0.0 0.765625
0 0.059375 0.134375 0.378125 0.134375 0.378125 0.315625 0.059375 0.315625
