0 0.096875 0.0 0.465625 0.0 0.465625 0.228125 0.096875 0.228125
0 0.0 0.0 0.240625 0.0 0.240625 0.140625 0.0 0.140625
0 0.0 0.309375 0.140625 0.309375 0.140625 0.503125 0.0 0.503125
0 0.034375 0.0 0.440625 0.0 0.440625 0.140625 0.034375 0.140625
0 0.084375 0.534375 0.490625 0.534375 0.490625 0.978125 0.084375 0.978125
0 0.846875 0.0 1.0 0.0 1.0 0.090625 0.846875 0.090625
0 0.009375 0.109375 0.440625 0.109375 0.440625 0.553125 0.009375 0.553125
0 0.321875 0.371875 0.640625 0.371875 0.640625 0.615625 0.321875 0.615625
0 0.0 0.571875 0.378125 0.571875 0.378125 0.865625 0.0 0.865625
0 0.809375 0.246875 1.0 0.246875 1.0 0.628125 0.809375 0.628125
0 0.421875 0.0 0.890625 0.0 0.890625 0.390625 0.421875 0.390625
0 0.259375 0.034375 0.690625 0.034375 0.690625 0.415625 0.259375 0.415625
0 0.321875 0.584375 0.865625 0.584375 0.865625 0.990625 0.321875 0.990625
