0 0.696875 0.309375 0.865625 0.309375 0.865625 0.540625 0.696875 0.540625
0 0.771875 0.296875 1.0 0.296875 1.0 0.565625 0.771875 0.565625
0 0.0 0.396875 0.328125 0.396875 0.328125 0.690625 0.0 0.690625
0 0.309375 0.246875 0.578125 0.246875 0.578125 0.428125 0.309375 0.428125
0 0.371875 0.384375 0.603125 0.384375 0.603125 0.590625 0.371875 0.590625
0 0.171875 0.696875 0.453125 0.696875 0.453125 0.940625 0.171875 0.940625
0 0.246875 0.196875 0.465625 0.196875 0.465625 0.465625 0.246875 0.465625
0 0.709375 0.521875 0.990625 0.521875 0.990625 0.740625 0.709375 0.740625
0 0.084375 0.709375 0.303125 0.709375 0.303125 0.978125 0.084375 0.978125
0 0.209375 0.546875 0.478125 0.546875 0.478125 0.815625 0.209375 0.815625
0 0.471875 0.971875 0.553125 0.971875 0.553125 1.0 0.471875 1.0
0 0.771875 0.634375 0.978125 0.634375 0.978125 0.853125 0.771875 0.853125
0 0.471875 0.209375 0.740625 0.209375 0.740625 0.440625 0.471875 0.440625
0 0.946875 0.771875 1.0 0.771875 1.0 0.928125 0.946875 0.928125
0 0.496875 0.946875 0.628125 0.946875 0.628125 1.0 0.496875 1.0
0 0.471875 0.734375 0.790625 0.734375 0.790625 0.965625 0.471875 0.965625
0 0.984375 0.984375 1.0 0.984375 1.0 1.0 0.984375 1.0
0 0.171875 0.896875 0.490625 0.896875 0.490625 1.0 0.171875 1.0
