0 0.246875 0.659375 0.553125 0.659375 0.553125 0.878125 0.246875 0.878125
0 0.0 0.696875 0.303125 0.696875 0.303125 0.903125 0.0 0.903125
0 0.434375 0.796875 0.665625 0.796875 0.665625 1.0 0.434375 1.0
0 0.559375 0.871875 0.853125 0.871875 0.853125 1.0 0.559375 1.0
0 0.521875 0.696875 0.765625 0.696875 0.765625 0.990625 0.521875 0.990625
0 0.246875 0.0 0.553125 0.0 0.553125 0.103125 0.246875 0.103125
0 0.909375 0.746875 1.0 0.746875 1.0 0.928125 0.909375 0.928125
0 0.746875 0.109375 1.0 0.109375 1.0 0.403125 0.746875 0.403125
0 0.896875 0.446875 1.0 0.446875 1.0 0.665625 0.896875 0.665625
0 0.284375 0.371875 0.528125 0.371875 0.528125 0.603125 0.284375 0.603125
0 0.496875 0.434375 0.765625 0.434375 0.765625 0.665625 0.496875 0.665625
0 0.759375 0.746875 1.0 0.746875 1.0 1.0 0.759375 1.0
0 0.409375 0.021875 0.590625 0.021875 0.590625 0.215625 0.409375 0.215625
0 0.759375 0.0 0.915625 0.0 0.915625 0.178125 0.759375 0.178125
0 0.134375 0.571875 0.328125 0.571875 0.328125 0.728125 0.134375 0.728125
0 0.0 0.821875 0.340625 0.821875 0.340625 1.0 0.0 1.0
0 0.646875 0.734375 0.828125 0.734375 0.828125 0.903125 0.646875 0.903125
0 0.259375 0.546875 0.528125 0.546875 0.528125 0.715625 0.259375 0.715625
0 0.421875 0.221875 0.753125 0.221875 0.753125 0.453125 0.421875 0.453125
0 0.0 0.284375 0.353125 0.284375 0.353125 0.540625 0.0 0.540625
