0 0.0 0.0 0.240625 0.0 0.240625 0.253125 0.0 0.253125
0 0.959375 0.434375 1.0 0.434375 1.0 0.503125 0.959375 0.503125
0 0.146875 0.271875 0.528125 0.271875 0.528125 0.603125 0.146875 0.603125
0 0.609375 0.634375 0.915625 0.634375 0.915625 0.978125 0.609375 0.978125
0 0.0 0.459375 0.303125 0.459375 0.303125 0.778125 0.0 0.778125
0 0.796875 0.721875 1.0 0.721875 1.0 1.0 0.796875 1.0
0 0.234375 0.734375 0.553125 0.734375 0.553125 1.0 0.234375 1.0
0 0.334375 0.146875 0.603125 0.146875 0.603125 0.353125 0.334375 0.353125
0 0.959375 0.059375 1.0 0.059375 1.0 0.165625 0.959375 0.165625
0 0.471875 0.084375 0.703125 0.084375 0.703125 0.303125 0.471875 0.303125
0 0.584375 0.0 0.790625 0.0 0.790625 0.190625 0.584375 0.190625
0 0.471875 0.646875 0.715625 0.646875 0.715625 0.878125 0.471875 0.878125
0 0.659375 0.421875 0.965625 0.421875 0.965625 0.703125 0.659375 0.703125
0 0.046875 0.234375 0.378125 0.234375 0.378125 0.465625 0.046875 0.465625
0 0.0 0.734375 0.240625 0.734375 0.240625 0.978125 0.0 0.978125
