0 0.021875 0.659375 0.353125 0.659375 0.353125 0.853125 0.021875 0.853125
0 0.771875 0.496875 1.0 0.496875 1.0 0.740625 0.771875 0.740625
0 0.684375 0.846875 0.940625 0.846875 0.940625 1.0 0.684375 1.0
0 0.0 0.859375 0.240625 0.859375 0.240625 1.0 0.0 1.0
0 0.334375 0.984375 0.365625 0.984375 0.365625 1.0 0.334375 1.0
0 0.846875 0.821875 1.0 0.821875 1.0 1.0 0.846875 1.0
0 0.121875 0.096875 0.428125 0.096875 0.428125 0.378125 0.121875 0.378125
0 0.396875 0.0 0.690625 0.0 0.690625 0.128125 0.396875 0.128125
0 0.0 0.721875 0.265625 0.721875 0.265625 0.915625 0.0 0.915625
0 0.559375 0.234375 0.878125 0.234375 0.878125 0.453125 0.559375 0.453125
0 0.146875 0.296875 0.528125 0.296875 0.528125 0.565625 0.146875 0.565625
0 0.209375 0.971875 0.290625 0.971875 0.290625 1.0 0.209375 1.0
0 0.696875 0.684375 0.940625 0.684375 0.940625 0.903125 0.696875 0.903125
0 0.746875 0.346875 0.953125 0.346875 0.953125 0.540625 0.746875 0.540625
0 0.521875 0.109375 0.815625 0.109375 0.815625 0.328125 0.521875 0.328125
