0 0.0 0.0 0.403125 0.0 0.403125 0.190625 0.0 0.190625
0 0.396875 0.559375 0.790625 0.559375 0.790625 0.928125 0.396875 0.928125
0 0.084375 0.984375 0.153125 0.984375 0.153125 1.0 0.084375 1.0
0 0.646875 0.034375 1.0 0.034375 1.0 0.465625 0.646875 0.465625
0 0.634375 0.659375 1.0 0.659375 1.0 1.0 0.634375 1.0
0 0.571875 0.0 1.0 0.0 1.0 0.240625 0.571875 0.240625
0 0.046875 0.196875 0.553125 0.196875 0.553125 0.578125 0.046875 0.578125
0 0.221875 0.446875 0.640625 0.446875 0.640625 0.853125 0.221875 0.853125
0 0.759375 0.959375 0.890625 0.959375 0.890625 1.0 0.759375 1.0
0 0.084375 0.784375 0.603125 0.784375 0.603125 1.0 0.084375 1.0
0 0.884375 0.846875 1.0 0.846875 1.0 1.0 0.884375 1.0
