0 0.309375 0.959375 0.365625 0.959375 0.365625 1.0 0.309375 1.0
0 0.734375 0.096875 0.940625 0.096875 0.940625 0.315625 0.734375 0.315625
0 0.0 0.0 0.365625 0.0 0.365625 0.165625 0.0 0.165625
0 0.371875 0.159375 0.678125 0.159375 0.678125 0.515625 0.371875 0.515625
0 0.184375 0.371875 0.465625 0.371875 0.465625 0.690625 0.184375 0.690625
0 0.071875 0.959375 0.190625 0.959375 0.190625 1.0 0.071875 1.0
0 0.309375 0.159375 0.553125 0.159375 0.553125 0.428125 0.309375 0.428125
0 0.871875 0.009375 1.0 0.009375 1.0 0.190625 0.871875 0.190625
0 0.196875 0.846875 0.565625 0.846875 0.565625 1.0 0.196875 1.0
0 0.621875 0.0 0.915625 0.0 0.915625 0.215625 0.621875 0.215625
0 0.0 0.609375 0.378125 0.609375 0.378125 0.853125 0.0 0.853125
