0 0.746875 0.709375 1.0 0.709375 1.0 1.0 0.746875 1.0
0 0.046875 0.0 0.315625 0.0 0.315625 0.178125 0.046875 0.178125
0 0.0 0.846875 0.165625 0.846875 0.165625 1.0 0.0 1.0
0 0.0 0.0 0.240625 0.0 0.240625 0.265625 0.0 0.265625
0 0.196875 0.0 0.515625 0.0 0.515625 0.228125 0.196875 0.228125
0 0.621875 0.509375 1.0 0.509375 1.0 0.840625 0.621875 0.840625
0 0.634375 0.309375 0.953125 0.309375 0.953125 0.553125 0.634375 0.553125
0 0.021875 0.546875 0.315625 0.546875 0.315625 0.790625 0.021875 0.790625
0 0.146875 0.746875 0.640625 0.746875 0.640625 1.0 0.146875 1.0
0 0.009375 0.846875 0.240625 0.846875 0.240625 1.0 0.009375 1.0
