0 0.346875 0.684375 0.603125 0.684375 0.603125 0.865625 0.346875 0.865625
0 0.121875 0.0 0.440625 0.0 0.440625 0.190625 0.121875 0.190625
0 0.159375 0.909375 0.415625 0.909375 0.415625 1.0 0.159375 1.0
0 0.184375 0.359375 0.503125 0.359375 0.503125 0.653125 0.184375 0.653125
0 0.746875 0.859375 0.928125 0.859375 0.928125 1.0 0.746875 1.0
0 0.721875 0.0 0.928125 0.0 0.928125 0.103125 0.721875 0.103125
0 0.359375 0.534375 0.565625 0.534375 0.565625 0.740625 0.359375 0.740625
0 0.471875 0.196875 0.715625 0.196875 0.715625 0.440625 0.471875 0.440625
0 0.334375 0.146875 0.615625 0.146875 0.615625 0.403125 0.334375 0.403125
0 0.359375 0.0 0.590625 0.0 0.590625 0.190625 0.359375 0.190625
0 0.721875 0.746875 0.940625 0.746875 0.940625 0.953125 0.721875 0.953125
0 0.584375 0.559375 0.765625 0.559375 0.765625 0.753125 0.584375 0.753125
0 0.871875 0.509375 1.0 0.509375 1.0 0.703125 0.871875 0.703125
0 0.746875 0.109375 0.928125 0.109375 0.928125 0.315625 0.746875 0.315625
0 0.546875 0.346875 0.728125 0.346875 0.728125 0.515625 0.546875 0.515625
0 0.471875 0.921875 0.640625 0.921875 0.640625 1.0 0.471875 1.0
0 0.634375 0.734375 0.828125 0.734375 0.828125 0.953125 0.634375 0.953125
0 0.221875 0.259375 0.490625 0.259375 0.490625 0.465625 0.221875 0.465625
0 0.884375 0.0 1.0 0.0 1.0 0.165625 0.884375 0.165625
0 0.459375 0.184375 0.753125 0.184375 0.753125 0.378125 0.459375 0.378125
