0 0.346875 0.071875 0.728125 0.071875 0.728125 0.365625 0.346875 0.365625
0 0.521875 0.0 0.703125 0.0 0.703125 0.140625 0.521875 0.140625
0 0.521875 0.171875 0.865625 0.171875 0.865625 0.665625 0.521875 0.665625
0 0.021875 0.0 0.440625 0.0 0.440625 0.378125 0.021875 0.378125
0 0.321875 0.0 0.640625 0.0 0.640625 0.215625 0.321875 0.215625
0 0.659375 0.946875 0.728125 0.946875 0.728125 1.0 0.659375 1.0
0 0.521875 0.959375 0.553125 0.959375 0.553125 1.0 0.521875 1.0
0 0.321875 0.534375 0.603125 0.534375 0.603125 0.778125 0.321875 0.778125
0 0.396875 0.309375 0.740625 0.309375 0.740625 0.628125 0.396875 0.628125
0 0.346875 0.721875 0.790625 0.721875 0.790625 1.0 0.346875 1.0
0 0.609375 0.0 1.0 0.0 1.0 0.203125 0.609375 0.203125
0 0.0 0.784375 0.190625 0.784375 0.190625 1.0 0.0 1.0
