0 0.421875 0.309375 0.740625 0.309375 0.740625 0.628125 0.421875 0.628125
0 0.234375 0.559375 0.565625 0.559375 0.565625 0.865625 0.234375 0.865625
0 0.696875 0.371875 1.0 0.371875 1.0 0.665625 0.696875 0.665625
0 0.096875 0.034375 0.303125 0.034375 0.303125 0.240625 0.096875 0.240625
0 0.746875 0.771875 0.965625 0.771875 0.965625 1.0 0.746875 1.0
0 0.0 0.471875 0.290625 0.471875 0.290625 0.678125 0.0 0.678125
0 0.259375 0.296875 0.565625 0.296875 0.565625 0.528125 0.259375 0.528125
0 0.646875 0.746875 0.903125 0.746875 0.903125 0.990625 0.646875 0.990625
0 0.934375 0.784375 1.0 0.784375 1.0 0.940625 0.934375 0.940625
0 0.0 0.571875 0.315625 0.571875 0.315625 0.803125 0.0 0.803125
