0 0.0 0.421875 0.440625 0.421875 0.440625 0.803125 0.0 0.803125
0 0.059375 0.0 0.540625 0.0 0.540625 0.203125 0.059375 0.203125
0 0.196875 0.196875 0.628125 0.196875 0.628125 0.528125 0.196875 0.528125
0 0.909375 0.721875 1.0 0.721875 1.0 0.878125 0.909375 0.878125
0 0.0 0.909375 0.203125 0.909375 0.203125 1.0 0.0 1.0
0 0.0 0.0 0.203125 0.0 0.203125 0.140625 0.0 0.140625
0 0.621875 0.284375 1.0 0.284375 1.0 0.565625 0.621875 0.565625
0 0.534375 0.471875 0.928125 0.471875 0.928125 0.828125 0.534375 0.828125
0 0.709375 0.0 1.0 0.0 1.0 0.328125 0.709375 0.328125
0 0.834375 0.571875 1.0 0.571875 1.0 0.865625 0.834375 0.865625
