0 0.559375 0.596875 0.790625 0.596875 0.790625 0.865625 0.559375 0.865625
0 0.0 0.321875 0.190625 0.321875 0.190625 0.553125 0.0 0.553125
0 0.534375 0.396875 0.815625 0.396875 0.815625 0.728125 0.534375 0.728125
0 0.221875 0.134375 0.515625 0.134375 0.515625 0.478125 0.221875 0.478125
0 0.284375 0.734375 0.515625 0.734375 0.515625 0.953125 0.284375 0.953125
0 0.734375 0.784375 0.965625 0.784375 0.965625 0.990625 0.734375 0.990625
0 0.309375 0.471875 0.615625 0.471875 0.615625 0.728125 0.309375 0.728125
0 0.446875 0.471875 0.615625 0.471875 0.615625 0.665625 0.446875 0.665625
0 0.0 0.209375 0.240625 0.209375 0.240625 0.428125 0.0 0.428125
0 0.884375 0.809375 1.0 0.809375 1.0 1.0 0.884375 1.0
0 0.834375 0.084375 1.0 0.084375 1.0 0.378125 0.834375 0.378125
0 0.059375 0.784375 0.328125 0.784375 0.328125 1.0 0.059375 1.0
0 0.496875 0.034375 0.753125 0.034375 0.753125 0.265625 0.496875 0.265625
0 0.659375 0.721875 0.840625 0.721875 0.840625 0.953125 0.659375 0.953125
0 0.284375 0.921875 0.540625 0.921875 0.540625 1.0 0.284375 1.0
0 0.584375 0.859375 0.790625 0.859375 0.790625 1.0 0.584375 1.0
0 0.896875 0.571875 1.0 0.571875 1.0 0.715625 0.896875 0.715625
0 0.321875 0.0 0.590625 0.0 0.590625 0.190625 0.321875 0.190625
0 0.784375 0.346875 1.0 0.346875 1.0 0.603125 0.784375 0.603125
0 0.084375 0.759375 0.440625 0.759375 0.440625 0.965625 0.084375 0.965625
0 0.409375 0.134375 0.703125 0.134375 0.703125 0.390625 0.409375 0.390625
