0 0.809375 0.071875 1.0 0.071875 1.0 0.340625 0.809375 0.340625
0 0.621875 0.134375 0.928125 0.134375 0.928125 0.378125 0.621875 0.378125
0 0.221875 0.496875 0.490625 0.496875 0.490625 0.690625 0.221875 0.690625
0 0.759375 0.584375 1.0 0.584375 1.0 0.865625 0.759375 0.865625
0 0.271875 0.271875 0.565625 0.271875 0.565625 0.578125 0.271875 0.578125
0 0.121875 0.934375 0.303125 0.934375 0.303125 1.0 0.121875 1.0
0 0.496875 0.0 0.740625 0.0 0.740625 0.165625 0.496875 0.165625
0 0.371875 0.046875 0.640625 0.046875 0.640625 0.290625 0.371875 0.290625
0 0.959375 0.184375 1.0 0.184375 1.0 0.353125 0.959375 0.353125
0 0.184375 0.009375 0.415625 0.009375 0.415625 0.203125 0.184375 0.203125
0 0.859375 0.309375 1.0 0.309375 1.0 0.540625 0.859375 0.540625
0 0.584375 0.509375 0.728125 0.509375 0.728125 0.703125 0.584375 0.703125
0 0.134375 0.059375 0.328125 0.059375 0.328125 0.240625 0.134375 0.240625
0 0.784375 0.946875 0.953125 0.946875 0.953125 1.0 0.784375 1.0
0 0.259375 0.0 0.503125 0.0 0.503125 0.190625 0.259375 0.190625
0 0.696875 0.284375 0.915625 0.284375 0.915625 0.503125 0.696875 0.503125
