0 0.859375 0.734375 1.0 0.734375 1.0 0.978125 0.859375 0.978125
0 0.409375 0.184375 0.778125 0.184375 0.778125 0.528125 0.409375 0.528125
0 0.584375 0.0 0.990625 0.0 0.990625 0.465625 0.584375 0.465625
0 0.521875 0.671875 0.853125 0.671875 0.853125 1.0 0.521875 1.0
0 0.196875 0.671875 0.590625 0.671875 0.590625 1.0 0.196875 1.0
0 0.721875 0.496875 1.0 0.496875 1.0 0.828125 0.721875 0.828125
0 0.534375 0.959375 0.590625 0.959375 0.590625 1.0 0.534375 1.0
0 0.0 0.071875 0.290625 0.071875 0.290625 0.303125 0.0 0.303125
0 0.034375 0.0 0.278125 0.0 0.278125 0.115625 0.034375 0.115625
0 0.0 0.384375 0.315625 0.384375 0.315625 0.715625 0.0 0.715625
