0 0.884375 0.171875 1.0 0.171875 1.0 0.303125 0.884375 0.303125
0 0.884375 0.0 1.0 0.0 1.0 0.203125 0.884375 0.203125
0 0.196875 0.0 0.490625 0.0 0.490625 0.165625 0.196875 0.165625
0 0.659375 0.796875 0.915625 0.796875 0.915625 1.0 0.659375 1.0
0 0.121875 0.071875 0.390625 0.071875 0.390625 0.290625 0.121875 0.290625
0 0.096875 0.0 0.315625 0.0 0.315625 0.128125 0.096875 0.128125
0 0.209375 0.546875 0.428125 0.546875 0.428125 0.765625 0.209375 0.765625
0 0.684375 0.0 0.928125 0.0 0.928125 0.240625 0.684375 0.240625
0 0.084375 0.621875 0.253125 0.621875 0.253125 0.790625 0.084375 0.790625
0 0.559375 0.634375 0.865625 0.634375 0.865625 0.828125 0.559375 0.828125
0 0.171875 0.921875 0.515625 0.921875 0.515625 1.0 0.171875 1.0
0 0.409375 0.584375 0.678125 0.584375 0.678125 0.815625 0.409375 0.815625
0 0.921875 0.834375 1.0 0.834375 1.0 1.0 0.921875 1.0
0 0.184375 0.384375 0.515625 0.384375 0.515625 0.565625 0.184375 0.565625
0 0.159375 0.809375 0.503125 0.809375 0.503125 1.0 0.159375 1.0
0 0.484375 0.759375 0.728125 0.759375 0.728125 0.953125 0.484375 0.953125
0 0.884375 0.296875 1.0 0.296875 1.0 0.515625 0.884375 0.515625
0 0.259375 0.446875 0.590625 0.446875 0.590625 0.653125 0.259375 0.653125
