0 0.321875 0.0 0.915625 0.0 0.915625 0.315625 0.321875 0.315625
0 0.509375 0.346875 0.740625 0.346875 0.740625 0.653125 0.509375 0.653125
0 0.0 0.0 0.165625 0.0 0.165625 0.240625 0.0 0.240625
0 0.546875 0.284375 1.0 0.284375 1.0 0.840625 0.546875 0.840625
0 0.0 0.446875 0.378125 0.446875 0.378125 0.903125 0.0 0.903125
0 0.334375 0.171875 0.753125 0.171875 0.753125 0.565625 0.334375 0.565625
0 0.521875 0.746875 0.840625 0.746875 0.840625 1.0 0.521875 1.0
0 0.496875 0.871875 0.715625 0.871875 0.715625 1.0 0.496875 1.0
0 0.559375 0.884375 0.865625 0.884375 0.865625 1.0 0.559375 1.0
0 0.0 0.771875 0.278125 0.771875 0.278125 1.0 0.0 1.0
