0 0.496875 0.0 0.803125 0.0 0.803125 0.128125 0.496875 0.128125
0 0.684375 0.771875 0.928125 0.771875 0.928125 1.0 0.684375 1.0
0 0.384375 0.321875 0.603125 0.321875 0.603125 0.515625 0.384375 0.515625
0 0.921875 0.896875 1.0 0.896875 1.0 1.0 0.921875 1.0
0 0.459375 0.596875 0.740625 0.596875 0.740625 0.815625 0.459375 0.815625
0 0.259375 0.0 0.540625 0.0 0.540625 0.240625 0.259375 0.240625
0 0.434375 0.984375 0.453125 0.984375 0.453125 1.0 0.434375 1.0
0 0.371875 0.809375 0.628125 0.809375 0.628125 1.0 0.371875 1.0
0 0.459375 0.221875 0.765625 0.221875 0.765625 0.465625 0.459375 0.465625
0 0.796875 0.334375 0.953125 0.334375 0.953125 0.515625 0.796875 0.515625
0 0.221875 0.334375 0.478125 0.334375 0.478125 0.565625 0.221875 0.565625
0 0.746875 0.921875 0.928125 0.921875 0.928125 1.0 0.746875 1.0
