0 0.821875 0.409375 1.0 0.409375 1.0 0.715625 0.821875 0.715625
0 0.121875 0.0 0.440625 0.0 0.440625 0.178125 0.121875 0.178125
0 0.234375 0.146875 0.578125 0.146875 0.578125 0.440625 0.234375 0.440625
0 0.084375 0.821875 0.365625 0.821875 0.365625 1.0 0.084375 1.0
0 0.0 0.121875 0.240625 0.121875 0.240625 0.403125 0.0 0.403125
0 0.009375 0.384375 0.328125 0.384375 0.328125 0.653125 0.009375 0.653125
0 0.634375 0.434375 0.915625 0.434375 0.915625 0.703125 0.634375 0.703125
0 0.971875 0.121875 1.0 0.121875 1.0 0.240625 0.971875 0.240625
0 0.871875 0.284375 1.0 0.284375 1.0 0.478125 0.871875 0.478125
0 0.746875 0.0 1.0 0.0 1.0 0.240625 0.746875 0.240625
0 0.0 0.709375 0.240625 0.709375 0.240625 0.903125 0.0 0.903125
0 0.459375 0.0 0.803125 0.0 0.803125 0.303125 0.459375 0.303125
0 0.0 0.884375 0.165625 0.884375 0.165625 1.0 0.0 1.0
0 0.284375 0.784375 0.665625 0.784375 0.665625 1.0 0.284375 1.0
0 0.384375 0.534375 0.753125 0.534375 0.753125 0.803125 0.384375 0.803125
0 0.196875 0.896875 0.515625 0.896875 0.515625 1.0 0.196875 1.0
