0 0.059375 0.646875 0.378125 0.646875 0.378125 0.965625 0.059375 0.965625
0 0.059375 0.496875 0.403125 0.496875 0.403125 0.753125 0.059375 0.753125
0 0.0 0.209375 0.190625 0.209375 0.190625 0.478125 0.0 0.478125
0 0.171875 0.021875 0.503125 0.021875 0.503125 0.290625 0.171875 0.290625
0 0.571875 0.0 0.815625 0.0 0.815625 0.228125 0.571875 0.228125
0 0.759375 0.334375 1.0 0.334375 1.0 0.665625 0.759375 0.665625
0 0.021875 0.346875 0.315625 0.346875 0.315625 0.578125 0.021875 0.578125
0 0.696875 0.0 0.890625 0.0 0.890625 0.190625 0.696875 0.190625
0 0.446875 0.0 0.703125 0.0 0.703125 0.303125 0.446875 0.303125
0 0.909375 0.934375 1.0 0.934375 1.0 1.0 0.909375 1.0
0 0.559375 0.259375 0.765625 0.259375 0.765625 0.453125 0.559375 0.453125
0 0.771875 0.246875 0.953125 0.246875 0.953125 0.440625 0.771875 0.440625
0 0.896875 0.209375 1.0 0.209375 1.0 0.440625 0.896875 0.440625
0 0.0 0.096875 0.315625 0.096875 0.315625 0.315625 0.0 0.315625
0 0.034375 0.921875 0.315625 0.921875 0.315625 1.0 0.034375 1.0
0 0.509375 0.409375 0.828125 0.409375 0.828125 0.678125 0.509375 0.678125
