0 0.0 0.796875 0.290625 0.796875 0.290625 1.0 0.0 1.0
0 0.971875 0.0 1.0 0.0 1.0 0.065625 0.971875 0.065625
0 0.346875 0.484375 0.590625 0.484375 0.590625 0.665625 0.346875 0.665625
0 0.434375 0.0 0.703125 0.0 0.703125 0.203125 0.434375 0.203125
0 0.434375 0.046875 0.728125 0.046875 0.728125 0.340625 0.434375 0.340625
0 0.096875 0.146875 0.390625 0.146875 0.390625 0.390625 0.096875 0.390625
0 0.696875 0.659375 0.928125 0.659375 0.928125 0.903125 0.696875 0.903125
0 0.134375 0.584375 0.390625 0.584375 0.390625 0.865625 0.134375 0.865625
0 0.309375 0.584375 0.590625 0.584375 0.590625 0.815625 0.309375 0.815625
0 0.834375 0.546875 1.0 0.546875 1.0 0.778125 0.834375 0.778125
0 0.284375 0.0 0.503125 0.0 0.503125 0.215625 0.284375 0.215625
0 0.896875 0.284375 1.0 0.284375 1.0 0.465625 0.896875 0.465625
0 0.909375 0.796875 1.0 0.796875 1.0 0.990625 0.909375 0.990625
0 0.509375 0.721875 0.753125 0.721875 0.753125 0.940625 0.509375 0.940625
0 0.946875 0.446875 1.0 0.446875 1.0 0.603125 0.946875 0.603125
0 0.909375 0.371875 1.0 0.371875 1.0 0.528125 0.909375 0.528125
0 0.459375 0.971875 0.515625 0.971875 0.515625 1.0 0.459375 1.0
0 0.709375 0.0 0.928125 0.0 0.928125 0.203125 0.709375 0.203125
