0 0.496875 0.896875 0.815625 0.896875 0.815625 1.0 0.496875 1.0
0 0.609375 0.771875 0.865625 0.771875 0.865625 1.0 0.609375 1.0
0 0.059375 0.721875 0.390625 0.721875 0.390625 0.990625 0.059375 0.990625
0 0.659375 0.346875 0.953125 0.346875 0.953125 0.678125 0.659375 0.678125
0 0.071875 0.109375 0.290625 0.109375 0.290625 0.390625 0.071875 0.390625
0 0.246875 0.121875 0.565625 0.121875 0.565625 0.390625 0.246875 0.390625
0 0.496875 0.146875 0.815625 0.146875 0.815625 0.403125 0.496875 0.403125
0 0.059375 0.071875 0.340625 0.071875 0.340625 0.328125 0.059375 0.328125
0 0.409375 0.346875 0.740625 0.346875 0.740625 0.690625 0.409375 0.690625
0 0.209375 0.146875 0.478125 0.146875 0.478125 0.440625 0.209375 0.440625
0 0.321875 0.696875 0.665625 0.696875 0.665625 0.953125 0.321875 0.953125
0 0.796875 0.696875 1.0 0.696875 1.0 0.978125 0.796875 0.978125
0 0.134375 0.471875 0.515625 0.471875 0.515625 0.740625 0.134375 0.740625
0 0.209375 0.0 0.540625 0.0 0.540625 0.190625 0.209375 0.190625
0 0.0 0.346875 0.265625 0.346875 0.265625 0.615625 0.0 0.615625
