0 0.334375 0.909375 0.653125 0.909375 0.653125 1.0 0.334375 1.0
0 0.071875 0.571875 0.353125 0.571875 0.353125 0.828125 0.071875 0.828125
0 0.684375 0.771875 0.978125 0.771875 0.978125 1.0 0.684375 1.0
0 0.934375 0.259375 1.0 0.259375 1.0 0.453125 0.934375 0.453125
0 0.221875 0.871875 0.428125 0.871875 0.428125 1.0 0.221875 1.0
0 0.759375 0.646875 1.0 0.646875 1.0 0.853125 0.759375 0.853125
0 0.621875 0.0 0.928125 0.0 0.928125 0.253125 0.621875 0.253125
0 0.409375 0.0 0.715625 0.0 0.715625 0.115625 0.409375 0.115625
0 0.009375 0.971875 0.153125 0.971875 0.153125 1.0 0.009375 1.0
0 0.396875 0.246875 0.815625 0.246875 0.815625 0.628125 0.396875 0.628125
