0 0.846875 0.209375 1.0 0.209375 1.0 0.503125 0.846875 0.503125
0 0.234375 0.0 0.565625 0.0 0.565625 0.178125 0.234375 0.178125
0 0.884375 0.584375 1.0 0.584375 1.0 0.828125 0.884375 0.828125
0 0.184375 0.971875 0.303125 0.971875 0.303125 1.0 0.184375 1.0
0 0.534375 0.271875 0.978125 0.271875 0.978125 0.628125 0.534375 0.628125
0 0.009375 0.096875 0.328125 0.096875 0.328125 0.365625 0.009375 0.365625
0 0.234375 0.096875 0.453125 0.096875 0.453125 0.365625 0.234375 0.365625
0 0.459375 0.421875 0.753125 0.421875 0.753125 0.740625 0.459375 0.740625
0 0.571875 0.784375 0.903125 0.784375 0.903125 1.0 0.571875 1.0
0 0.209375 0.721875 0.603125 0.721875 0.603125 1.0 0.209375 1.0
0 0.0 0.609375 0.303125 0.609375 0.303125 0.878125 0.0 0.878125
0 0.334375 0.184375 0.728125 0.184375 0.728125 0.478125 0.334375 0.478125
