0 0.759375 0.196875 1.0 0.196875 1.0 0.440625 0.759375 0.440625
0 0.134375 0.659375 0.465625 0.659375 0.465625 0.878125 0.134375 0.878125
0 0.071875 0.246875 0.353125 0.246875 0.353125 0.490625 0.071875 0.490625
0 0.621875 0.596875 0.865625 0.596875 0.865625 0.853125 0.621875 0.853125
0 0.884375 0.709375 1.0 0.709375 1.0 0.965625 0.884375 0.965625
0 0.571875 0.0 0.815625 0.0 0.815625 0.103125 0.571875 0.103125
0 0.309375 0.521875 0.578125 0.521875 0.578125 0.753125 0.309375 0.753125
0 0.184375 0.571875 0.378125 0.571875 0.378125 0.753125 0.184375 0.753125
0 0.521875 0.784375 0.765625 0.784375 0.765625 0.978125 0.521875 0.978125
0 0.896875 0.134375 1.0 0.134375 1.0 0.328125 0.896875 0.328125
0 0.534375 0.296875 0.690625 0.296875 0.690625 0.478125 0.534375 0.478125
0 0.221875 0.134375 0.415625 0.134375 0.415625 0.303125 0.221875 0.303125
0 0.921875 0.421875 1.0 0.421875 1.0 0.565625 0.921875 0.565625
0 0.871875 0.959375 0.928125 0.959375 0.928125 1.0 0.871875 1.0
0 0.496875 0.659375 0.715625 0.659375 0.715625 0.840625 0.496875 0.840625
0 0.359375 0.321875 0.640625 0.321875 0.640625 0.553125 0.359375 0.553125
0 0.746875 0.409375 0.928125 0.409375 0.928125 0.603125 0.746875 0.603125
0 0.859375 0.459375 1.0 0.459375 1.0 0.678125 0.859375 0.678125
