0 0.596875 0.709375 0.903125 0.709375 0.903125 0.953125 0.596875 0.953125
0 0.196875 0.071875 0.453125 0.071875 0.453125 0.365625 0.196875 0.365625
0 0.346875 0.684375 0.653125 0.684375 0.653125 0.940625 0.346875 0.940625
0 0.759375 0.634375 1.0 0.634375 1.0 0.878125 0.759375 0.878125
0 0.121875 0.721875 0.353125 0.721875 0.353125 0.940625 0.121875 0.940625
0 0.584375 0.534375 0.878125 0.534375 0.878125 0.753125 0.584375 0.753125
0 0.859375 0.884375 1.0 0.884375 1.0 1.0 0.859375 1.0
0 0.784375 0.359375 0.965625 0.359375 0.965625 0.540625 0.784375 0.540625
0 0.871875 0.384375 1.0 0.384375 1.0 0.565625 0.871875 0.565625
0 0.221875 0.521875 0.515625 0.521875 0.515625 0.728125 0.221875 0.728125
0 0.596875 0.159375 0.878125 0.159375 0.878125 0.403125 0.596875 0.403125
