0 0.521875 0.109375 0.778125 0.109375 0.778125 0.328125 0.521875 0.328125
0 0.084375 0.759375 0.428125 0.759375 0.428125 1.0 0.084375 1.0
0 0.521875 0.446875 0.803125 0.446875 0.803125 0.665625 0.521875 0.665625
0 0.984375 0.771875 1.0 0.771875 1.0 0.790625 0.984375 0.790625
0 0.946875 0.634375 1.0 0.634375 1.0 0.765625 0.946875 0.765625
0 0.396875 0.846875 0.640625 0.846875 0.640625 1.0 0.396875 1.0
0 0.409375 0.159375 0.603125 0.159375 0.603125 0.415625 0.409375 0.415625
0 0.909375 0.146875 1.0 0.146875 1.0 0.365625 0.909375 0.365625
0 0.509375 0.334375 0.740625 0.334375 0.740625 0.528125 0.509375 0.528125
0 0.821875 0.221875 1.0 0.221875 1.0 0.403125 0.821875 0.403125
0 0.546875 0.0 0.728125 0.0 0.728125 0.115625 0.546875 0.115625
0 0.271875 0.609375 0.453125 0.609375 0.453125 0.790625 0.271875 0.790625
0 0.946875 0.334375 1.0 0.334375 1.0 0.515625 0.946875 0.515625
0 0.609375 0.821875 0.878125 0.821875 0.878125 0.990625 0.609375 0.990625
0 0.946875 0.0 1.0 0.0 1.0 0.128125 0.946875 0.128125
0 0.521875 0.596875 0.740625 0.596875 0.740625 0.765625 0.521875 0.765625
0 0.609375 0.946875 0.790625 0.946875 0.790625 1.0 0.609375 1.0
0 0.146875 0.109375 0.478125 0.109375 0.478125 0.378125 0.146875 0.378125
0 0.496875 0.246875 0.728125 0.246875 0.728125 0.428125 0.496875 0.428125
