0 0.409375 0.884375 0.753125 0.884375 0.753125 1.0 0.409375 1.0
0 0.009375 0.496875 0.365625 0.496875 0.365625 0.815625 0.009375 0.815625
0 0.0 0.234375 0.340625 0.234375 0.340625 0.590625 0.0 0.590625
0 0.0 0.034375 0.228125 0.034375 0.228125 0.265625 0.0 0.265625
0 0.959375 0.0 1.0 0.0 1.0 0.065625 0.959375 0.065625
0 0.596875 0.075 0.903125 0.075 0.903125 0.390625 0.596875 0.390625
0 0.0 0.596875 0.265625 0.596875 0.265625 0.890625 0.0 0.890625
0 0.034375 0.834375 0.328125 0.834375 0.328125 1.0 0.034375 1.0
0 0.446875 0.071875 0.690625 0.071875 0.690625 0.265625 0.446875 0.265625
0 0.234375 0.746875 0.628125 0.746875 0.628125 1.0 0.234375 1.0
0 0.896875 0.234375 1.0 0.234375 1.0 0.528125 0.896875 0.528125
0 0.934375 0.809375 1.0 0.809375 1.0 1.0 0.934375 1.0
