0 0.746875 0.446875 1.0 0.446875 1.0 0.703125 0.746875 0.703125
0 0.0 0.671875 0.265625 0.671875 0.265625 0.915625 0.0 0.915625
0 0.909375 0.109375 1.0 0.109375 1.0 0.315625 0.909375 0.315625
0 0.359375 0.646875 0.665625 0.646875 0.665625 0.890625 0.359375 0.890625
0 0.684375 0.0 0.903125 0.0 0.903125 0.253125 0.684375 0.253125
0 0.296875 0.434375 0.653125 0.434375 0.653125 0.753125 0.296875 0.753125
0 0.046875 0.784375 0.353125 0.784375 0.353125 1.0 0.046875 1.0
0 0.846875 0.659375 1.0 0.659375 1.0 0.890625 0.846875 0.890625
0 0.609375 0.196875 0.878125 0.196875 0.878125 0.403125 0.609375 0.403125
0 0.496875 0.271875 0.665625 0.271875 0.665625 0.428125 0.496875 0.428125
