0 0.771875 0.384375 1.0 0.384375 1.0 0.628125 0.771875 0.628125
0 0.271875 0.859375 0.590625 0.859375 0.590625 1.0 0.271875 1.0
0 0.271875 0.534375 0.603125 0.534375 0.603125 0.865625 0.271875 0.865625
0 0.959375 0.471875 1.0 0.471875 1.0 0.553125 0.959375 0.553125
0 0.121875 0.284375 0.303125 0.284375 0.303125 0.478125 0.121875 0.478125
0 0.0 0.734375 0.265625 0.734375 0.265625 0.903125 0.0 0.903125
0 0.184375 0.184375 0.540625 0.184375 0.540625 0.503125 0.184375 0.503125
0 0.334375 0.071875 0.590625 0.071875 0.590625 0.290625 0.334375 0.290625
0 0.796875 0.246875 1.0 0.246875 1.0 0.540625 0.796875 0.540625
0 0.071875 0.596875 0.353125 0.596875 0.353125 0.840625 0.071875 0.840625
0 0.559375 0.159375 0.878125 0.159375 0.878125 0.428125 0.559375 0.428125
0 0.659375 0.271875 0.865625 0.271875 0.865625 0.578125 0.659375 0.578125
0 0.721875 0.884375 0.903125 0.884375 0.903125 1.0 0.721875 1.0
0 0.021875 0.109375 0.228125 0.109375 0.228125 0.290625 0.021875 0.290625
0 0.0 0.534375 0.203125 0.534375 0.203125 0.765625 0.0 0.765625
0 0.621875 0.571875 0.865625 0.571875 0.865625 0.840625 0.621875 0.840625
0 0.484375 0.384375 0.778125 0.384375 0.778125 0.615625 0.484375 0.615625
0 0.384375 0.459375 0.665625 0.459375 0.665625 0.665625 0.384375 0.665625
0 0.821875 0.571875 1.0 0.571875 1.0 0.815625 0.821875 0.815625
0 0.284375 0.259375 0.565625 0.259375 0.565625 0.453125 0.284375 0.453125
0 0.884375 0.809375 1.0 0.809375 1.0 1.0 0.884375 1.0
0 0.0 0.834375 0.153125 0.834375 0.153125 1.0 0.0 1.0
