0 0.896875 0.709375 1.0 0.709375 1.0 0.940625 0.896875 0.940625
0 0.796875 0.559375 1.0 0.559375 1.0 0.815625 0.796875 0.815625
0 0.596875 0.834375 0.878125 0.834375 0.878125 1.0 0.596875 1.0
0 0.571875 0.421875 0.828125 0.421875 0.828125 0.740625 0.571875 0.740625
0 0.234375 0.309375 0.565625 0.309375 0.565625 0.590625 0.234375 0.590625
0 0.671875 0.296875 0.965625 0.296875 0.965625 0.540625 0.671875 0.540625
0 0.584375 0.509375 0.853125 0.509375 0.853125 0.728125 0.584375 0.728125
0 0.396875 0.0 0.678125 0.0 0.678125 0.128125 0.396875 0.128125
0 0.984375 0.321875 1.0 0.321875 1.0 0.353125 0.984375 0.353125
0 0.946875 0.0 1.0 0.0 1.0 0.103125 0.946875 0.103125
0 0.534375 0.321875 0.728125 0.321875 0.728125 0.565625 0.534375 0.565625
0 0.284375 0.021875 0.453125 0.021875 0.453125 0.240625 0.284375 0.240625
0 0.371875 0.496875 0.603125 0.496875 0.603125 0.690625 0.371875 0.690625
0 0.284375 0.634375 0.590625 0.634375 0.590625 0.865625 0.284375 0.865625
0 0.384375 0.046875 0.653125 0.046875 0.653125 0.265625 0.384375 0.265625
0 0.046875 0.671875 0.303125 0.671875 0.303125 0.940625 0.046875 0.940625
0 0.459375 0.159375 0.678125 0.159375 0.678125 0.365625 0.459375 0.365625
0 0.859375 0.121875 1.0 0.121875 1.0 0.303125 0.859375 0.303125
0 0.421875 0.946875 0.553125 0.946875 0.553125 1.0 0.421875 1.0
0 0.209375 0.234375 0.490625 0.234375 0.490625 0.415625 0.209375 0.415625
0 0.196875 0.809375 0.553125 0.809375 0.553125 1.0 0.196875 1.0
0 0.334375 0.534375 0.578125 0.534375 0.578125 0.728125 0.334375 0.728125
0 0.559375 0.009375 0.840625 0.009375 0.840625 0.265625 0.559375 0.265625
0 0.0 0.796875 0.353125 0.796875 0.353125 0.990625 0.0 0.990625
