0 0.759375 0.384375 0.965625 0.384375 0.965625 0.603125 0.759375 0.603125
0 0.0 0.296875 0.328125 0.296875 0.328125 0.565625 0.0 0.565625
0 0.421875 0.134375 0.715625 0.134375 0.715625 0.353125 0.421875 0.353125
0 0.421875 0.571875 0.765625 0.571875 0.765625 0.890625 0.421875 0.890625
0 0.859375 0.234375 1.0 0.234375 1.0 0.490625 0.859375 0.490625
0 0.396875 0.009375 0.678125 0.009375 0.678125 0.340625 0.396875 0.340625
0 0.159375 0.221875 0.465625 0.221875 0.465625 0.478125 0.159375 0.478125
0 0.0 0.421875 0.365625 0.421875 0.365625 0.728125 0.0 0.728125
0 0.746875 0.634375 1.0 0.634375 1.0 0.940625 0.746875 0.940625
0 0.459375 0.434375 0.678125 0.434375 0.678125 0.678125 0.459375 0.678125
0 0.546875 0.009375 0.815625 0.009375 0.815625 0.253125 0.546875 0.253125
0 0.321875 0.096875 0.515625 0.096875 0.515625 0.303125 0.321875 0.303125
0 0.496875 0.921875 0.778125 0.921875 0.778125 1.0 0.496875 1.0
0 0.934375 0.484375 1.0 0.484375 1.0 0.640625 0.934375 0.640625
0 0.559375 0.384375 0.840625 0.384375 0.840625 0.640625 0.559375 0.640625
0 0.0 0.684375 0.215625 0.684375 0.215625 0.828125 0.0 0.828125
0 0.184375 0.946875 0.340625 0.946875 0.340625 1.0 0.184375 1.0
0 0.959375 0.134375 1.0 0.134375 1.0 0.203125 0.959375 0.203125
0 0.146875 0.0 0.415625 0.0 0.415625 0.140625 0.146875 0.140625
0 0.0 0.721875 0.390625 0.721875 0.390625 0.990625 0.0 0.990625
0 0.034375 0.134375 0.353125 0.134375 0.353125 0.328125 0.034375 0.328125
0 0.684375 0.834375 0.953125 0.834375 0.953125 1.0 0.684375 1.0
