0 0.984375 0.671875 1.0 0.671875 1.0 0.703125 0.984375 0.703125
0 0.309375 0.0 0.640625 0.0 0.640625 0.278125 0.309375 0.278125
0 0.334375 0.846875 0.615625 0.846875 0.615625 1.0 0.334375 1.0
0 0.846875 0.0 1.0 0.0 1.0 0.153125 0.846875 0.153125
0 0.546875 0.809375 0.765625 0.809375 0.765625 1.0 0.546875 1.0
0 0.671875 0.909375 0.878125 0.909375 0.878125 1.0 0.671875 1.0
0 0.209375 0.921875 0.390625 0.921875 0.390625 1.0 0.209375 1.0
0 0.1859375 0.834375 0.428125 0.834375 0.428125 0.978125 0.1859375 0.978125
0 0.946875 0.334375 1.0 0.334375 1.0 0.515625 0.946875 0.515625
0 0.234375 0.321875 0.490625 0.321875 0.490625 0.615625 0.234375 0.615625
0 0.746875 0.0 0.928125 0.0 0.928125 0.178125 0.746875 0.178125
0 0.821875 0.234375 1.0 0.234375 1.0 0.503125 0.821875 0.503125
0 0.096875 0.359375 0.315625 0.359375 0.315625 0.590625 0.096875 0.590625
0 0.134375 0.721875 0.440625 0.721875 0.440625 0.928125 0.134375 0.928125
0 0.296875 0.446875 0.640625 0.446875 0.640625 0.678125 0.296875 0.678125
