0 0.396875 0.0 0.765625 0.0 0.765625 0.103125 0.396875 0.103125
0 0.009375 0.259375 0.403125 0.259375 0.403125 0.615625 0.009375 0.615625
0 0.0 0.046875 0.440625 0.046875 0.440625 0.403125 0.0 0.403125
0 0.434375 0.434375 0.790625 0.434375 0.790625 0.840625 0.434375 0.840625
0 0.0 0.0 0.515625 0.0 0.515625 0.215625 0.0 0.215625
0 0.346875 0.134375 0.728125 0.134375 0.728125 0.440625 0.346875 0.440625
0 0.459375 0.759375 0.765625 0.759375 0.765625 1.0 0.459375 1.0
0 0.934375 0.284375 1.0 0.284375 1.0 0.528125 0.934375 0.528125
0 0.546875 0.221875 0.940625 0.221875 0.940625 0.478125 0.546875 0.478125
0 0.584375 0.784375 1.0 0.784375 1.0 1.0 0.584375 1.0
0 0.584375 0.346875 0.990625 0.346875 0.990625 0.640625 0.584375 0.640625
0 0.784375 0.621875 1.0 0.621875 1.0 0.953125 0.784375 0.953125
