0 0.0 0.246875 0.228125 0.246875 0.228125 0.590625 0.0 0.590625
0 0.634375 0.321875 1.0 0.321875 1.0 0.665625 0.634375 0.665625
0 0.871875 0.059375 1.0 0.059375 1.0 0.315625 0.871875 0.315625
0 0.709375 0.084375 0.978125 0.084375 0.978125 0.365625 0.709375 0.365625
0 0.196875 0.096875 0.515625 0.096875 0.515625 0.353125 0.196875 0.353125
0 0.859375 0.246875 1.0 0.246875 1.0 0.490625 0.859375 0.490625
0 0.934375 0.0 1.0 0.0 1.0 0.103125 0.934375 0.103125
0 0.709375 0.734375 0.940625 0.734375 0.940625 0.953125 0.709375 0.953125
0 0.621875 0.896875 0.853125 0.896875 0.853125 1.0 0.621875 1.0
0 0.984375 0.859375 1.0 0.859375 1.0 0.878125 0.984375 0.878125
0 0.221875 0.734375 0.640625 0.734375 0.640625 1.0 0.221875 1.0
0 0.934375 0.371875 1.0 0.371875 1.0 0.590625 0.934375 0.590625
0 0.0 0.834375 0.440625 0.834375 0.440625 1.0 0.0 1.0
0 0.559375 0.0 0.878125 0.0 0.878125 0.265625 0.559375 0.265625
0 0.0 0.521875 0.203125 0.521875 0.203125 0.790625 0.0 0.790625
0 0.346875 0.0 0.640625 0.0 0.640625 0.215625 0.346875 0.215625
