0 0.0 0.159375 0.365625 0.159375 0.365625 0.490625 0.0 0.490625
0 0.521875 0.284375 0.765625 0.284375 0.765625 0.478125 0.521875 0.478125
0 0.459375 0.621875 0.753125 0.621875 0.753125 0.890625 0.459375 0.890625
0 0.946875 0.259375 1.0 0.259375 1.0 0.428125 0.946875 0.428125
0 0.396875 0.484375 0.703125 0.484375 0.703125 0.790625 0.396875 0.790625
0 0.921875 0.034375 1.0 0.034375 1.0 0.228125 0.921875 0.228125
0 0.609375 0.684375 0.890625 0.684375 0.890625 0.928125 0.609375 0.928125
0 0.471875 0.884375 0.678125 0.884375 0.678125 1.0 0.471875 1.0
0 0.234375 0.871875 0.478125 0.871875 0.478125 1.0 0.234375 1.0
0 0.459375 0.021875 0.840625 0.021875 0.840625 0.278125 0.459375 0.278125
0 0.459375 0.096875 0.840625 0.096875 0.840625 0.365625 0.459375 0.365625
