0 0.134375 0.346875 0.478125 0.346875 0.478125 0.628125 0.134375 0.628125
0 0.0 0.596875 0.278125 0.596875 0.278125 0.890625 0.0 0.890625
0 0.859375 0.684375 1.0 0.684375 1.0 0.990625 0.859375 0.990625
0 0.509375 0.671875 0.840625 0.671875 0.840625 0.978125 0.509375 0.978125
0 0.809375 0.571875 1.0 0.571875 1.0 0.803125 0.809375 0.803125
0 0.734375 0.771875 0.915625 0.771875 0.915625 1.0 0.734375 1.0
0 0.796875 0.884375 0.990625 0.884375 0.990625 1.0 0.796875 1.0
0 0.146875 0.0 0.365625 0.0 0.365625 0.165625 0.146875 0.165625
0 0.796875 0.259375 1.0 0.259375 1.0 0.428125 0.796875 0.428125
0 0.884375 0.121875 1.0 0.121875 1.0 0.340625 0.884375 0.340625
0 0.746875 0.971875 0.790625 0.971875 0.790625 1.0 0.746875 1.0
0 0.0 0.0 0.315625 0.0 0.315625 0.340625 0.0 0.340625
0 0.446875 0.946875 0.565625 0.946875 0.565625 1.0 0.446875 1.0
0 0.021875 0.921875 0.303125 0.921875 0.303125 1.0 0.021875 1.0
