0 0.021875 0.709375 0.365625 0.709375 0.365625 0.965625 0.021875 0.965625
0 0.971875 0.846875 1.0 0.846875 1.0 0.890625 0.971875 0.890625
0 0.234375 0.246875 0.578125 0.246875 0.578125 0.540625 0.234375 0.540625
0 0.734375 0.734375 1.0 0.734375 1.0 1.0 0.734375 1.0
0 0.721875 0.596875 1.0 0.596875 1.0 0.828125 0.721875 0.828125
0 0.009375 0.659375 0.303125 0.659375 0.303125 0.853125 0.009375 0.853125
0 0.346875 0.521875 0.615625 0.521875 0.615625 0.765625 0.346875 0.765625
0 0.046875 0.0 0.278125 0.0 0.278125 0.178125 0.046875 0.178125
0 0.209375 0.0 0.515625 0.0 0.515625 0.128125 0.209375 0.128125
0 0.0 0.209375 0.328125 0.209375 0.328125 0.478125 0.0 0.478125
