0 0.934375 0.409375 1.0 0.409375 1.0 0.503125 0.934375 0.503125
0 0.146875 0.084375 0.590625 0.084375 0.590625 0.590625 0.146875 0.590625
0 0.484375 0.134375 1.0 0.134375 1.0 0.615625 0.484375 0.615625
0 0.0 0.0 0.165625 0.0 0.165625 0.140625 0.0 0.140625
0 0.521875 0.821875 0.890625 0.821875 0.890625 1.0 0.521875 1.0
0 0.296875 0.746875 0.553125 0.746875 0.553125 1.0 0.296875 1.0
0 0.621875 0.034375 0.915625 0.034375 0.915625 0.265625 0.621875 0.265625
0 0.271875 0.059375 0.403125 0.059375 0.403125 0.240625 0.271875 0.240625
0 0.0 0.484375 0.203125 0.484375 0.203125 0.828125 0.0 0.828125
0 0.871875 0.059375 1.0 0.059375 1.0 0.290625 0.871875 0.290625
0 0.0 0.0 0.240625 0.0 0.240625 0.415625 0.0 0.415625
0 0.809375 0.834375 1.0 0.834375 1.0 1.0 0.809375 1.0
