0 0.809375 0.221875 1.0 0.221875 1.0 0.478125 0.809375 0.478125
0 0.046875 0.821875 0.365625 0.821875 0.365625 1.0 0.046875 1.0
0 0.259375 0.0 0.503125 0.0 0.503125 0.253125 0.259375 0.253125
0 0.709375 0.434375 1.0 0.434375 1.0 0.715625 0.709375 0.715625
0 0.321875 0.696875 0.540625 0.696875 0.540625 0.953125 0.321875 0.953125
0 0.984375 0.134375 1.0 0.134375 1.0 0.153125 0.984375 0.153125
0 0.784375 0.871875 1.0 0.871875 1.0 1.0 0.784375 1.0
0 0.496875 0.359375 0.753125 0.359375 0.753125 0.628125 0.496875 0.628125
0 0.459375 0.209375 0.690625 0.209375 0.690625 0.403125 0.459375 0.403125
0 0.509375 0.684375 0.778125 0.684375 0.778125 0.928125 0.509375 0.928125
0 0.609375 0.0 0.878125 0.0 0.878125 0.240625 0.609375 0.240625
0 0.821875 0.009375 1.0 0.009375 1.0 0.265625 0.821875 0.265625
0 0.734375 0.959375 0.803125 0.959375 0.803125 1.0 0.734375 1.0
0 0.521875 0.834375 0.815625 0.834375 0.815625 1.0 0.521875 1.0
0 0.959375 0.709375 1.0 0.709375 1.0 0.865625 0.959375 0.865625
