0 0.234375 0.284375 0.565625 0.284375 0.565625 0.515625 0.234375 0.515625
0 0.696875 0.834375 0.965625 0.834375 0.965625 1.0 0.696875 1.0
0 0.0 0.109375 0.215625 0.109375 0.215625 0.428125 0.0 0.428125
0 0.146875 0.146875 0.465625 0.146875 0.465625 0.440625 0.146875 0.440625
0 0.484375 0.196875 0.803125 0.196875 0.803125 0.515625 0.484375 0.515625
0 0.959375 0.321875 1.0 0.321875 1.0 0.528125 0.959375 0.528125
0 0.096875 0.0 0.353125 0.0 0.353125 0.115625 0.096875 0.115625
0 0.834375 0.0 1.0 0.0 1.0 0.153125 0.834375 0.153125
0 0.0 0.484375 0.140625 0.484375 0.140625 0.678125 0.0 0.678125
0 0.0 0.596875 0.203125 0.596875 0.203125 0.803125 0.0 0.803125
0 0.596875 0.771875 0.815625 0.771875 0.815625 0.990625 0.596875 0.990625
0 0.146875 0.759375 0.403125 0.759375 0.403125 0.990625 0.146875 0.990625
0 0.034375 0.471875 0.303125 0.471875 0.303125 0.703125 0.034375 0.703125
0 0.184375 0.596875 0.478125 0.596875 0.478125 0.815625 0.184375 0.815625
0 0.809375 0.046875 1.0 0.046875 1.0 0.240625 0.809375 0.240625
0 0.059375 0.434375 0.378125 0.434375 0.378125 0.640625 0.059375 0.640625
0 0.559375 0.459375 0.790625 0.459375 0.790625 0.678125 0.559375 0.678125
0 0.384375 0.984375 0.415625 0.984375 0.415625 1.0 0.384375 1.0
0 0.584375 0.0 0.840625 0.0 0.840625 0.153125 0.584375 0.153125
0 0.671875 0.659375 0.915625 0.659375 0.915625 0.865625 0.671875 0.865625
0 0.809375 0.771875 1.0 0.771875 1.0 0.965625 0.809375 0.965625
