0 0.671875 0.509375 1.0 0.509375 1.0 0.753125 0.671875 0.753125
0 0.746875 0.896875 0.915625 0.896875 0.915625 1.0 0.746875 1.0
0 0.959375 0.209375 1.0 0.209375 1.0 0.290625 0.959375 0.290625
0 0.971875 0.959375 1.0 0.959375 1.0 1.0 0.971875 1.0
0 0.284375 0.909375 0.528125 0.909375 0.528125 1.0 0.284375 1.0
0 0.371875 0.484375 0.653125 0.484375 0.653125 0.765625 0.371875 0.765625
0 0.0 0.534375 0.165625 0.534375 0.165625 0.778125 0.0 0.778125
0 0.009375 0.634375 0.315625 0.634375 0.315625 0.903125 0.009375 0.903125
0 0.459375 0.296875 0.690625 0.296875 0.690625 0.478125 0.459375 0.478125
0 0.834375 0.0 1.0 0.0 1.0 0.153125 0.834375 0.153125
0 0.671875 0.846875 0.965625 0.846875 0.965625 1.0 0.671875 1.0
0 0.171875 0.396875 0.490625 0.396875 0.490625 0.640625 0.171875 0.640625
0 0.121875 0.621875 0.490625 0.621875 0.490625 0.865625 0.121875 0.865625
