0 0.0 0.759375 0.228125 0.759375 0.228125 1.0 0.0 1.0
0 0.021875 0.521875 0.390625 0.521875 0.390625 0.840625 0.021875 0.840625
0 0.0 0.0 0.303125 0.0 0.303125 0.328125 0.0 0.328125
0 0.509375 0.284375 0.940625 0.284375 0.940625 0.628125 0.509375 0.628125
0 0.221875 0.0 0.565625 0.0 0.565625 0.340625 0.221875 0.340625
0 0.046875 0.371875 0.415625 0.371875 0.415625 0.640625 0.046875 0.640625
0 0.984375 0.709375 1.0 0.709375 1.0 0.740625 0.984375 0.740625
0 0.521875 0.0 0.715625 0.0 0.715625 0.165625 0.521875 0.165625
0 0.371875 0.709375 0.528125 0.709375 0.528125 0.903125 0.371875 0.903125
0 0.734375 0.634375 1.0 0.634375 1.0 0.890625 0.734375 0.890625
0 0.759375 0.484375 1.0 0.484375 1.0 0.703125 0.759375 0.703125
0 0.771875 0.0 1.0 0.0 1.0 0.253125 0.771875 0.253125
