0 0.034375 0.084375 0.415625 0.084375 0.415625 0.403125 0.034375 0.403125
0 0.921875 0.0 1.0 0.0 1.0 0.203125 0.921875 0.203125
0 0.396875 0.721875 0.690625 0.721875 0.690625 0.990625 0.396875 0.990625
0 0.784375 0.0 1.0 0.0 1.0 0.165625 0.784375 0.165625
0 0.046875 0.384375 0.428125 0.384375 0.428125 0.715625 0.046875 0.715625
0 0.596875 0.084375 0.878125 0.084375 0.878125 0.465625 0.596875 0.465625
0 0.359375 0.959375 0.503125 0.959375 0.503125 1.0 0.359375 1.0
0 0.046875 0.0 0.328125 0.0 0.328125 0.215625 0.046875 0.215625
0 0.846875 0.746875 1.0 0.746875 1.0 1.0 0.846875 1.0
0 0.634375 0.634375 0.890625 0.634375 0.890625 0.915625 0.634375 0.915625
0 0.834375 0.696875 1.0 0.696875 1.0 0.903125 0.834375 0.903125
0 0.396875 0.521875 0.553125 0.521875 0.553125 0.715625 0.396875 0.715625
0 0.034375 0.646875 0.503125 0.646875 0.503125 0.928125 0.034375 0.928125
0 0.496875 0.659375 0.740625 0.659375 0.740625 0.890625 0.496875 0.890625
