0 0.909375 0.834375 1.0 0.834375 1.0 1.0 0.909375 1.0
0 0.096875 0.259375 0.578125 0.259375 0.578125 0.703125 0.096875 0.703125
0 0.0 0.121875 0.340625 0.121875 0.340625 0.478125 0.0 0.478125
0 0.796875 0.0 1.0 0.0 1.0 0.165625 0.796875 0.165625
0 0.671875 0.659375 1.0 0.659375 1.0 1.0 0.671875 1.0
0 0.884375 0.359375 1.0 0.359375 1.0 0.603125 0.884375 0.603125
0 0.259375 0.059375 0.665625 0.059375 0.665625 0.415625 0.259375 0.415625
0 0.084375 0.0 0.490625 0.0 0.490625 0.165625 0.084375 0.165625
0 0.496875 0.0 1.0 0.0 1.0 0.290625 0.496875 0.290625
0 0.984375 0.646875 1.0 0.646875 1.0 0.678125 0.984375 0.678125
0 0.0 0.471875 0.403125 0.471875 0.403125 0.815625 0.0 0.815625
0 0.159375 0.021875 0.365625 0.021875 0.365625 0.303125 0.159375 0.303125
0 0.584375 0.196875 1.0 0.196875 1.0 0.615625 0.584375 0.615625
