0 0.659375 0.0 1.0 0.0 1.0 0.340625 0.659375 0.340625
0 0.0 0.284375 0.315625 0.284375 0.315625 0.715625 0.0 0.715625
0 0.946875 0.934375 1.0 0.934375 1.0 0.978125 0.946875 0.978125
0 0.921875 0.0 1.0 0.0 1.0 0.240625 0.921875 0.240625
0 0.0 0.121875 0.328125 0.121875 0.328125 0.453125 0.0 0.453125
0 0.721875 0.321875 1.0 0.321875 1.0 0.690625 0.721875 0.690625
0 0.434375 0.134375 0.790625 0.134375 0.790625 0.490625 0.434375 0.490625
0 0.171875 0.0 0.440625 0.0 0.440625 0.265625 0.171875 0.265625
0 0.384375 0.784375 0.640625 0.784375 0.640625 1.0 0.384375 1.0
0 0.246875 0.0 0.503125 0.0 0.503125 0.128125 0.246875 0.128125
0 0.446875 0.496875 0.715625 0.496875 0.715625 0.765625 0.446875 0.765625
0 0.259375 0.071875 0.615625 0.071875 0.615625 0.428125 0.259375 0.428125
0 0.859375 0.684375 1.0 0.684375 1.0 0.978125 0.859375 0.978125
