0 0.0 0.0 0.378125 0.0 0.378125 0.365625 0.0 0.365625
0 0.921875 0.959375 1.0 0.959375 1.0 1.0 0.921875 1.0
0 0.0 0.609375 0.315625 0.609375 0.315625 0.928125 0.0 0.928125
0 0.171875 0.259375 0.553125 0.259375 0.553125 0.715625 0.171875 0.715625
0 0.434375 0.296875 0.865625 0.296875 0.865625 0.728125 0.434375 0.728125
0 0.471875 0.0 0.940625 0.0 0.940625 0.365625 0.471875 0.365625
0 0.796875 0.0 0.965625 0.0 0.965625 0.165625 0.796875 0.165625
0 0.871875 0.0 1.0 0.0 1.0 0.265625 0.871875 0.265625
0 0.846875 0.771875 1.0 0.771875 1.0 1.0 0.846875 1.0
0 0.234375 0.0 0.603125 0.0 0.603125 0.240625 0.234375 0.240625
0 0.0 0.296875 0.303125 0.296875 0.303125 0.578125 0.0 0.578125
0 0.884375 0.421875 1.0 0.421875 1.0 0.715625 0.884375 0.715625
0 0.071875 0.534375 0.353125 0.534375 0.353125 0.715625 0.071875 0.715625
