0 0.371875 0.609375 0.615625 0.609375 0.615625 0.828125 0.371875 0.828125
0 0.684375 0.646875 0.990625 0.646875 0.990625 0.915625 0.684375 0.915625
0 0.084375 0.159375 0.340625 0.159375 0.340625 0.378125 0.084375 0.378125
0 0.959375 0.0 1.0 0.0 1.0 0.078125 0.959375 0.078125
0 0.459375 0.209375 0.778125 0.209375 0.778125 0.415625 0.459375 0.415625
0 0.896875 0.671875 1.0 0.671875 1.0 0.890625 0.896875 0.890625
0 0.509375 0.084375 0.753125 0.084375 0.753125 0.265625 0.509375 0.265625
0 0.459375 0.271875 0.703125 0.271875 0.703125 0.503125 0.459375 0.503125
0 0.821875 0.196875 1.0 0.196875 1.0 0.453125 0.821875 0.453125
0 0.109375 0.296875 0.378125 0.296875 0.378125 0.590625 0.109375 0.590625
0 0.534375 0.0 0.790625 0.0 0.790625 0.165625 0.534375 0.165625
0 0.784375 0.834375 1.0 0.834375 1.0 1.0 0.784375 1.0
0 0.346875 0.421875 0.515625 0.421875 0.515625 0.578125 0.346875 0.578125
0 0.059375 0.484375 0.253125 0.484375 0.253125 0.690625 0.059375 0.690625
0 0.871875 0.134375 1.0 0.134375 1.0 0.315625 0.871875 0.315625
0 0.746875 0.496875 1.0 0.496875 1.0 0.690625 0.746875 0.690625
0 0.171875 0.159375 0.515625 0.159375 0.515625 0.403125 0.171875 0.403125
0 0.971875 0.334375 1.0 0.334375 1.0 0.403125 0.971875 0.403125
