0 0.909375 0.421875 1.0 0.421875 1.0 0.740625 0.909375 0.740625
0 0.984375 0.421875 1.0 0.421875 1.0 0.440625 0.984375 0.440625
0 0.609375 0.046875 0.990625 0.046875 0.990625 0.365625 0.609375 0.365625
0 0.709375 0.284375 1.0 0.284375 1.0 0.590625 0.709375 0.590625
0 0.334375 0.0 0.653125 0.0 0.653125 0.153125 0.334375 0.153125
0 0.0 0.571875 0.153125 0.571875 0.153125 0.853125 0.0 0.853125
0 0.334375 0.384375 0.653125 0.384375 0.653125 0.665625 0.334375 0.665625
0 0.184375 0.0 0.453125 0.0 0.453125 0.178125 0.184375 0.178125
0 0.809375 0.871875 0.990625 0.871875 0.990625 1.0 0.809375 1.0
0 0.871875 0.784375 1.0 0.784375 1.0 0.990625 0.871875 0.990625
0 0.446875 0.584375 0.703125 0.584375 0.703125 0.790625 0.446875 0.790625
0 0.321875 0.109375 0.628125 0.109375 0.628125 0.415625 0.321875 0.415625
0 0.0 0.0 0.353125 0.0 0.353125 0.228125 0.0 0.228125
0 0.071875 0.684375 0.315625 0.684375 0.315625 0.940625 0.071875 0.940625
0 0.159375 0.659375 0.590625 0.659375 0.590625 0.953125 0.159375 0.953125
0 0.0 0.009375 0.228125 0.009375 0.228125 0.290625 0.0 0.290625
