0 0.609375 0.946875 0.665625 0.946875 0.665625 1.0 0.609375 1.0
0 0.546875 0.746875 0.828125 0.746875 0.828125 0.990625 0.546875 0.990625
0 0.934375 0.159375 1.0 0.159375 1.0 0.390625 0.934375 0.390625
0 0.646875 0.384375 0.865625 0.384375 0.865625 0.653125 0.646875 0.653125
0 0.084375 0.421875 0.428125 0.421875 0.428125 0.765625 0.084375 0.765625
0 0.484375 0.871875 0.778125 0.871875 0.778125 1.0 0.484375 1.0
0 0.709375 0.0 0.953125 0.0 0.953125 0.140625 0.709375 0.140625
0 0.609375 0.559375 0.928125 0.559375 0.928125 0.778125 0.609375 0.778125
0 0.421875 0.021875 0.728125 0.021875 0.728125 0.353125 0.421875 0.353125
0 0.371875 0.521875 0.690625 0.521875 0.690625 0.803125 0.371875 0.803125
0 0.621875 0.159375 0.928125 0.159375 0.928125 0.415625 0.621875 0.415625
0 0.159375 0.746875 0.340625 0.746875 0.340625 0.990625 0.159375 0.990625
0 0.371875 0.734375 0.590625 0.734375 0.590625 0.965625 0.371875 0.965625
0 0.434375 0.946875 0.565625 0.946875 0.565625 1.0 0.434375 1.0
0 0.734375 0.259375 0.965625 0.259375 0.965625 0.490625 0.734375 0.490625
0 0.0 0.0 0.253125 0.0 0.253125 0.253125 0.0 0.253125
