0 0.796875 0.321875 1.0 0.321875 1.0 0.490625 0.796875 0.490625
0 0.184375 0.046875 0.490625 0.046875 0.490625 0.303125 0.184375 0.303125
0 0.234375 0.921875 0.565625 0.921875 0.565625 1.0 0.234375 1.0
0 0.196875 0.0 0.440625 0.0 0.440625 0.103125 0.196875 0.103125
0 0.509375 0.946875 0.590625 0.946875 0.590625 1.0 0.509375 1.0
0 0.371875 0.434375 0.678125 0.434375 0.678125 0.640625 0.371875 0.640625
0 0.371875 0.184375 0.603125 0.184375 0.603125 0.428125 0.371875 0.428125
0 0.696875 0.0 0.953125 0.0 0.953125 0.178125 0.696875 0.178125
0 0.271875 0.521875 0.540625 0.521875 0.540625 0.765625 0.271875 0.765625
0 0.984375 0.084375 1.0 0.084375 1.0 0.153125 0.984375 0.153125
0 0.671875 0.984375 0.703125 0.984375 0.703125 1.0 0.671875 1.0
0 0.896875 0.446875 1.0 0.446875 1.0 0.665625 0.896875 0.665625
