0 0.596875 0.221875 0.915625 0.221875 0.915625 0.565625 0.596875 0.565625
0 0.134375 0.909375 0.303125 0.909375 0.303125 1.0 0.134375 1.0
0 0.784375 0.0 0.978125 0.0 0.978125 0.153125 0.784375 0.153125
0 0.0 0.246875 0.215625 0.246875 0.215625 0.628125 0.0 0.628125
0 0.471875 0.809375 0.703125 0.809375 0.703125 1.0 0.471875 1.0
0 0.0 0.146875 0.240625 0.146875 0.240625 0.453125 0.0 0.453125
0 0.334375 0.346875 0.653125 0.346875 0.653125 0.603125 0.334375 0.603125
0 0.934375 0.584375 1.0 0.584375 1.0 0.765625 0.934375 0.765625
0 0.371875 0.984375 0.390625 0.984375 0.390625 1.0 0.371875 1.0
0 0.834375 0.159375 1.0 0.159375 1.0 0.490625 0.834375 0.490625
0 0.146875 0.609375 0.515625 0.609375 0.515625 0.915625 0.146875 0.915625
0 0.771875 0.946875 0.940625 0.946875 0.940625 1.0 0.771875 1.0
0 0.434375 0.571875 0.703125 0.571875 0.703125 0.765625 0.434375 0.765625
0 0.084375 0.621875 0.290625 0.621875 0.290625 0.840625 0.084375 0.840625
0 0.409375 0.959375 0.528125 0.959375 0.528125 1.0 0.409375 1.0
0 0.596875 0.0 0.853125 0.0 0.853125 0.215625 0.596875 0.215625
0 0.434375 0.309375 0.703125 0.309375 0.703125 0.553125 0.434375 0.553125
