0 0.021875 0.034375 0.390625 0.034375 0.390625 0.328125 0.021875 0.328125
0 0.296875 0.421875 0.578125 0.421875 0.578125 0.728125 0.296875 0.728125
0 0.609375 0.209375 0.953125 0.209375 0.953125 0.490625 0.609375 0.490625
0 0.159375 0.0 0.390625 0.0 0.390625 0.190625 0.159375 0.190625
0 0.946875 0.534375 1.0 0.534375 1.0 0.753125 0.946875 0.753125
0 0.359375 0.884375 0.665625 0.884375 0.665625 1.0 0.359375 1.0
0 0.684375 0.346875 0.978125 0.346875 0.978125 0.640625 0.684375 0.640625
0 0.346875 0.0 0.628125 0.0 0.628125 0.253125 0.346875 0.253125
0 0.559375 0.646875 0.765625 0.646875 0.765625 0.840625 0.559375 0.840625
0 0.021875 0.721875 0.265625 0.721875 0.265625 0.928125 0.021875 0.928125
0 0.709375 0.846875 1.0 0.846875 1.0 1.0 0.709375 1.0
0 0.396875 0.746875 0.778125 0.746875 0.778125 1.0 0.396875 1.0
0 0.359375 0.346875 0.703125 0.346875 0.703125 0.628125 0.359375 0.628125
0 0.146875 0.721875 0.515625 0.721875 0.515625 0.978125 0.146875 0.978125
0 0.709375 0.634375 1.0 0.634375 1.0 0.878125 0.709375 0.878125
0 0.084375 0.509375 0.428125 0.509375 0.428125 0.753125 0.084375 0.753125
