0 0.0 0.421875 0.253125 0.421875 0.253125 0.778125 0.0 0.778125
0 0.521875 0.246875 0.915625 0.246875 0.915625 0.665625 0.521875 0.665625
0 0.721875 0.459375 1.0 0.459375 1.0 0.903125 0.721875 0.903125
0 0.0 0.0 0.365625 0.0 0.365625 0.290625 0.0 0.290625
0 0.0 0.734375 0.353125 0.734375 0.353125 1.0 0.0 1.0
0 0.284375 0.971875 0.378125 0.971875 0.378125 1.0 0.284375 1.0
0 0.146875 0.371875 0.415625 0.371875 0.415625 0.578125 0.146875 0.578125
0 0.446875 0.584375 0.715625 0.584375 0.715625 0.878125 0.446875 0.878125
0 0.0 0.196875 0.240625 0.196875 0.240625 0.415625 0.0 0.415625
0 0.421875 0.0 0.740625 0.0 0.740625 0.115625 0.421875 0.115625
