0 0.809375 0.334375 1.0 0.334375 1.0 0.528125 0.809375 0.528125
0 0.709375 0.046875 0.940625 0.046875 0.940625 0.328125 0.709375 0.328125
0 0.046875 0.234375 0.453125 0.234375 0.453125 0.565625 0.046875 0.565625
0 0.0 0.621875 0.278125 0.621875 0.278125 0.878125 0.0 0.878125
0 0.221875 0.859375 0.390625 0.859375 0.390625 1.0 0.221875 1.0
0 0.596875 0.684375 0.903125 0.684375 0.903125 1.0 0.596875 1.0
0 0.309375 0.821875 0.565625 0.821875 0.565625 1.0 0.309375 1.0
0 0.0 0.409375 0.228125 0.409375 0.228125 0.653125 0.0 0.653125
0 0.909375 0.446875 1.0 0.446875 1.0 0.678125 0.909375 0.678125
0 0.0 0.496875 0.328125 0.496875 0.328125 0.715625 0.0 0.715625
0 0.571875 0.846875 0.815625 0.846875 0.815625 1.0 0.571875 1.0
0 0.409375 0.671875 0.628125 0.671875 0.628125 0.853125 0.409375 0.853125
0 0.509375 0.109375 0.753125 0.109375 0.753125 0.353125 0.509375 0.353125
0 0.596875 0.171875 0.803125 0.171875 0.803125 0.453125 0.596875 0.453125
0 0.584375 0.034375 0.778125 0.034375 0.778125 0.203125 0.584375 0.203125
0 0.871875 0.221875 1.0 0.221875 1.0 0.453125 0.871875 0.453125
