0 0.971875 0.871875 1.0 0.871875 1.0 0.915625 0.971875 0.915625
0 0.559375 0.821875 0.990625 0.821875 0.990625 1.0 0.559375 1.0
0 0.0 0.609375 0.440625 0.609375 0.440625 1.0 0.0 1.0
0 0.296875 0.0 0.678125 0.0 0.678125 0.190625 0.296875 0.190625
0 0.596875 0.0 0.978125 0.0 0.978125 0.365625 0.596875 0.365625
0 0.634375 0.534375 1.0 0.534375 1.0 0.865625 0.634375 0.865625
0 0.309375 0.084375 0.678125 0.084375 0.678125 0.490625 0.309375 0.490625
0 0.246875 0.021875 0.478125 0.021875 0.478125 0.253125 0.246875 0.253125
0 0.559375 0.534375 0.715625 0.534375 0.715625 0.715625 0.559375 0.715625
0 0.934375 0.0 1.0 0.0 1.0 0.115625 0.934375 0.115625
0 0.634375 0.446875 1.0 0.446875 1.0 0.728125 0.634375 0.728125
0 0.259375 0.809375 0.678125 0.809375 0.678125 1.0 0.259375 1.0
