0 0.0 0.221875 0.190625 0.221875 0.190625 0.553125 0.0 0.553125
0 0.971875 0.096875 1.0 0.096875 1.0 0.240625 0.971875 0.240625
0 0.221875 0.321875 0.528125 0.321875 0.528125 0.540625 0.221875 0.540625
0 0.0 0.859375 0.153125 0.859375 0.153125 1.0 0.0 1.0
0 0.009375 0.559375 0.365625 0.559375 0.365625 0.928125 0.009375 0.928125
0 0.271875 0.771875 0.553125 0.771875 0.553125 1.0 0.271875 1.0
0 0.734375 0.584375 0.978125 0.584375 0.978125 0.740625 0.734375 0.740625
0 0.496875 0.134375 0.715625 0.134375 0.715625 0.328125 0.496875 0.328125
0 0.696875 0.434375 0.928125 0.434375 0.928125 0.628125 0.696875 0.628125
0 0.934375 0.671875 1.0 0.671875 1.0 0.840625 0.934375 0.840625
0 0.834375 0.159375 1.0 0.159375 1.0 0.340625 0.834375 0.340625
0 0.146875 0.0 0.453125 0.0 0.453125 0.178125 0.146875 0.178125
0 0.059375 0.846875 0.403125 0.846875 0.403125 1.0 0.059375 1.0
0 0.709375 0.721875 1.0 0.721875 1.0 0.978125 0.709375 0.978125
