0 0.871875 0.209375 1.0 0.209375 1.0 0.453125 0.871875 0.453125
0 0.659375 0.059375 0.928125 0.059375 0.928125 0.303125 0.659375 0.303125
0 0.571875 0.909375 0.790625 0.909375 0.790625 1.0 0.571875 1.0
0 0.271875 0.296875 0.565625 0.296875 0.565625 0.515625 0.271875 0.515625
0 0.846875 0.584375 1.0 0.584375 1.0 0.878125 0.846875 0.878125
0 0.684375 0.159375 0.953125 0.159375 0.953125 0.440625 0.684375 0.440625
0 0.771875 0.796875 0.978125 0.796875 0.978125 0.990625 0.771875 0.990625
0 0.0 0.596875 0.140625 0.596875 0.140625 0.778125 0.0 0.778125
0 0.384375 0.584375 0.565625 0.584375 0.565625 0.815625 0.384375 0.815625
0 0.0 0.659375 0.365625 0.659375 0.365625 0.915625 0.0 0.915625
0 0.121875 0.371875 0.528125 0.371875 0.528125 0.640625 0.121875 0.640625
0 0.0 0.884375 0.303125 0.884375 0.303125 1.0 0.0 1.0
0 0.934375 0.584375 1.0 0.584375 1.0 0.728125 0.934375 0.728125
