0 0.371875 0.921875 0.590625 0.921875 0.590625 1.0 0.371875 1.0
0 0.459375 0.396875 0.665625 0.396875 0.665625 0.640625 0.459375 0.640625
0 0.284375 0.734375 0.603125 0.734375 0.603125 1.0 0.284375 1.0
0 0.334375 0.384375 0.603125 0.384375 0.603125 0.640625 0.334375 0.640625
0 0.159375 0.0 0.403125 0.0 0.403125 0.165625 0.159375 0.165625
0 0.746875 0.284375 0.903125 0.284375 0.903125 0.478125 0.746875 0.478125
0 0.634375 0.0 0.840625 0.0 0.840625 0.140625 0.634375 0.140625
0 0.646875 0.609375 0.803125 0.609375 0.803125 0.790625 0.646875 0.790625
0 0.834375 0.434375 1.0 0.434375 1.0 0.628125 0.834375 0.628125
0 0.746875 0.959375 0.815625 0.959375 0.815625 1.0 0.746875 1.0
0 0.246875 0.971875 0.328125 0.971875 0.328125 1.0 0.246875 1.0
0 0.984375 0.009375 1.0 0.009375 1.0 0.040625 0.984375 0.040625
0 0.046875 0.634375 0.428125 0.634375 0.428125 0.878125 0.046875 0.878125
0 0.271875 0.0 0.615625 0.0 0.615625 0.240625 0.271875 0.240625
0 0.0 0.196875 0.365625 0.196875 0.365625 0.465625 0.0 0.465625
0 0.446875 0.709375 0.728125 0.709375 0.728125 0.903125 0.446875 0.903125
0 0.821875 0.084375 1.0 0.084375 1.0 0.353125 0.821875 0.353125
