0 0.759375 0.946875 0.865625 0.946875 0.865625 1.0 0.759375 1.0
0 0.834375 0.109375 1.0 0.109375 1.0 0.328125 0.834375 0.328125
0 0.846875 0.609375 1.0 0.609375 1.0 0.840625 0.846875 0.840625
0 0.596875 0.0 0.853125 0.0 0.853125 0.115625 0.596875 0.115625
0 0.334375 0.0 0.565625 0.0 0.565625 0.178125 0.334375 0.178125
0 0.221875 0.421875 0.478125 0.421875 0.478125 0.690625 0.221875 0.690625
0 0.734375 0.121875 0.903125 0.121875 0.903125 0.365625 0.734375 0.365625
0 0.396875 0.709375 0.603125 0.709375 0.603125 0.928125 0.396875 0.928125
0 0.521875 0.684375 0.753125 0.684375 0.753125 0.915625 0.521875 0.915625
0 0.359375 0.034375 0.628125 0.034375 0.628125 0.265625 0.359375 0.265625
0 0.459375 0.546875 0.628125 0.546875 0.628125 0.740625 0.459375 0.740625
0 0.459375 0.221875 0.628125 0.221875 0.628125 0.378125 0.459375 0.378125
0 0.159375 0.759375 0.328125 0.759375 0.328125 0.928125 0.159375 0.928125
0 0.371875 0.959375 0.503125 0.959375 0.503125 1.0 0.371875 1.0
0 0.834375 0.834375 1.0 0.834375 1.0 1.0 0.834375 1.0
0 0.834375 0.009375 1.0 0.009375 1.0 0.178125 0.834375 0.178125
0 0.721875 0.409375 0.928125 0.409375 0.928125 0.628125 0.721875 0.628125
0 0.096875 0.609375 0.440625 0.609375 0.440625 0.803125 0.096875 0.803125
0 0.896875 0.346875 1.0 0.346875 1.0 0.578125 0.896875 0.578125
0 0.234375 0.296875 0.565625 0.296875 0.565625 0.490625 0.234375 0.490625
0 0.546875 0.821875 0.815625 0.821875 0.815625 1.0 0.546875 1.0
