0 0.621875 0.746875 0.928125 0.746875 0.928125 1.0 0.621875 1.0
0 0.421875 0.246875 0.653125 0.246875 0.653125 0.478125 0.421875 0.478125
0 0.134375 0.834375 0.428125 0.834375 0.428125 1.0 0.134375 1.0
0 0.159375 0.309375 0.503125 0.309375 0.503125 0.565625 0.159375 0.565625
0 0.109375 0.671875 0.465625 0.671875 0.465625 0.965625 0.109375 0.965625
0 0.046875 0.446875 0.428125 0.446875 0.428125 0.765625 0.046875 0.765625
0 0.584375 0.121875 0.815625 0.121875 0.815625 0.403125 0.584375 0.403125
0 0.0 0.921875 0.153125 0.921875 0.153125 1.0 0.0 1.0
0 0.834375 0.246875 1.0 0.246875 1.0 0.503125 0.834375 0.503125
0 0.321875 0.209375 0.615625 0.209375 0.615625 0.453125 0.321875 0.453125
0 0.696875 0.0 0.903125 0.0 0.903125 0.140625 0.696875 0.140625
0 0.059375 0.096875 0.290625 0.096875 0.290625 0.290625 0.059375 0.290625
0 0.0 0.171875 0.203125 0.171875 0.203125 0.453125 0.0 0.453125
0 0.296875 0.809375 0.665625 0.809375 0.665625 1.0 0.296875 1.0
0 0.896875 0.384375 1.0 0.384375 1.0 0.553125 0.896875 0.553125
0 0.809375 0.496875 1.0 0.496875 1.0 0.740625 0.809375 0.740625
0 0.559375 0.021875 0.890625 0.021875 0.890625 0.315625 0.559375 0.315625
0 0.721875 0.096875 1.0 0.096875 1.0 0.353125 0.721875 0.353125
