0 0.584375 0.859375 0.840625 0.859375 0.840625 1.0 0.584375 1.0
0 0.534375 0.921875 0.703125 0.921875 0.703125 1.0 0.534375 1.0
0 0.0 0.109375 0.515625 0.109375 0.515625 0.565625 0.0 0.565625
0 0.359375 0.884375 0.615625 0.884375 0.615625 1.0 0.359375 1.0
0 0.821875 0.0 1.0 0.0 1.0 0.228125 0.821875 0.228125
0 0.096875 0.796875 0.328125 0.796875 0.328125 1.0 0.096875 1.0
0 0.709375 0.034375 0.928125 0.034375 0.928125 0.228125 0.709375 0.228125
0 0.784375 0.134375 0.990625 0.134375 0.990625 0.315625 0.784375 0.315625
0 0.409375 0.634375 0.665625 0.634375 0.665625 0.865625 0.409375 0.865625
0 0.446875 0.071875 0.640625 0.071875 0.640625 0.278125 0.446875 0.278125
0 0.884375 0.459375 1.0 0.459375 1.0 0.665625 0.884375 0.665625
0 0.071875 0.946875 0.203125 0.946875 0.203125 1.0 0.071875 1.0
0 0.084375 0.0 0.490625 0.0 0.490625 0.153125 0.084375 0.153125
0 0.446875 0.0 0.815625 0.0 0.815625 0.265625 0.446875 0.265625
0 0.959375 0.934375 1.0 0.934375 1.0 1.0 0.959375 1.0
