0 0.046875 0.196875 0.340625 0.196875 0.340625 0.478125 0.046875 0.478125
0 0.709375 0.621875 1.0 0.621875 1.0 0.965625 0.709375 0.965625
0 0.0 0.046875 0.378125 0.046875 0.378125 0.303125 0.0 0.303125
0 0.459375 0.984375 0.490625 0.984375 0.490625 1.0 0.459375 1.0
0 0.434375 0.0 0.728125 0.0 0.728125 0.290625 0.434375 0.290625
0 0.084375 0.484375 0.403125 0.484375 0.403125 0.740625 0.084375 0.740625
0 0.271875 0.809375 0.490625 0.809375 0.490625 0.990625 0.271875 0.990625
0 0.0 0.659375 0.290625 0.659375 0.290625 0.915625 0.0 0.915625
0 0.896875 0.346875 1.0 0.346875 1.0 0.590625 0.896875 0.590625
0 0.471875 0.334375 0.803125 0.334375 0.803125 0.628125 0.471875 0.628125
