0 0.0 0.646875 0.403125 0.646875 0.403125 1.0 0.0 1.0
0 0.0 0.0 0.528125 0.0 0.528125 0.353125 0.0 0.353125
0 0.209375 0.596875 0.603125 0.596875 0.603125 0.903125 0.209375 0.903125
0 0.696875 0.0 1.0 0.0 1.0 0.190625 0.696875 0.190625
0 0.0 0.0 0.190625 0.0 0.190625 0.240625 0.0 0.240625
0 0.196875 0.409375 0.703125 0.409375 0.703125 0.728125 0.196875 0.728125
0 0.921875 0.396875 1.0 0.396875 1.0 0.528125 0.921875 0.528125
0 0.509375 0.171875 0.728125 0.171875 0.728125 0.390625 0.509375 0.390625
0 0.459375 0.0 0.703125 0.0 0.703125 0.165625 0.459375 0.165625
0 0.0 0.384375 0.278125 0.384375 0.278125 0.728125 0.0 0.728125
0 0.509375 0.946875 0.565625 0.946875 0.565625 1.0 0.509375 1.0
0 0.659375 0.046875 1.0 0.046875 1.0 0.478125 0.659375 0.478125
