0 0.0 0.209375 0.315625 0.209375 0.315625 0.590625 0.0 0.590625
0 0.0 0.909375 0.140625 0.909375 0.140625 1.0 0.0 1.0
0 0.609375 0.921875 0.703125 0.921875 0.703125 1.0 0.609375 1.0
0 0.0 0.0 0.390625 0.0 0.390625 0.215625 0.0 0.215625
0 0.884375 0.984375 0.928125 0.984375 0.928125 1.0 0.884375 1.0
0 0.946875 0.196875 1.0 0.196875 1.0 0.478125 0.946875 0.478125
0 0.296875 0.846875 0.640625 0.846875 0.640625 1.0 0.296875 1.0
0 0.284375 0.659375 0.553125 0.659375 0.553125 0.915625 0.284375 0.915625
0 0.359375 0.934375 0.478125 0.934375 0.478125 1.0 0.359375 1.0
0 0.0 0.609375 0.178125 0.609375 0.178125 0.878125 0.0 0.878125
0 0.696875 0.671875 1.0 0.671875 1.0 0.990625 0.696875 0.990625
0 0.0 0.009375 0.128125 0.009375 0.128125 0.303125 0.0 0.303125
0 0.221875 0.0 0.715625 0.0 0.715625 0.340625 0.221875 0.340625
