0 0.784375 0.421875 1.0 0.421875 1.0 0.740625 0.784375 0.740625
0 0.409375 0.434375 0.678125 0.434375 0.678125 0.778125 0.409375 0.778125
0 0.259375 0.784375 0.578125 0.784375 0.578125 1.0 0.259375 1.0
0 0.209375 0.884375 0.365625 0.884375 0.365625 1.0 0.209375 1.0
0 0.246875 0.771875 0.565625 0.771875 0.565625 0.940625 0.246875 0.940625
0 0.634375 0.0 1.0 0.0 1.0 0.303125 0.634375 0.303125
0 0.721875 0.909375 0.928125 0.909375 0.928125 1.0 0.721875 1.0
0 0.846875 0.796875 1.0 0.796875 1.0 1.0 0.846875 1.0
0 0.196875 0.421875 0.515625 0.421875 0.515625 0.740625 0.196875 0.740625
0 0.0 0.609375 0.303125 0.609375 0.303125 0.953125 0.0 0.953125
0 0.034375 0.909375 0.253125 0.909375 0.253125 1.0 0.034375 1.0
0 0.0 0.071875 0.303125 0.071875 0.303125 0.390625 0.0 0.390625
0 0.471875 0.234375 0.853125 0.234375 0.853125 0.528125 0.471875 0.528125
0 0.546875 0.734375 0.890625 0.734375 0.890625 0.990625 0.546875 0.990625
0 0.034375 0.746875 0.328125 0.746875 0.328125 0.978125 0.034375 0.978125
0 0.496875 0.0 0.828125 0.0 0.828125 0.240625 0.496875 0.240625
