0 0.509375 0.196875 0.828125 0.196875 0.828125 0.490625 0.509375 0.490625
0 0.0 0.809375 0.278125 0.809375 0.278125 1.0 0.0 1.0
0 0.409375 0.371875 0.690625 0.371875 0.690625 0.615625 0.409375 0.615625
0 0.0 0.559375 0.253125 0.559375 0.253125 0.803125 0.0 0.803125
0 0.671875 0.309375 0.990625 0.309375 0.990625 0.590625 0.671875 0.590625
0 0.171875 0.734375 0.428125 0.734375 0.428125 0.890625 0.171875 0.890625
0 0.584375 0.471875 0.803125 0.471875 0.803125 0.740625 0.584375 0.740625
0 0.709375 0.484375 0.953125 0.484375 0.953125 0.753125 0.709375 0.753125
0 0.721875 0.059375 0.990625 0.059375 0.990625 0.340625 0.721875 0.340625
0 0.884375 0.071875 1.0 0.071875 1.0 0.353125 0.884375 0.353125
0 0.884375 0.659375 1.0 0.659375 1.0 0.878125 0.884375 0.878125
0 0.584375 0.959375 0.715625 0.959375 0.715625 1.0 0.584375 1.0
0 0.134375 0.846875 0.478125 0.846875 0.478125 1.0 0.134375 1.0
0 0.0 0.746875 0.215625 0.746875 0.215625 0.928125 0.0 0.928125
0 0.0 0.221875 0.153125 0.221875 0.153125 0.490625 0.0 0.490625
