0 0.821875 0.0 1.0 0.0 1.0 0.228125 0.821875 0.228125
0 0.709375 0.071875 0.953125 0.071875 0.953125 0.290625 0.709375 0.290625
0 0.346875 0.321875 0.640625 0.321875 0.640625 0.603125 0.346875 0.603125
0 0.509375 0.621875 0.728125 0.621875 0.728125 0.828125 0.509375 0.828125
0 0.884375 0.509375 1.0 0.509375 1.0 0.753125 0.884375 0.753125
0 0.171875 0.809375 0.440625 0.809375 0.440625 1.0 0.171875 1.0
0 0.346875 0.709375 0.653125 0.709375 0.653125 0.953125 0.346875 0.953125
0 0.409375 0.909375 0.578125 0.909375 0.578125 1.0 0.409375 1.0
0 0.396875 0.0 0.690625 0.0 0.690625 0.165625 0.396875 0.165625
0 0.696875 0.971875 0.753125 0.971875 0.753125 1.0 0.696875 1.0
0 0.309375 0.434375 0.478125 0.434375 0.478125 0.615625 0.309375 0.615625
0 0.346875 0.071875 0.690625 0.071875 0.690625 0.328125 0.346875 0.328125
0 0.871875 0.709375 1.0 0.709375 1.0 0.928125 0.871875 0.928125
0 0.471875 0.209375 0.778125 0.209375 0.778125 0.403125 0.471875 0.403125
