0 0.771875 0.034375 1.0 0.034375 1.0 0.303125 0.771875 0.303125
0 0.884375 0.734375 1.0 0.734375 1.0 1.0 0.884375 1.0
0 0.184375 0.884375 0.440625 0.884375 0.440625 1.0 0.184375 1.0
0 0.784375 0.684375 1.0 0.684375 1.0 0.990625 0.784375 0.990625
0 0.621875 0.059375 0.853125 0.059375 0.853125 0.303125 0.621875 0.303125
0 0.0 0.196875 0.228125 0.196875 0.228125 0.490625 0.0 0.490625
0 0.846875 0.321875 1.0 0.321875 1.0 0.665625 0.846875 0.665625
0 0.196875 0.346875 0.540625 0.346875 0.540625 0.678125 0.196875 0.678125
0 0.109375 0.409375 0.315625 0.409375 0.315625 0.653125 0.109375 0.653125
0 0.809375 0.984375 0.853125 0.984375 0.853125 1.0 0.809375 1.0
0 0.109375 0.021875 0.565625 0.021875 0.565625 0.365625 0.109375 0.365625
0 0.796875 0.0 1.0 0.0 1.0 0.165625 0.796875 0.165625
0 0.659375 0.471875 0.953125 0.471875 0.953125 0.765625 0.659375 0.765625
0 0.646875 0.121875 0.928125 0.121875 0.928125 0.465625 0.646875 0.465625
