0 0.0 0.221875 0.353125 0.221875 0.353125 0.590625 0.0 0.590625
0 0.221875 0.0 0.590625 0.0 0.590625 0.353125 0.221875 0.353125
0 0.684375 0.534375 1.0 0.534375 1.0 0.953125 0.684375 0.953125
0 0.0 0.771875 0.315625 0.771875 0.315625 1.0 0.0 1.0
0 0.659375 0.121875 1.0 0.121875 1.0 0.465625 0.659375 0.465625
0 0.521875 0.321875 0.815625 0.321875 0.815625 0.665625 0.521875 0.665625
0 0.984375 0.859375 1.0 0.859375 1.0 0.890625 0.984375 0.890625
0 0.459375 0.659375 0.790625 0.659375 0.790625 1.0 0.459375 1.0
0 0.084375 0.634375 0.340625 0.634375 0.340625 0.865625 0.084375 0.865625
0 0.921875 0.384375 1.0 0.384375 1.0 0.515625 0.921875 0.515625
0 0.446875 0.109375 0.753125 0.109375 0.753125 0.390625 0.446875 0.390625
0 0.321875 0.371875 0.628125 0.371875 0.628125 0.715625 0.321875 0.715625
0 0.946875 0.0 0.978125 0.0 0.978125 0.015625 0.946875 0.015625
0 0.671875 0.759375 0.965625 0.759375 0.965625 1.0 0.671875 1.0
0 0.171875 0.746875 0.590625 0.746875 0.590625 1.0 0.171875 1.0
