0 0.796875 0.046875 1.0 0.046875 1.0 0.403125 0.796875 0.403125
0 0.659375 0.959375 0.778125 0.959375 0.778125 1.0 0.659375 1.0
0 0.0 0.009375 0.203125 0.009375 0.203125 0.278125 0.0 0.278125
0 0.296875 0.959375 0.390625 0.959375 0.390625 1.0 0.296875 1.0
0 0.809375 0.559375 1.0 0.559375 1.0 0.890625 0.809375 0.890625
0 0.546875 0.484375 0.878125 0.484375 0.878125 0.803125 0.546875 0.803125
0 0.284375 0.0 0.640625 0.0 0.640625 0.253125 0.284375 0.253125
0 0.084375 0.434375 0.453125 0.434375 0.453125 0.728125 0.084375 0.728125
0 0.0 0.784375 0.215625 0.784375 0.215625 0.990625 0.0 0.990625
0 0.446875 0.109375 0.840625 0.109375 0.840625 0.440625 0.446875 0.440625
0 0.0 0.909375 0.190625 0.909375 0.190625 1.0 0.0 1.0
