0 0.659375 0.284375 0.928125 0.284375 0.928125 0.553125 0.659375 0.553125
0 0.134375 0.346875 0.403125 0.346875 0.403125 0.553125 0.134375 0.553125
0 0.921875 0.346875 1.0 0.346875 1.0 0.528125 0.921875 0.528125
0 0.359375 0.946875 0.490625 0.946875 0.490625 1.0 0.359375 1.0
0 0.271875 0.534375 0.565625 0.534375 0.565625 0.765625 0.271875 0.765625
0 0.146875 0.946875 0.278125 0.946875 0.278125 1.0 0.146875 1.0
0 0.584375 0.046875 0.753125 0.046875 0.753125 0.215625 0.584375 0.215625
0 0.171875 0.209375 0.503125 0.209375 0.503125 0.415625 0.171875 0.415625
0 0.321875 0.784375 0.628125 0.784375 0.628125 0.978125 0.321875 0.978125
0 0.946875 0.221875 1.0 0.221875 1.0 0.365625 0.946875 0.365625
0 0.346875 0.371875 0.653125 0.371875 0.653125 0.578125 0.346875 0.578125
0 0.059375 0.234375 0.353125 0.234375 0.353125 0.415625 0.059375 0.415625
