0 0.446875 0.334375 0.790625 0.334375 0.790625 0.628125 0.446875 0.628125
0 0.696875 0.559375 0.953125 0.559375 0.953125 0.790625 0.696875 0.790625
0 0.584375 0.484375 0.790625 0.484375 0.790625 0.753125 0.584375 0.753125
0 0.759375 0.796875 1.0 0.796875 1.0 1.0 0.759375 1.0
0 0.384375 0.634375 0.678125 0.634375 0.678125 0.903125 0.384375 0.903125
0 0.196875 0.371875 0.478125 0.371875 0.478125 0.628125 0.196875 0.628125
0 0.684375 0.0 0.965625 0.0 0.965625 0.115625 0.684375 0.115625
0 0.684375 0.059375 0.853125 0.059375 0.853125 0.240625 0.684375 0.240625
0 0.209375 0.834375 0.540625 0.834375 0.540625 1.0 0.209375 1.0
0 0.0 0.696875 0.290625 0.696875 0.290625 0.915625 0.0 0.915625
