0 0.784375 0.321875 1.0 0.321875 1.0 0.565625 0.784375 0.565625
0 0.046875 0.596875 0.390625 0.596875 0.390625 0.903125 0.046875 0.903125
0 0.221875 0.0 0.515625 0.0 0.515625 0.290625 0.221875 0.290625
0 0.384375 0.059375 0.703125 0.059375 0.703125 0.440625 0.384375 0.440625
0 0.634375 0.0 0.940625 0.0 0.940625 0.253125 0.634375 0.253125
0 0.0 0.134375 0.303125 0.134375 0.303125 0.428125 0.0 0.428125
0 0.671875 0.0 0.940625 0.0 0.940625 0.128125 0.671875 0.128125
0 0.609375 0.296875 0.878125 0.296875 0.878125 0.465625 0.609375 0.465625
0 0.921875 0.421875 1.0 0.421875 1.0 0.528125 0.921875 0.528125
0 0.209375 0.346875 0.490625 0.346875 0.490625 0.628125 0.209375 0.628125
0 0.909375 0.0 1.0 0.0 1.0 0.253125 0.909375 0.253125
0 0.271875 0.909375 0.553125 0.909375 0.553125 1.0 0.271875 1.0
0 0.471875 0.0 0.715625 0.0 0.715625 0.115625 0.471875 0.115625
0 0.684375 0.859375 0.890625 0.859375 0.890625 1.0 0.684375 1.0
0 0.246875 0.971875 0.328125 0.971875 0.328125 1.0 0.246875 1.0
0 0.671875 0.684375 0.978125 0.684375 0.978125 0.953125 0.671875 0.953125
0 0.646875 0.221875 0.853125 0.221875 0.853125 0.390625 0.646875 0.390625
0 0.859375 0.196875 1.0 0.196875 1.0 0.415625 0.859375 0.415625
0 0.0 0.371875 0.253125 0.371875 0.253125 0.615625 0.0 0.615625
