0 0.884375 0.784375 1.0 0.784375 1.0 1.0 0.884375 1.0
0 0.496875 0.0 0.790625 0.0 0.790625 0.290625 0.496875 0.290625
0 0.0 0.346875 0.153125 0.346875 0.153125 0.640625 0.0 0.640625
0 0.871875 0.621875 1.0 0.621875 1.0 0.865625 0.871875 0.865625
0 0.096875 0.221875 0.478125 0.221875 0.478125 0.490625 0.096875 0.490625
0 0.0 0.696875 0.340625 0.696875 0.340625 1.0 0.0 1.0
0 0.346875 0.0 0.640625 0.0 0.640625 0.303125 0.346875 0.303125
0 0.0 0.084375 0.265625 0.084375 0.265625 0.378125 0.0 0.378125
0 0.746875 0.971875 0.803125 0.971875 0.803125 1.0 0.746875 1.0
0 0.709375 0.0 0.990625 0.0 0.990625 0.253125 0.709375 0.253125
0 0.734375 0.521875 0.990625 0.521875 0.990625 0.715625 0.734375 0.715625
0 0.659375 0.346875 1.0 0.346875 1.0 0.653125 0.659375 0.653125
0 0.709375 0.784375 0.940625 0.784375 0.940625 1.0 0.709375 1.0
0 0.0 0.021875 0.328125 0.021875 0.328125 0.290625 0.0 0.290625
