0 0.021875 0.521875 0.440625 0.521875 0.440625 0.853125 0.021875 0.853125
0 0.384375 0.334375 0.778125 0.334375 0.778125 0.740625 0.384375 0.740625
0 0.546875 0.0 0.853125 0.0 0.853125 0.165625 0.546875 0.165625
0 0.896875 0.896875 1.0 0.896875 1.0 1.0 0.896875 1.0
0 0.571875 0.471875 0.965625 0.471875 0.965625 0.715625 0.571875 0.715625
0 0.0 0.884375 0.265625 0.884375 0.265625 1.0 0.0 1.0
0 0.0 0.634375 0.115625 0.634375 0.115625 0.990625 0.0 0.990625
0 0.0 0.684375 0.328125 0.684375 0.328125 0.928125 0.0 0.928125
0 0.759375 0.809375 1.0 0.809375 1.0 1.0 0.759375 1.0
0 0.021875 0.334375 0.290625 0.334375 0.290625 0.540625 0.021875 0.540625
0 0.046875 0.109375 0.290625 0.109375 0.290625 0.365625 0.046875 0.365625
0 0.696875 0.921875 0.903125 0.921875 0.903125 1.0 0.696875 1.0
0 0.171875 0.109375 0.603125 0.109375 0.603125 0.440625 0.171875 0.440625
0 0.034375 0.021875 0.440625 0.021875 0.440625 0.390625 0.034375 0.390625
0 0.071875 0.396875 0.440625 0.396875 0.440625 0.603125 0.071875 0.603125
