0 0.0 0.146875 0.278125 0.146875 0.278125 0.428125 0.0 0.428125
0 0.209375 0.309375 0.515625 0.309375 0.515625 0.603125 0.209375 0.603125
0 0.446875 0.096875 0.728125 0.096875 0.728125 0.378125 0.446875 0.378125
0 0.084375 0.971875 0.115625 0.971875 0.115625 1.0 0.084375 1.0
0 0.809375 0.784375 1.0 0.784375 1.0 1.0 0.809375 1.0
0 0.096875 0.621875 0.378125 0.621875 0.378125 0.853125 0.096875 0.853125
0 0.184375 0.946875 0.328125 0.946875 0.328125 1.0 0.184375 1.0
0 0.834375 0.146875 1.0 0.146875 1.0 0.403125 0.834375 0.403125
0 0.746875 0.0 0.978125 0.0 0.978125 0.190625 0.746875 0.190625
0 0.0 0.371875 0.278125 0.371875 0.278125 0.603125 0.0 0.603125
0 0.321875 0.671875 0.565625 0.671875 0.565625 0.915625 0.321875 0.915625
0 0.771875 0.446875 1.0 0.446875 1.0 0.690625 0.771875 0.690625
0 0.671875 0.421875 0.853125 0.421875 0.853125 0.628125 0.671875 0.628125
0 0.484375 0.846875 0.765625 0.846875 0.765625 1.0 0.484375 1.0
0 0.934375 0.0 1.0 0.0 1.0 0.140625 0.934375 0.140625
0 0.096875 0.0 0.490625 0.0 0.490625 0.253125 0.096875 0.253125
0 0.921875 0.634375 1.0 0.634375 1.0 0.815625 0.921875 0.815625
0 0.371875 0.671875 0.690625 0.671875 0.690625 0.890625 0.371875 0.890625
0 0.734375 0.384375 0.990625 0.384375 0.990625 0.565625 0.734375 0.565625
0 0.671875 0.009375 0.903125 0.009375 0.903125 0.303125 0.671875 0.303125
0 0.121875 0.821875 0.428125 0.821875 0.428125 1.0 0.121875 1.0
0 0.384375 0.359375 0.690625 0.359375 0.690625 0.553125 0.384375 0.553125
0 0.884375 0.509375 1.0 0.509375 1.0 0.678125 0.884375 0.678125
