0 0.346875 0.0 0.603125 0.0 0.603125 0.203125 0.346875 0.203125
0 0.584375 0.659375 0.853125 0.659375 0.853125 0.953125 0.584375 0.953125
0 0.271875 0.109375 0.503125 0.109375 0.503125 0.365625 0.271875 0.365625
0 0.596875 0.409375 0.815625 0.409375 0.815625 0.603125 0.596875 0.603125
0 0.709375 0.009375 1.0 0.009375 1.0 0.290625 0.709375 0.290625
0 0.859375 0.909375 1.0 0.909375 1.0 1.0 0.859375 1.0
0 0.471875 0.371875 0.678125 0.371875 0.678125 0.653125 0.471875 0.653125
0 0.484375 0.796875 0.753125 0.796875 0.753125 1.0 0.484375 1.0
0 0.696875 0.734375 0.990625 0.734375 0.990625 0.978125 0.696875 0.978125
0 0.259375 0.609375 0.553125 0.609375 0.553125 0.853125 0.259375 0.853125
0 0.146875 0.809375 0.365625 0.809375 0.365625 1.0 0.146875 1.0
0 0.321875 0.821875 0.553125 0.821875 0.553125 1.0 0.321875 1.0
0 0.146875 0.159375 0.403125 0.159375 0.403125 0.428125 0.146875 0.428125
0 0.384375 0.096875 0.628125 0.096875 0.628125 0.278125 0.384375 0.278125
0 0.896875 0.534375 1.0 0.534375 1.0 0.740625 0.896875 0.740625
0 0.346875 0.734375 0.590625 0.734375 0.590625 0.928125 0.346875 0.928125
0 0.121875 0.684375 0.365625 0.684375 0.365625 0.865625 0.121875 0.865625
0 0.534375 0.034375 0.753125 0.034375 0.753125 0.228125 0.534375 0.228125
0 0.946875 0.259375 1.0 0.259375 1.0 0.390625 0.946875 0.390625
