0 0.609375 0.509375 0.853125 0.509375 0.853125 0.740625 0.609375 0.740625
0 0.609375 0.771875 0.815625 0.771875 0.815625 0.953125 0.609375 0.953125
0 0.484375 0.0 0.753125 0.0 0.753125 0.128125 0.484375 0.128125
0 0.109375 0.184375 0.390625 0.184375 0.390625 0.415625 0.109375 0.415625
0 0.221875 0.571875 0.478125 0.571875 0.478125 0.803125 0.221875 0.803125
0 0.821875 0.196875 1.0 0.196875 1.0 0.378125 0.821875 0.378125
0 0.159375 0.271875 0.515625 0.271875 0.515625 0.515625 0.159375 0.515625
0 0.221875 0.784375 0.515625 0.784375 0.515625 0.990625 0.221875 0.990625
0 0.496875 0.746875 0.690625 0.746875 0.690625 0.928125 0.496875 0.928125
0 0.809375 0.459375 1.0 0.459375 1.0 0.690625 0.809375 0.690625
