0 0.684375 0.596875 0.915625 0.596875 0.915625 0.903125 0.684375 0.903125
0 0.371875 0.846875 0.603125 0.846875 0.603125 1.0 0.371875 1.0
0 0.634375 0.696875 0.928125 0.696875 0.928125 0.965625 0.634375 0.965625
0 0.021875 0.284375 0.340625 0.284375 0.340625 0.553125 0.021875 0.553125
0 0.009375 0.659375 0.315625 0.659375 0.315625 0.915625 0.009375 0.915625
0 0.009375 0.709375 0.340625 0.709375 0.340625 0.978125 0.009375 0.978125
0 0.571875 0.834375 0.790625 0.834375 0.790625 1.0 0.571875 1.0
0 0.709375 0.321875 0.965625 0.321875 0.965625 0.603125 0.709375 0.603125
0 0.259375 0.246875 0.528125 0.246875 0.528125 0.490625 0.259375 0.490625
0 0.734375 0.021875 1.0 0.021875 1.0 0.278125 0.734375 0.278125
0 0.759375 0.871875 1.0 0.871875 1.0 1.0 0.759375 1.0
0 0.884375 0.584375 1.0 0.584375 1.0 0.815625 0.884375 0.815625
0 0.059375 0.109375 0.365625 0.109375 0.365625 0.365625 0.059375 0.365625
0 0.146875 0.459375 0.440625 0.459375 0.440625 0.690625 0.146875 0.690625
0 0.071875 0.521875 0.315625 0.521875 0.315625 0.728125 0.071875 0.728125
0 0.821875 0.0 1.0 0.0 1.0 0.165625 0.821875 0.165625
0 0.509375 0.0 0.740625 0.0 0.740625 0.140625 0.509375 0.140625
0 0.434375 0.209375 0.740625 0.209375 0.740625 0.453125 0.434375 0.453125
0 0.209375 0.784375 0.465625 0.784375 0.465625 0.978125 0.209375 0.978125
0 0.946875 0.259375 1.0 0.259375 1.0 0.403125 0.946875 0.403125
