0 0.571875 0.946875 0.703125 0.946875 0.703125 1.0 0.571875 1.0
0 0.446875 0.021875 0.753125 0.021875 0.753125 0.278125 0.446875 0.278125
0 0.496875 0.809375 0.703125 0.809375 0.703125 1.0 0.496875 1.0
0 0.0 0.434375 0.178125 0.434375 0.178125 0.628125 0.0 0.628125
0 0.621875 0.459375 0.890625 0.459375 0.890625 0.715625 0.621875 0.715625
0 0.396875 0.0 0.640625 0.0 0.640625 0.140625 0.396875 0.140625
0 0.784375 0.346875 1.0 0.346875 1.0 0.628125 0.784375 0.628125
0 0.0 0.0 0.203125 0.0 0.203125 0.228125 0.0 0.228125
0 0.709375 0.0 0.990625 0.0 0.990625 0.203125 0.709375 0.203125
0 0.0 0.021875 0.328125 0.021875 0.328125 0.290625 0.0 0.290625
0 0.634375 0.784375 0.915625 0.784375 0.915625 1.0 0.634375 1.0
