0 0.246875 0.321875 0.578125 0.321875 0.578125 0.590625 0.246875 0.590625
0 0.921875 0.546875 1.0 0.546875 1.0 0.728125 0.921875 0.728125
0 0.209375 0.584375 0.590625 0.584375 0.590625 0.928125 0.209375 0.928125
0 0.921875 0.196875 1.0 0.196875 1.0 0.428125 0.921875 0.428125
0 0.634375 0.846875 0.915625 0.846875 0.915625 1.0 0.634375 1.0
0 0.159375 0.959375 0.253125 0.959375 0.253125 1.0 0.159375 1.0
0 0.209375 0.296875 0.615625 0.296875 0.615625 0.515625 0.209375 0.515625
0 0.646875 0.659375 0.940625 0.659375 0.940625 0.903125 0.646875 0.903125
0 0.671875 0.009375 0.978125 0.009375 0.978125 0.303125 0.671875 0.303125
0 0.509375 0.959375 0.678125 0.959375 0.678125 1.0 0.509375 1.0
0 0.609375 0.459375 0.915625 0.459375 0.915625 0.715625 0.609375 0.715625
0 0.971875 0.409375 1.0 0.409375 1.0 0.490625 0.971875 0.490625
0 0.296875 0.146875 0.603125 0.146875 0.603125 0.390625 0.296875 0.390625
0 0.621875 0.959375 0.703125 0.959375 0.703125 1.0 0.621875 1.0
0 0.471875 0.034375 0.640625 0.034375 0.640625 0.228125 0.471875 0.228125
0 0.246875 0.0 0.440625 0.0 0.440625 0.115625 0.246875 0.115625
0 0.534375 0.0 0.803125 0.0 0.803125 0.253125 0.534375 0.253125
0 0.934375 0.034375 1.0 0.034375 1.0 0.253125 0.934375 0.253125
0 0.0 0.721875 0.240625 0.721875 0.240625 0.978125 0.0 0.978125
