0 0.284375 0.809375 0.578125 0.809375 0.578125 1.0 0.284375 1.0
0 0.0 0.0 0.328125 0.0 0.328125 0.2375 0.0 0.2375
0 0.309375 0.484375 0.615625 0.484375 0.615625 0.703125 0.309375 0.703125
0 0.959375 0.584375 1.0 0.584375 1.0 0.678125 0.959375 0.678125
0 0.484375 0.0 0.753125 0.0 0.753125 0.215625 0.484375 0.215625
0 0.834375 0.071875 1.0 0.071875 1.0 0.303125 0.834375 0.303125
0 0.284375 0.246875 0.540625 0.246875 0.540625 0.478125 0.284375 0.478125
0 0.384375 0.346875 0.628125 0.346875 0.628125 0.578125 0.384375 0.578125
0 0.946875 0.884375 1.0 0.884375 1.0 1.0 0.946875 1.0
0 0.721875 0.021875 0.965625 0.021875 0.965625 0.265625 0.721875 0.265625
0 0.784375 0.684375 1.0 0.684375 1.0 0.965625 0.784375 0.965625
0 0.409375 0.696875 0.728125 0.696875 0.728125 0.915625 0.409375 0.915625
0 0.859375 0.334375 1.0 0.334375 1.0 0.540625 0.859375 0.540625
0 0.471875 0.146875 0.665625 0.146875 0.665625 0.353125 0.471875 0.353125
0 0.684375 0.421875 0.940625 0.421875 0.940625 0.665625 0.684375 0.665625
0 0.696875 0.909375 0.878125 0.909375 0.878125 1.0 0.696875 1.0
0 0.221875 0.409375 0.465625 0.409375 0.465625 0.603125 0.221875 0.603125
0 0.909375 0.0 1.0 0.0 1.0 0.165625 0.909375 0.165625
