0 0.109375 0.734375 0.378125 0.734375 0.378125 1.0 0.109375 1.0
0 0.346875 0.859375 0.578125 0.859375 0.578125 1.0 0.346875 1.0
0 0.709375 0.0 1.0 0.0 1.0 0.165625 0.709375 0.165625
0 0.809375 0.146875 1.0 0.146875 1.0 0.415625 0.809375 0.415625
0 0.596875 0.0 0.928125 0.0 0.928125 0.290625 0.596875 0.290625
0 0.521875 0.221875 0.815625 0.221875 0.815625 0.478125 0.521875 0.478125
0 0.0 0.484375 0.203125 0.484375 0.203125 0.790625 0.0 0.790625
0 0.859375 0.559375 1.0 0.559375 1.0 0.840625 0.859375 0.840625
0 0.646875 0.871875 0.903125 0.871875 0.903125 1.0 0.646875 1.0
0 0.196875 0.171875 0.478125 0.171875 0.478125 0.478125 0.196875 0.478125
0 0.871875 0.484375 1.0 0.484375 1.0 0.628125 0.871875 0.628125
0 0.696875 0.234375 0.940625 0.234375 0.940625 0.490625 0.696875 0.490625
0 0.209375 0.584375 0.615625 0.584375 0.615625 0.828125 0.209375 0.828125
0 0.271875 0.309375 0.615625 0.309375 0.615625 0.590625 0.271875 0.590625
0 0.421875 0.0 0.703125 0.0 0.703125 0.228125 0.421875 0.228125
0 0.009375 0.846875 0.265625 0.846875 0.265625 1.0 0.009375 1.0
0 0.046875 0.234375 0.440625 0.234375 0.440625 0.515625 0.046875 0.515625
0 0.571875 0.546875 0.903125 0.546875 0.903125 0.765625 0.571875 0.765625
0 0.609375 0.721875 0.915625 0.721875 0.915625 0.928125 0.609375 0.928125
0 0.0 0.209375 0.265625 0.209375 0.265625 0.490625 0.0 0.490625
