0 0.021875 0.359375 0.340625 0.359375 0.340625 0.640625 0.021875 0.640625
0 0.296875 0.421875 0.603125 0.421875 0.603125 0.703125 0.296875 0.703125
0 0.159375 0.0 0.490625 0.0 0.490625 0.215625 0.159375 0.215625
0 0.809375 0.571875 1.0 0.571875 1.0 0.853125 0.809375 0.853125
0 0.046875 0.884375 0.290625 0.884375 0.290625 1.0 0.046875 1.0
0 0.621875 0.659375 0.853125 0.659375 0.853125 0.865625 0.621875 0.865625
0 0.0 0.859375 0.178125 0.859375 0.178125 1.0 0.0 1.0
0 0.396875 0.296875 0.678125 0.296875 0.678125 0.540625 0.396875 0.540625
0 0.796875 0.809375 1.0 0.809375 1.0 1.0 0.796875 1.0
0 0.096875 0.759375 0.328125 0.759375 0.328125 0.953125 0.096875 0.953125
0 0.871875 0.171875 1.0 0.171875 1.0 0.415625 0.871875 0.415625
0 0.0 0.621875 0.315625 0.621875 0.315625 0.878125 0.0 0.878125
0 0.259375 0.159375 0.565625 0.159375 0.565625 0.378125 0.259375 0.378125
0 0.546875 0.0 0.828125 0.0 0.828125 0.115625 0.546875 0.115625
0 0.934375 0.984375 1.0 0.984375 1.0 1.0 0.934375 1.0
0 0.509375 0.596875 0.715625 0.596875 0.715625 0.803125 0.509375 0.803125
0 0.184375 0.0 0.553125 0.0 0.553125 0.153125 0.184375 0.153125
0 0.0 0.0 0.190625 0.0 0.190625 0.190625 0.0 0.190625
0 0.959375 0.621875 1.0 0.621875 1.0 0.728125 0.959375 0.728125
0 0.096875 0.0 0.378125 0.0 0.378125 0.240625 0.096875 0.240625
0 0.546875 0.909375 0.753125 0.909375 0.753125 1.0 0.546875 1.0
0 0.684375 0.734375 0.915625 0.734375 0.915625 0.965625 0.684375 0.965625
