0 0.709375 0.309375 0.953125 0.309375 0.953125 0.590625 0.709375 0.590625
0 0.871875 0.359375 1.0 0.359375 1.0 0.703125 0.871875 0.703125
0 0.446875 0.584375 0.678125 0.584375 0.678125 0.828125 0.446875 0.828125
0 0.346875 0.734375 0.565625 0.734375 0.565625 0.928125 0.346875 0.928125
0 0.659375 0.121875 0.890625 0.121875 0.890625 0.365625 0.659375 0.365625
0 0.621875 0.0 0.915625 0.0 0.915625 0.203125 0.621875 0.203125
0 0.659375 0.809375 0.903125 0.809375 0.903125 1.0 0.659375 1.0
0 0.809375 0.759375 1.0 0.759375 1.0 0.978125 0.809375 0.978125
0 0.934375 0.121875 1.0 0.121875 1.0 0.278125 0.934375 0.278125
0 0.271875 0.846875 0.478125 0.846875 0.478125 1.0 0.271875 1.0
0 0.284375 0.609375 0.528125 0.609375 0.528125 0.790625 0.284375 0.790625
0 0.0 0.296875 0.328125 0.296875 0.328125 0.540625 0.0 0.540625
0 0.384375 0.396875 0.703125 0.396875 0.703125 0.615625 0.384375 0.615625
0 0.259375 0.296875 0.590625 0.296875 0.590625 0.540625 0.259375 0.540625
