0 0.321875 0.984375 0.353125 0.984375 0.353125 1.0 0.321875 1.0
0 0.584375 0.634375 0.865625 0.634375 0.865625 0.878125 0.584375 0.878125
0 0.696875 0.359375 0.978125 0.359375 0.978125 0.578125 0.696875 0.578125
0 0.946875 0.059375 1.0 0.059375 1.0 0.215625 0.946875 0.215625
0 0.659375 0.534375 0.915625 0.534375 0.915625 0.740625 0.659375 0.740625
0 0.884375 0.796875 1.0 0.796875 1.0 1.0 0.884375 1.0
0 0.909375 0.471875 1.0 0.471875 1.0 0.678125 0.909375 0.678125
0 0.909375 0.646875 1.0 0.646875 1.0 0.828125 0.909375 0.828125
0 0.171875 0.771875 0.415625 0.771875 0.415625 1.0 0.171875 1.0
0 0.559375 0.484375 0.765625 0.484375 0.765625 0.653125 0.559375 0.653125
0 0.784375 0.0 0.965625 0.0 0.965625 0.178125 0.784375 0.178125
0 0.146875 0.646875 0.465625 0.646875 0.465625 0.840625 0.146875 0.840625
0 0.246875 0.009375 0.553125 0.009375 0.553125 0.278125 0.246875 0.278125
0 0.509375 0.0 0.778125 0.0 0.778125 0.165625 0.509375 0.165625
