0 0.046875 0.846875 0.428125 0.846875 0.428125 1.0 0.046875 1.0
0 0.959375 0.0 1.0 0.0 1.0 0.053125 0.959375 0.053125
0 0.484375 0.046875 0.715625 0.046875 0.715625 0.290625 0.484375 0.290625
0 0.221875 0.771875 0.465625 0.771875 0.465625 0.978125 0.221875 0.978125
0 0.834375 0.559375 1.0 0.559375 1.0 0.840625 0.834375 0.840625
0 0.446875 0.521875 0.728125 0.521875 0.728125 0.765625 0.446875 0.765625
0 0.421875 0.0 0.728125 0.0 0.728125 0.128125 0.421875 0.128125
0 0.221875 0.634375 0.478125 0.634375 0.478125 0.840625 0.221875 0.840625
0 0.109375 0.234375 0.415625 0.234375 0.415625 0.503125 0.109375 0.503125
0 0.434375 0.246875 0.665625 0.246875 0.665625 0.465625 0.434375 0.465625
0 0.784375 0.421875 1.0 0.421875 1.0 0.628125 0.784375 0.628125
0 0.159375 0.471875 0.340625 0.471875 0.340625 0.653125 0.159375 0.653125
0 0.034375 0.546875 0.265625 0.546875 0.265625 0.690625 0.034375 0.690625
0 0.346875 0.409375 0.540625 0.409375 0.540625 0.615625 0.346875 0.615625
0 0.321875 0.171875 0.478125 0.171875 0.478125 0.328125 0.321875 0.328125
0 0.396875 0.684375 0.665625 0.684375 0.665625 0.878125 0.396875 0.878125
0 0.684375 0.509375 0.915625 0.509375 0.915625 0.728125 0.684375 0.728125
0 0.0 0.696875 0.278125 0.696875 0.278125 0.928125 0.0 0.928125
0 0.834375 0.059375 1.0 0.059375 1.0 0.340625 0.834375 0.340625
0 0.784375 0.721875 0.965625 0.721875 0.965625 0.915625 0.784375 0.915625
0 0.584375 0.146875 0.890625 0.146875 0.890625 0.415625 0.584375 0.415625
