0 0.0 0.021875 0.178125 0.021875 0.178125 0.253125 0.0 0.253125
0 0.034375 0.746875 0.203125 0.746875 0.203125 0.915625 0.034375 0.915625
0 0.721875 0.121875 1.0 0.121875 1.0 0.390625 0.721875 0.390625
0 0.646875 0.034375 0.890625 0.034375 0.890625 0.315625 0.646875 0.315625
0 0.809375 0.0 1.0 0.0 1.0 0.178125 0.809375 0.178125
0 0.296875 0.596875 0.603125 0.596875 0.603125 0.890625 0.296875 0.890625
0 0.871875 0.809375 1.0 0.809375 1.0 1.0 0.871875 1.0
0 0.134375 0.684375 0.353125 0.684375 0.353125 0.940625 0.134375 0.940625
0 0.0 0.634375 0.178125 0.634375 0.178125 0.915625 0.0 0.915625
0 0.434375 0.0 0.678125 0.0 0.678125 0.215625 0.434375 0.215625
0 0.121875 0.546875 0.415625 0.546875 0.415625 0.753125 0.121875 0.753125
0 0.021875 0.359375 0.365625 0.359375 0.365625 0.603125 0.021875 0.603125
0 0.184375 0.809375 0.478125 0.809375 0.478125 1.0 0.184375 1.0
0 0.659375 0.0 0.890625 0.0 0.890625 0.140625 0.659375 0.140625
0 0.796875 0.509375 1.0 0.509375 1.0 0.728125 0.796875 0.728125
0 0.284375 0.146875 0.528125 0.146875 0.528125 0.328125 0.284375 0.328125
0 0.584375 0.646875 0.778125 0.646875 0.778125 0.828125 0.584375 0.828125
0 0.234375 0.0 0.528125 0.0 0.528125 0.215625 0.234375 0.215625
0 0.0 0.821875 0.228125 0.821875 0.228125 1.0 0.0 1.0
