0 0.646875 0.034375 1.0 0.034375 1.0 0.465625 0.646875 0.465625
0 0.909375 0.484375 1.0 0.484375 1.0 0.665625 0.909375 0.665625
0 0.034375 0.0 0.503125 0.0 0.503125 0.290625 0.034375 0.290625
0 0.121875 0.296875 0.603125 0.296875 0.603125 0.753125 0.121875 0.753125
0 0.059375 0.509375 0.478125 0.509375 0.478125 0.878125 0.059375 0.878125
0 0.509375 0.384375 0.940625 0.384375 0.940625 0.853125 0.509375 0.853125
0 0.046875 0.146875 0.215625 0.146875 0.215625 0.315625 0.046875 0.315625
0 0.0 0.284375 0.265625 0.284375 0.265625 0.540625 0.0 0.540625
0 0.934375 0.696875 1.0 0.696875 1.0 0.953125 0.934375 0.953125
0 0.246875 0.759375 0.690625 0.759375 0.690625 1.0 0.246875 1.0
0 0.0 0.821875 0.403125 0.821875 0.403125 1.0 0.0 1.0
