0 0.796875 0.284375 1.0 0.284375 1.0 0.540625 0.796875 0.540625
0 0.396875 0.184375 0.678125 0.184375 0.678125 0.503125 0.396875 0.503125
0 0.671875 0.271875 0.903125 0.271875 0.903125 0.528125 0.671875 0.528125
0 0.696875 0.559375 0.915625 0.559375 0.915625 0.815625 0.696875 0.815625
0 0.0 0.009375 0.290625 0.009375 0.290625 0.278125 0.0 0.278125
0 0.259375 0.759375 0.515625 0.759375 0.515625 1.0 0.259375 1.0
0 0.521875 0.084375 0.778125 0.084375 0.778125 0.290625 0.521875 0.290625
0 0.334375 0.0 0.640625 0.0 0.640625 0.228125 0.334375 0.228125
0 0.559375 0.971875 0.615625 0.971875 0.615625 1.0 0.559375 1.0
0 0.809375 0.0 1.0 0.0 1.0 0.190625 0.809375 0.190625
0 0.421875 0.721875 0.703125 0.721875 0.703125 1.0 0.421875 1.0
0 0.109375 0.609375 0.365625 0.609375 0.365625 0.853125 0.109375 0.853125
0 0.771875 0.771875 1.0 0.771875 1.0 1.0 0.771875 1.0
0 0.884375 0.421875 1.0 0.421875 1.0 0.653125 0.884375 0.653125
0 0.109375 0.921875 0.328125 0.921875 0.328125 1.0 0.109375 1.0
0 0.709375 0.159375 0.965625 0.159375 0.965625 0.340625 0.709375 0.340625
0 0.934375 0.546875 1.0 0.546875 1.0 0.703125 0.934375 0.703125
0 0.146875 0.584375 0.553125 0.584375 0.553125 0.803125 0.146875 0.803125
0 0.634375 0.559375 0.828125 0.559375 0.828125 0.740625 0.634375 0.740625
0 0.034375 0.921875 0.240625 0.921875 0.240625 1.0 0.034375 1.0
