0 0.271875 0.496875 0.578125 0.496875 0.578125 0.815625 0.271875 0.815625
0 0.0 0.284375 0.215625 0.284375 0.215625 0.615625 0.0 0.615625
0 0.0 0.009375 0.215625 0.009375 0.215625 0.340625 0.0 0.340625
0 0.784375 0.321875 1.0 0.321875 1.0 0.615625 0.784375 0.615625
0 0.146875 0.184375 0.490625 0.184375 0.490625 0.478125 0.146875 0.478125
0 0.109375 0.396875 0.328125 0.396875 0.328125 0.553125 0.109375 0.553125
0 0.684375 0.659375 0.865625 0.659375 0.865625 0.865625 0.684375 0.865625
0 0.334375 0.909375 0.515625 0.909375 0.515625 1.0 0.334375 1.0
0 0.159375 0.246875 0.315625 0.246875 0.315625 0.428125 0.159375 0.428125
0 0.0 0.609375 0.290625 0.609375 0.290625 0.853125 0.0 0.853125
0 0.309375 0.221875 0.615625 0.221875 0.615625 0.428125 0.309375 0.428125
0 0.071875 0.509375 0.378125 0.509375 0.378125 0.740625 0.071875 0.740625
0 0.234375 0.734375 0.590625 0.734375 0.590625 0.953125 0.234375 0.953125
0 0.671875 0.109375 0.978125 0.109375 0.978125 0.378125 0.671875 0.378125
0 0.0 0.809375 0.353125 0.809375 0.353125 1.0 0.0 1.0
