0 0.834375 0.546875 1.0 0.546875 1.0 0.790625 0.834375 0.790625
0 0.546875 0.071875 0.978125 0.071875 0.978125 0.528125 0.546875 0.528125
0 0.034375 0.0 0.465625 0.0 0.465625 0.353125 0.034375 0.353125
0 0.671875 0.334375 0.915625 0.334375 0.915625 0.540625 0.671875 0.540625
0 0.546875 0.671875 0.840625 0.671875 0.840625 0.940625 0.546875 0.940625
0 0.884375 0.884375 1.0 0.884375 1.0 1.0 0.884375 1.0
0 0.871875 0.096875 1.0 0.096875 1.0 0.353125 0.871875 0.353125
0 0.434375 0.221875 0.640625 0.221875 0.640625 0.453125 0.434375 0.453125
0 0.359375 0.746875 0.565625 0.746875 0.565625 0.978125 0.359375 0.978125
0 0.609375 0.721875 0.940625 0.721875 0.940625 0.965625 0.609375 0.965625
0 0.334375 0.309375 0.615625 0.309375 0.615625 0.465625 0.334375 0.465625
0 0.0 0.634375 0.315625 0.634375 0.315625 0.915625 0.0 0.915625
0 0.096875 0.359375 0.465625 0.359375 0.465625 0.628125 0.096875 0.628125
0 0.359375 0.409375 0.703125 0.409375 0.703125 0.715625 0.359375 0.715625
