0 0.234375 0.0 0.528125 0.0 0.528125 0.203125 0.234375 0.203125
0 0.984375 0.109375 1.0 0.109375 1.0 0.140625 0.984375 0.140625
0 0.0 0.434375 0.278125 0.434375 0.278125 0.728125 0.0 0.728125
0 0.296875 0.271875 0.490625 0.271875 0.490625 0.415625 0.296875 0.415625
0 0.721875 0.821875 0.978125 0.821875 0.978125 1.0 0.721875 1.0
0 0.371875 0.746875 0.640625 0.746875 0.640625 0.990625 0.371875 0.990625
0 0.359375 0.321875 0.678125 0.321875 0.678125 0.578125 0.359375 0.578125
0 0.096875 0.384375 0.415625 0.384375 0.415625 0.653125 0.096875 0.653125
0 0.684375 0.509375 0.965625 0.509375 0.965625 0.765625 0.684375 0.765625
0 0.984375 0.396875 1.0 0.396875 1.0 0.428125 0.984375 0.428125
0 0.446875 0.559375 0.690625 0.559375 0.690625 0.803125 0.446875 0.803125
0 0.584375 0.071875 0.853125 0.071875 0.853125 0.340625 0.584375 0.340625
0 0.909375 0.184375 1.0 0.184375 1.0 0.390625 0.909375 0.390625
0 0.796875 0.284375 0.990625 0.284375 0.990625 0.478125 0.796875 0.478125
0 0.859375 0.059375 1.0 0.059375 1.0 0.265625 0.859375 0.265625
0 0.784375 0.0 1.0 0.0 1.0 0.190625 0.784375 0.190625
0 0.584375 0.071875 0.878125 0.071875 0.878125 0.353125 0.584375 0.353125
