0 0.046875 0.184375 0.340625 0.184375 0.340625 0.428125 0.046875 0.428125
0 0.0 0.846875 0.165625 0.846875 0.165625 1.0 0.0 1.0
0 0.509375 0.684375 0.765625 0.684375 0.765625 0.890625 0.509375 0.890625
0 0.409375 0.296875 0.703125 0.296875 0.703125 0.478125 0.409375 0.478125
0 0.396875 0.484375 0.740625 0.484375 0.740625 0.740625 0.396875 0.740625
0 0.659375 0.0 0.915625 0.0 0.915625 0.128125 0.659375 0.128125
0 0.209375 0.946875 0.365625 0.946875 0.365625 1.0 0.209375 1.0
0 0.496875 0.809375 0.790625 0.809375 0.790625 1.0 0.496875 1.0
0 0.034375 0.134375 0.365625 0.134375 0.365625 0.315625 0.034375 0.315625
0 0.371875 0.771875 0.653125 0.771875 0.653125 1.0 0.371875 1.0
0 0.659375 0.096875 0.903125 0.096875 0.903125 0.315625 0.659375 0.315625
0 0.959375 0.846875 1.0 0.846875 1.0 0.928125 0.959375 0.928125
0 0.684375 0.234375 0.965625 0.234375 0.965625 0.490625 0.684375 0.490625
0 0.309375 0.734375 0.503125 0.734375 0.503125 0.965625 0.309375 0.965625
0 0.284375 0.409375 0.515625 0.409375 0.515625 0.640625 0.284375 0.640625
0 0.509375 0.171875 0.740625 0.171875 0.740625 0.378125 0.509375 0.378125
0 0.921875 0.271875 1.0 0.271875 1.0 0.428125 0.921875 0.428125
0 0.896875 0.659375 1.0 0.659375 1.0 0.840625 0.896875 0.840625
0 0.809375 0.734375 1.0 0.734375 1.0 0.965625 0.809375 0.965625
0 0.034375 0.834375 0.353125 0.834375 0.353125 1.0 0.034375 1.0
0 0.346875 0.396875 0.565625 0.396875 0.565625 0.603125 0.346875 0.603125
0 0.921875 0.0 1.0 0.0 1.0 0.078125 0.921875 0.078125
0 0.871875 0.046875 1.0 0.046875 1.0 0.315625 0.871875 0.315625
