0 0.496875 0.0 0.715625 0.0 0.715625 0.140625 0.496875 0.140625
0 0.134375 0.0 0.453125 0.0 0.453125 0.215625 0.134375 0.215625
0 0.234375 0.284375 0.528125 0.284375 0.528125 0.590625 0.234375 0.590625
0 0.796875 0.446875 0.990625 0.446875 0.990625 0.703125 0.796875 0.703125
0 0.246875 0.521875 0.503125 0.521875 0.503125 0.690625 0.246875 0.690625
0 0.809375 0.009375 1.0 0.009375 1.0 0.253125 0.809375 0.253125
0 0.134375 0.596875 0.415625 0.596875 0.415625 0.803125 0.134375 0.803125
0 0.846875 0.0 1.0 0.0 1.0 0.140625 0.846875 0.140625
0 0.646875 0.0 0.865625 0.0 0.865625 0.215625 0.646875 0.215625
0 0.971875 0.721875 1.0 0.721875 1.0 0.828125 0.971875 0.828125
0 0.846875 0.959375 0.990625 0.959375 0.990625 1.0 0.846875 1.0
0 0.796875 0.834375 0.965625 0.834375 0.965625 1.0 0.796875 1.0
0 0.384375 0.959375 0.453125 0.959375 0.453125 1.0 0.384375 1.0
0 0.659375 0.659375 0.903125 0.659375 0.903125 0.878125 0.659375 0.878125
0 0.734375 0.546875 1.0 0.546875 1.0 0.715625 0.734375 0.715625
0 0.959375 0.446875 1.0 0.446875 1.0 0.578125 0.959375 0.578125
0 0.271875 0.696875 0.603125 0.696875 0.603125 0.903125 0.271875 0.903125
