0 0.709375 0.784375 1.0 0.784375 1.0 0.965625 0.709375 0.965625
0 0.296875 0.446875 0.603125 0.446875 0.603125 0.815625 0.296875 0.815625
0 0.809375 0.921875 0.965625 0.921875 0.965625 1.0 0.809375 1.0
0 0.0 0.246875 0.303125 0.246875 0.303125 0.490625 0.0 0.490625
0 0.184375 0.371875 0.478125 0.371875 0.478125 0.578125 0.184375 0.578125
0 0.971875 0.371875 1.0 0.371875 1.0 0.415625 0.971875 0.415625
0 0.546875 0.0 0.815625 0.0 0.815625 0.178125 0.546875 0.178125
0 0.859375 0.371875 1.0 0.371875 1.0 0.615625 0.859375 0.615625
0 0.309375 0.134375 0.490625 0.134375 0.490625 0.390625 0.309375 0.390625
0 0.634375 0.959375 0.740625 0.959375 0.740625 1.0 0.634375 1.0
0 0.146875 0.146875 0.403125 0.146875 0.403125 0.353125 0.146875 0.353125
0 0.396875 0.121875 0.715625 0.121875 0.715625 0.390625 0.396875 0.390625
