0 0.484375 0.0 0.765625 0.0 0.765625 0.153125 0.484375 0.153125
0 0.134375 0.671875 0.515625 0.671875 0.515625 1.0 0.134375 1.0
0 0.609375 0.621875 0.940625 0.621875 0.940625 0.940625 0.609375 0.940625
0 0.0 0.721875 0.203125 0.721875 0.203125 1.0 0.0 1.0
0 0.859375 0.0 1.0 0.0 1.0 0.165625 0.859375 0.165625
0 0.621875 0.434375 0.828125 0.434375 0.828125 0.703125 0.621875 0.703125
0 0.846875 0.871875 1.0 0.871875 1.0 1.0 0.846875 1.0
0 0.209375 0.0 0.565625 0.0 0.565625 0.328125 0.209375 0.328125
0 0.734375 0.396875 1.0 0.396875 1.0 0.665625 0.734375 0.665625
0 0.0 0.646875 0.165625 0.646875 0.165625 0.890625 0.0 0.890625
