0 0.296875 0.759375 0.615625 0.759375 0.615625 1.0 0.296875 1.0
0 0.909375 0.0 1.0 0.0 1.0 0.290625 0.909375 0.290625
0 0.309375 0.371875 0.603125 0.371875 0.603125 0.665625 0.309375 0.665625
0 0.021875 0.259375 0.290625 0.259375 0.290625 0.553125 0.021875 0.553125
0 0.571875 0.871875 0.853125 0.871875 0.853125 1.0 0.571875 1.0
0 0.0 0.496875 0.253125 0.496875 0.253125 0.778125 0.0 0.778125
0 0.809375 0.796875 1.0 0.796875 1.0 1.0 0.809375 1.0
0 0.871875 0.671875 1.0 0.671875 1.0 0.840625 0.871875 0.840625
0 0.0 0.771875 0.240625 0.771875 0.240625 0.953125 0.0 0.953125
0 0.984375 0.984375 1.0 0.984375 1.0 1.0 0.984375 1.0
0 0.371875 0.471875 0.740625 0.471875 0.740625 0.728125 0.371875 0.728125
0 0.459375 0.696875 0.790625 0.696875 0.790625 0.928125 0.459375 0.928125
