0 0.096875 0.0 0.415625 0.0 0.415625 0.153125 0.096875 0.153125
0 0.384375 0.446875 0.603125 0.446875 0.603125 0.653125 0.384375 0.653125
0 0.684375 0.521875 0.953125 0.521875 0.953125 0.790625 0.684375 0.790625
0 0.559375 0.0 0.790625 0.0 0.790625 0.140625 0.559375 0.140625
0 0.096875 0.459375 0.378125 0.459375 0.378125 0.703125 0.096875 0.703125
0 0.146875 0.134375 0.415625 0.134375 0.415625 0.365625 0.146875 0.365625
0 0.971875 0.209375 1.0 0.209375 1.0 0.253125 0.971875 0.253125
0 0.759375 0.034375 0.990625 0.034375 0.990625 0.303125 0.759375 0.303125
0 0.946875 0.359375 1.0 0.359375 1.0 0.515625 0.946875 0.515625
0 0.534375 0.696875 0.715625 0.696875 0.715625 0.878125 0.534375 0.878125
0 0.184375 0.346875 0.515625 0.346875 0.515625 0.553125 0.184375 0.553125
0 0.709375 0.934375 0.890625 0.934375 0.890625 1.0 0.709375 1.0
0 0.184375 0.559375 0.528125 0.559375 0.528125 0.790625 0.184375 0.790625
0 0.846875 0.846875 1.0 0.846875 1.0 1.0 0.846875 1.0
0 0.671875 0.121875 0.915625 0.121875 0.915625 0.353125 0.671875 0.353125
