0 0.0 0.434375 0.190625 0.434375 0.190625 0.715625 0.0 0.715625
0 0.159375 0.434375 0.403125 0.434375 0.403125 0.703125 0.159375 0.703125
0 0.684375 0.471875 0.953125 0.471875 0.953125 0.778125 0.684375 0.778125
0 0.271875 0.859375 0.540625 0.859375 0.540625 1.0 0.271875 1.0
0 0.146875 0.0 0.428125 0.0 0.428125 0.128125 0.146875 0.128125
0 0.409375 0.0 0.765625 0.0 0.765625 0.303125 0.409375 0.303125
0 0.296875 0.434375 0.653125 0.434375 0.653125 0.853125 0.296875 0.853125
0 0.196875 0.909375 0.365625 0.909375 0.365625 1.0 0.196875 1.0
0 0.0 0.671875 0.240625 0.671875 0.240625 0.990625 0.0 0.990625
0 0.409375 0.0 0.665625 0.0 0.665625 0.115625 0.409375 0.115625
0 0.746875 0.821875 0.965625 0.821875 0.965625 0.978125 0.746875 0.978125
0 0.009375 0.921875 0.215625 0.921875 0.215625 1.0 0.009375 1.0
0 0.946875 0.246875 1.0 0.246875 1.0 0.440625 0.946875 0.440625
0 0.046875 0.646875 0.365625 0.646875 0.365625 0.803125 0.046875 0.803125
0 0.034375 0.434375 0.253125 0.434375 0.253125 0.653125 0.034375 0.653125
0 0.084375 0.734375 0.390625 0.734375 0.390625 0.940625 0.084375 0.940625
0 0.421875 0.934375 0.653125 0.934375 0.653125 1.0 0.421875 1.0
