0 0.534375 0.246875 0.765625 0.246875 0.765625 0.503125 0.534375 0.503125
0 0.959375 0.309375 1.0 0.309375 1.0 0.353125 0.959375 0.353125
0 0.0 0.809375 0.303125 0.809375 0.303125 1.0 0.0 1.0
0 0.309375 0.0 0.565625 0.0 0.565625 0.165625 0.309375 0.165625
0 0.296875 0.0 0.465625 0.0 0.465625 0.240625 0.296875 0.240625
0 0.209375 0.871875 0.478125 0.871875 0.478125 1.0 0.209375 1.0
0 0.484375 0.759375 0.778125 0.759375 0.778125 1.0 0.484375 1.0
0 0.184375 0.171875 0.440625 0.171875 0.440625 0.378125 0.184375 0.378125
0 0.221875 0.321875 0.528125 0.321875 0.528125 0.540625 0.221875 0.540625
0 0.909375 0.746875 1.0 0.746875 1.0 0.940625 0.909375 0.940625
0 0.984375 0.521875 1.0 0.521875 1.0 0.553125 0.984375 0.553125
0 0.734375 0.859375 1.0 0.859375 1.0 1.0 0.734375 1.0
