0 0.034375 0.546875 0.303125 0.546875 0.303125 0.803125 0.034375 0.803125
0 0.971875 0.909375 1.0 0.909375 1.0 0.965625 0.971875 0.965625
0 0.809375 0.246875 1.0 0.246875 1.0 0.428125 0.809375 0.428125
0 0.334375 0.784375 0.603125 0.784375 0.603125 1.0 0.334375 1.0
0 0.184375 0.884375 0.415625 0.884375 0.415625 1.0 0.184375 1.0
0 0.596875 0.984375 0.640625 0.984375 0.640625 1.0 0.596875 1.0
0 0.171875 0.071875 0.428125 0.071875 0.428125 0.328125 0.171875 0.328125
0 0.671875 0.221875 0.865625 0.221875 0.865625 0.478125 0.671875 0.478125
0 0.196875 0.446875 0.428125 0.446875 0.428125 0.678125 0.196875 0.678125
0 0.584375 0.109375 0.790625 0.109375 0.790625 0.303125 0.584375 0.303125
0 0.596875 0.534375 0.765625 0.534375 0.765625 0.703125 0.596875 0.703125
0 0.871875 0.459375 1.0 0.459375 1.0 0.640625 0.871875 0.640625
0 0.784375 0.034375 1.0 0.034375 1.0 0.278125 0.784375 0.278125
0 0.809375 0.0 1.0 0.0 1.0 0.203125 0.809375 0.203125
0 0.671875 0.534375 0.928125 0.534375 0.928125 0.740625 0.671875 0.740625
0 0.259375 0.559375 0.553125 0.559375 0.553125 0.753125 0.259375 0.753125
0 0.384375 0.209375 0.678125 0.209375 0.678125 0.453125 0.384375 0.453125
