0 0.096875 0.021875 0.403125 0.021875 0.403125 0.240625 0.096875 0.240625
0 0.846875 0.359375 1.0 0.359375 1.0 0.640625 0.846875 0.640625
0 0.521875 0.709375 0.890625 0.709375 0.890625 0.990625 0.521875 0.990625
0 0.296875 0.071875 0.578125 0.071875 0.578125 0.453125 0.296875 0.453125
0 0.384375 0.0 0.653125 0.0 0.653125 0.140625 0.384375 0.140625
0 0.196875 0.171875 0.390625 0.171875 0.390625 0.465625 0.196875 0.465625
0 0.084375 0.121875 0.315625 0.121875 0.315625 0.328125 0.084375 0.328125
0 0.259375 0.484375 0.565625 0.484375 0.565625 0.765625 0.259375 0.765625
0 0.496875 0.059375 0.790625 0.059375 0.790625 0.290625 0.496875 0.290625
0 0.684375 0.971875 0.740625 0.971875 0.740625 1.0 0.684375 1.0
0 0.084375 0.671875 0.403125 0.671875 0.403125 0.928125 0.084375 0.928125
0 0.384375 0.696875 0.615625 0.696875 0.615625 0.965625 0.384375 0.965625
0 0.521875 0.196875 0.828125 0.196875 0.828125 0.453125 0.521875 0.453125
0 0.0 0.484375 0.128125 0.484375 0.128125 0.790625 0.0 0.790625
0 0.896875 0.959375 0.978125 0.959375 0.978125 1.0 0.896875 1.0
0 0.496875 0.421875 0.690625 0.421875 0.690625 0.640625 0.496875 0.640625
0 0.334375 0.896875 0.490625 0.896875 0.490625 1.0 0.334375 1.0
0 0.0 0.509375 0.315625 0.509375 0.315625 0.728125 0.0 0.728125
0 0.046875 0.0 0.290625 0.0 0.290625 0.128125 0.046875 0.128125
0 0.0 0.734375 0.428125 0.734375 0.428125 0.965625 0.0 0.965625
0 0.796875 0.0 1.0 0.0 1.0 0.165625 0.796875 0.165625
0 0.0 0.884375 0.290625 0.884375 0.290625 1.0 0.0 1.0
0 0.571875 0.496875 0.853125 0.496875 0.853125 0.715625 0.571875 0.715625
0 0.521875 0.584375 0.765625 0.584375 0.765625 0.765625 0.521875 0.765625
0 0.409375 0.909375 0.678125 0.909375 0.678125 1.0 0.409375 1.0
0 0.959375 0.821875 1.0 0.821875 1.0 0.953125 0.959375 0.953125
