0 0.646875 0.284375 0.928125 0.284375 0.928125 0.540625 0.646875 0.540625
0 0.259375 0.384375 0.540625 0.384375 0.540625 0.540625 0.259375 0.540625
0 0.959375 0.0 1.0 0.0 1.0 0.040625 0.959375 0.040625
0 0.346875 0.184375 0.665625 0.184375 0.665625 0.428125 0.346875 0.428125
0 0.359375 0.471875 0.678125 0.471875 0.678125 0.740625 0.359375 0.740625
0 0.596875 0.209375 0.828125 0.209375 0.828125 0.490625 0.596875 0.490625
0 0.184375 0.271875 0.440625 0.271875 0.440625 0.515625 0.184375 0.515625
0 0.0 0.471875 0.203125 0.471875 0.203125 0.753125 0.0 0.753125
0 0.0 0.859375 0.228125 0.859375 0.228125 1.0 0.0 1.0
0 0.309375 0.871875 0.565625 0.871875 0.565625 1.0 0.309375 1.0
0 0.796875 0.746875 1.0 0.746875 1.0 1.0 0.796875 1.0
0 0.159375 0.846875 0.390625 0.846875 0.390625 1.0 0.159375 1.0
0 0.284375 0.121875 0.490625 0.121875 0.490625 0.290625 0.284375 0.290625
0 0.734375 0.971875 0.840625 0.971875 0.840625 1.0 0.734375 1.0
0 0.846875 0.584375 1.0 0.584375 1.0 0.790625 0.846875 0.790625
0 0.484375 0.034375 0.790625 0.034375 0.790625 0.265625 0.484375 0.265625
0 0.446875 0.509375 0.703125 0.509375 0.703125 0.765625 0.446875 0.765625
0 0.621875 0.546875 0.890625 0.546875 0.890625 0.778125 0.621875 0.778125
0 0.0 0.246875 0.265625 0.246875 0.265625 0.503125 0.0 0.503125
0 0.0 0.121875 0.340625 0.121875 0.340625 0.315625 0.0 0.315625
