0 0.834375 0.346875 1.0 0.346875 1.0 0.565625 0.834375 0.565625
0 0.409375 0.296875 0.690625 0.296875 0.690625 0.553125 0.409375 0.553125
0 0.0 0.0 0.290625 0.0 0.290625 0.140625 0.0 0.140625
0 0.0 0.659375 0.265625 0.659375 0.265625 0.865625 0.0 0.865625
0 0.709375 0.0 1.0 0.0 1.0 0.103125 0.709375 0.103125
0 0.334375 0.734375 0.553125 0.734375 0.553125 0.978125 0.334375 0.978125
0 0.409375 0.721875 0.665625 0.721875 0.665625 0.928125 0.409375 0.928125
0 0.609375 0.984375 0.640625 0.984375 0.640625 1.0 0.609375 1.0
0 0.659375 0.634375 0.928125 0.634375 0.928125 0.878125 0.659375 0.878125
0 0.934375 0.796875 1.0 0.796875 1.0 0.903125 0.934375 0.903125
0 0.909375 0.021875 1.0 0.021875 1.0 0.190625 0.909375 0.190625
0 0.709375 0.284375 0.878125 0.284375 0.878125 0.440625 0.709375 0.440625
0 0.909375 0.196875 1.0 0.196875 1.0 0.403125 0.909375 0.403125
0 0.434375 0.584375 0.690625 0.584375 0.690625 0.765625 0.434375 0.765625
0 0.234375 0.571875 0.528125 0.571875 0.528125 0.790625 0.234375 0.790625
0 0.509375 0.496875 0.765625 0.496875 0.765625 0.678125 0.509375 0.678125
