0 0.359375 0.371875 0.678125 0.371875 0.678125 0.590625 0.359375 0.590625
0 0.659375 0.621875 0.890625 0.621875 0.890625 0.815625 0.659375 0.815625
0 0.959375 0.821875 1.0 0.821875 1.0 0.865625 0.959375 0.865625
0 0.671875 0.984375 0.703125 0.984375 0.703125 1.0 0.671875 1.0
0 0.821875 0.459375 1.0 0.459375 1.0 0.728125 0.821875 0.728125
0 0.0 0.309375 0.253125 0.309375 0.253125 0.553125 0.0 0.553125
0 0.359375 0.809375 0.615625 0.809375 0.615625 1.0 0.359375 1.0
0 0.446875 0.971875 0.528125 0.971875 0.528125 1.0 0.446875 1.0
0 0.896875 0.109375 1.0 0.109375 1.0 0.290625 0.896875 0.290625
0 0.509375 0.584375 0.740625 0.584375 0.740625 0.803125 0.509375 0.803125
0 0.921875 0.421875 1.0 0.421875 1.0 0.590625 0.921875 0.590625
0 0.446875 0.546875 0.678125 0.546875 0.678125 0.753125 0.446875 0.753125
0 0.059375 0.484375 0.428125 0.484375 0.428125 0.740625 0.059375 0.740625
0 0.496875 0.784375 0.815625 0.784375 0.815625 1.0 0.496875 1.0
0 0.759375 0.184375 1.0 0.184375 1.0 0.440625 0.759375 0.440625
0 0.0 0.084375 0.328125 0.084375 0.328125 0.265625 0.0 0.265625
