0 0.0 0.084375 0.390625 0.084375 0.390625 0.453125 0.0 0.453125
0 0.0 0.646875 0.203125 0.646875 0.203125 0.965625 0.0 0.965625
0 0.646875 0.071875 0.978125 0.071875 0.978125 0.415625 0.646875 0.415625
0 0.396875 0.0 0.640625 0.0 0.640625 0.153125 0.396875 0.153125
0 0.834375 0.459375 1.0 0.459375 1.0 0.803125 0.834375 0.803125
0 0.096875 0.421875 0.403125 0.421875 0.403125 0.765625 0.096875 0.765625
0 0.284375 0.771875 0.578125 0.771875 0.578125 1.0 0.284375 1.0
0 0.759375 0.496875 0.928125 0.496875 0.928125 0.728125 0.759375 0.728125
0 0.821875 0.946875 0.940625 0.946875 0.940625 1.0 0.821875 1.0
0 0.196875 0.0 0.653125 0.0 0.653125 0.178125 0.196875 0.178125
0 0.984375 0.009375 1.0 0.009375 1.0 0.040625 0.984375 0.040625
0 0.271875 0.471875 0.703125 0.471875 0.703125 0.790625 0.271875 0.790625
0 0.134375 0.896875 0.453125 0.896875 0.453125 1.0 0.134375 1.0
0 0.0 0.859375 0.315625 0.859375 0.315625 1.0 0.0 1.0
