0 0.646875 0.0 0.940625 0.0 0.940625 0.215625 0.646875 0.215625
0 0.396875 0.221875 0.715625 0.221875 0.715625 0.515625 0.396875 0.515625
0 0.221875 0.571875 0.565625 0.571875 0.565625 0.903125 0.221875 0.903125
0 0.809375 0.0 1.0 0.0 1.0 0.140625 0.809375 0.140625
0 0.309375 0.821875 0.590625 0.821875 0.590625 1.0 0.309375 1.0
0 0.871875 0.209375 1.0 0.209375 1.0 0.465625 0.871875 0.465625
0 0.209375 0.821875 0.415625 0.821875 0.415625 0.990625 0.209375 0.990625
0 0.484375 0.721875 0.678125 0.721875 0.678125 0.928125 0.484375 0.928125
0 0.0 0.0 0.340625 0.0 0.340625 0.315625 0.0 0.315625
0 0.959375 0.434375 1.0 0.434375 1.0 0.490625 0.959375 0.490625
