0 0.559375 0.146875 0.815625 0.146875 0.815625 0.415625 0.559375 0.415625
0 0.534375 0.296875 0.765625 0.296875 0.765625 0.578125 0.534375 0.578125
0 0.421875 0.709375 0.715625 0.709375 0.715625 1.0 0.421875 1.0
0 0.746875 0.646875 1.0 0.646875 1.0 0.928125 0.746875 0.928125
0 0.721875 0.371875 0.990625 0.371875 0.990625 0.653125 0.721875 0.653125
0 0.434375 0.121875 0.653125 0.121875 0.653125 0.340625 0.434375 0.340625
0 0.734375 0.096875 1.0 0.096875 1.0 0.340625 0.734375 0.340625
0 0.446875 0.284375 0.628125 0.284375 0.628125 0.490625 0.446875 0.490625
0 0.659375 0.684375 0.840625 0.684375 0.840625 0.928125 0.659375 0.928125
0 0.0 0.284375 0.290625 0.284375 0.290625 0.565625 0.0 0.565625
0 0.084375 0.634375 0.328125 0.634375 0.328125 0.815625 0.084375 0.815625
0 0.346875 0.596875 0.528125 0.596875 0.528125 0.803125 0.346875 0.803125
0 0.046875 0.709375 0.240625 0.709375 0.240625 0.890625 0.046875 0.890625
0 0.134375 0.721875 0.353125 0.721875 0.353125 0.903125 0.134375 0.903125
0 0.846875 0.0 1.0 0.0 1.0 0.153125 0.846875 0.153125
0 0.909375 0.284375 1.0 0.284375 1.0 0.490625 0.909375 0.490625
0 0.234375 0.271875 0.528125 0.271875 0.528125 0.540625 0.234375 0.540625
0 0.621875 0.0 0.815625 0.0 0.815625 0.128125 0.621875 0.128125
0 0.359375 0.871875 0.615625 0.871875 0.615625 1.0 0.359375 1.0
0 0.434375 0.971875 0.490625 0.971875 0.490625 1.0 0.434375 1.0
0 0.146875 0.0 0.490625 0.0 0.490625 0.253125 0.146875 0.253125
0 0.834375 0.209375 1.0 0.209375 1.0 0.415625 0.834375 0.415625
