0 0.521875 0.571875 0.878125 0.571875 0.878125 0.853125 0.521875 0.853125
0 0.246875 0.859375 0.553125 0.859375 0.553125 1.0 0.246875 1.0
0 0.609375 0.559375 0.928125 0.559375 0.928125 0.803125 0.609375 0.803125
0 0.746875 0.259375 1.0 0.259375 1.0 0.453125 0.746875 0.453125
0 0.096875 0.809375 0.353125 0.809375 0.353125 1.0 0.096875 1.0
0 0.984375 0.546875 1.0 0.546875 1.0 0.578125 0.984375 0.578125
0 0.759375 0.846875 0.990625 0.846875 0.990625 1.0 0.759375 1.0
0 0.484375 0.271875 0.728125 0.271875 0.728125 0.553125 0.484375 0.553125
0 0.134375 0.359375 0.328125 0.359375 0.328125 0.553125 0.134375 0.553125
0 0.0 0.484375 0.403125 0.484375 0.403125 0.703125 0.0 0.703125
