0 0.696875 0.046875 0.990625 0.046875 0.990625 0.290625 0.696875 0.290625
0 0.296875 0.596875 0.640625 0.596875 0.640625 0.865625 0.296875 0.865625
0 0.871875 0.0 1.0 0.0 1.0 0.153125 0.871875 0.153125
0 0.471875 0.234375 0.740625 0.234375 0.740625 0.515625 0.471875 0.515625
0 0.034375 0.209375 0.328125 0.209375 0.328125 0.528125 0.034375 0.528125
0 0.884375 0.609375 1.0 0.609375 1.0 0.890625 0.884375 0.890625
0 0.734375 0.271875 1.0 0.271875 1.0 0.578125 0.734375 0.578125
0 0.0 0.534375 0.253125 0.534375 0.253125 0.778125 0.0 0.778125
0 0.309375 0.121875 0.615625 0.121875 0.615625 0.415625 0.309375 0.415625
0 0.684375 0.734375 0.940625 0.734375 0.940625 0.903125 0.684375 0.903125
0 0.171875 0.071875 0.403125 0.071875 0.403125 0.328125 0.171875 0.328125
0 0.134375 0.159375 0.415625 0.159375 0.415625 0.415625 0.134375 0.415625
0 0.121875 0.459375 0.390625 0.459375 0.390625 0.740625 0.121875 0.740625
0 0.071875 0.784375 0.328125 0.784375 0.328125 0.953125 0.071875 0.953125
0 0.346875 0.0 0.728125 0.0 0.728125 0.253125 0.346875 0.253125
0 0.521875 0.471875 0.878125 0.471875 0.878125 0.728125 0.521875 0.728125
0 0.021875 0.884375 0.203125 0.884375 0.203125 1.0 0.021875 1.0
0 0.684375 0.796875 1.0 0.796875 1.0 1.0 0.684375 1.0
0 0.0 0.646875 0.378125 0.646875 0.378125 0.878125 0.0 0.878125
