0 0.0 0.184375 0.478125 0.184375 0.478125 0.653125 0.0 0.653125
0 0.346875 0.671875 0.878125 0.671875 0.878125 1.0 0.346875 1.0
0 0.784375 0.684375 1.0 0.684375 1.0 1.0 0.784375 1.0
0 0.421875 0.509375 0.878125 0.509375 0.878125 0.815625 0.421875 0.815625
0 0.246875 0.959375 0.353125 0.959375 0.353125 1.0 0.246875 1.0
0 0.0 0.759375 0.140625 0.759375 0.140625 1.0 0.0 1.0
0 0.846875 0.034375 1.0 0.034375 1.0 0.465625 0.846875 0.465625
0 0.396875 0.071875 0.703125 0.071875 0.703125 0.315625 0.396875 0.315625
0 0.0 0.734375 0.465625 0.734375 0.465625 1.0 0.0 1.0
0 0.484375 0.259375 0.978125 0.259375 0.978125 0.628125 0.484375 0.628125
0 0.0 0.0 0.303125 0.0 0.303125 0.278125 0.0 0.278125
0 0.0 0.471875 0.228125 0.471875 0.228125 0.790625 0.0 0.790625
0 0.021875 0.784375 0.465625 0.784375 0.465625 1.0 0.021875 1.0
