0 0.271875 0.0 0.615625 0.0 0.615625 0.315625 0.271875 0.315625
0 0.271875 0.546875 0.528125 0.546875 0.528125 0.790625 0.271875 0.790625
0 0.421875 0.0 0.790625 0.0 0.790625 0.090625 0.421875 0.090625
0 0.0 0.0 0.253125 0.0 0.253125 0.190625 0.0 0.190625
0 0.796875 0.0 1.0 0.0 1.0 0.340625 0.796875 0.340625
0 0.521875 0.371875 0.865625 0.371875 0.865625 0.665625 0.521875 0.665625
0 0.871875 0.959375 0.990625 0.959375 0.990625 1.0 0.871875 1.0
0 0.484375 0.496875 0.753125 0.496875 0.753125 0.815625 0.484375 0.815625
0 0.609375 0.621875 0.965625 0.621875 0.965625 0.965625 0.609375 0.965625
0 0.659375 0.909375 0.865625 0.909375 0.865625 1.0 0.659375 1.0
0 0.934375 0.0 1.0 0.0 1.0 0.140625 0.934375 0.140625
0 0.696875 0.646875 1.0 0.646875 1.0 0.903125 0.696875 0.903125
0 0.009375 0.896875 0.340625 0.896875 0.340625 1.0 0.009375 1.0
0 0.621875 0.0 0.878125 0.0 0.878125 0.265625 0.621875 0.265625
