0 0.296875 0.984375 0.328125 0.984375 0.328125 1.0 0.296875 1.0
0 0.921875 0.0 1.0 0.0 1.0 0.115625 0.921875 0.115625
0 0.0 0.809375 0.240625 0.809375 0.240625 1.0 0.0 1.0
0 0.709375 0.009375 0.928125 0.009375 0.928125 0.278125 0.709375 0.278125
0 0.109375 0.684375 0.440625 0.684375 0.440625 0.928125 0.109375 0.928125
0 0.596875 0.0 0.865625 0.0 0.865625 0.203125 0.596875 0.203125
0 0.0 0.0 0.278125 0.0 0.278125 0.203125 0.0 0.203125
0 0.509375 0.096875 0.740625 0.096875 0.740625 0.365625 0.509375 0.365625
0 0.071875 0.521875 0.365625 0.521875 0.365625 0.753125 0.071875 0.753125
0 0.934375 0.259375 1.0 0.259375 1.0 0.428125 0.934375 0.428125
0 0.559375 0.671875 0.815625 0.671875 0.815625 0.928125 0.559375 0.928125
0 0.859375 0.0 1.0 0.0 1.0 0.215625 0.859375 0.215625
0 0.0 0.534375 0.190625 0.534375 0.190625 0.803125 0.0 0.803125
0 0.221875 0.434375 0.540625 0.434375 0.540625 0.665625 0.221875 0.665625
0 0.746875 0.896875 0.915625 0.896875 0.915625 1.0 0.746875 1.0
0 0.046875 0.334375 0.228125 0.334375 0.228125 0.553125 0.046875 0.553125
0 0.159375 0.259375 0.553125 0.259375 0.553125 0.478125 0.159375 0.478125
0 0.009375 0.784375 0.328125 0.784375 0.328125 0.978125 0.009375 0.978125
0 0.446875 0.109375 0.715625 0.109375 0.715625 0.403125 0.446875 0.403125
0 0.0 0.184375 0.340625 0.184375 0.340625 0.465625 0.0 0.465625
