0 0.421875 0.0 0.715625 0.0 0.715625 0.128125 0.421875 0.128125
0 0.871875 0.971875 0.953125 0.971875 0.953125 1.0 0.871875 1.0
0 0.384375 0.796875 0.628125 0.796875 0.628125 1.0 0.384375 1.0
0 0.384375 0.009375 0.603125 0.009375 0.603125 0.165625 0.384375 0.165625
0 0.359375 0.246875 0.653125 0.246875 0.653125 0.453125 0.359375 0.453125
0 0.446875 0.071875 0.715625 0.071875 0.715625 0.315625 0.446875 0.315625
0 0.221875 0.234375 0.440625 0.234375 0.440625 0.503125 0.221875 0.503125
0 0.084375 0.671875 0.328125 0.671875 0.328125 0.928125 0.084375 0.928125
0 0.509375 0.546875 0.765625 0.546875 0.765625 0.753125 0.509375 0.753125
0 0.984375 0.546875 1.0 0.546875 1.0 0.578125 0.984375 0.578125
0 0.109375 0.409375 0.290625 0.409375 0.290625 0.578125 0.109375 0.578125
0 0.821875 0.071875 1.0 0.071875 1.0 0.278125 0.821875 0.278125
0 0.471875 0.409375 0.765625 0.409375 0.765625 0.590625 0.471875 0.590625
0 0.259375 0.871875 0.465625 0.871875 0.465625 1.0 0.259375 1.0
0 0.934375 0.809375 1.0 0.809375 1.0 0.965625 0.934375 0.965625
0 0.696875 0.509375 0.953125 0.509375 0.953125 0.753125 0.696875 0.753125
0 0.634375 0.821875 0.915625 0.821875 0.915625 1.0 0.634375 1.0
