0 0.0 0.696875 0.290625 0.696875 0.290625 0.915625 0.0 0.915625
0 0.534375 0.284375 0.990625 0.284375 0.990625 0.740625 0.534375 0.740625
0 0.0 0.934375 0.140625 0.934375 0.140625 1.0 0.0 1.0
0 0.0 0.584375 0.165625 0.584375 0.165625 0.978125 0.0 0.978125
0 0.534375 0.696875 0.765625 0.696875 0.765625 0.940625 0.534375 0.940625
0 0.446875 0.771875 0.640625 0.771875 0.640625 1.0 0.446875 1.0
0 0.634375 0.746875 1.0 0.746875 1.0 1.0 0.634375 1.0
0 0.784375 0.0 1.0 0.0 1.0 0.278125 0.784375 0.278125
0 0.034375 0.509375 0.565625 0.509375 0.565625 0.840625 0.034375 0.840625
0 0.909375 0.559375 1.0 0.559375 1.0 0.803125 0.909375 0.803125
0 0.296875 0.346875 0.690625 0.346875 0.690625 0.715625 0.296875 0.715625
0 0.534375 0.871875 0.728125 0.871875 0.728125 1.0 0.534375 1.0
