0 0.784375 0.671875 1.0 0.671875 1.0 0.928125 0.784375 0.928125
0 0.0 0.709375 0.228125 0.709375 0.228125 0.928125 0.0 0.928125
0 0.346875 0.796875 0.628125 0.796875 0.628125 1.0 0.346875 1.0
0 0.809375 0.846875 1.0 0.846875 1.0 1.0 0.809375 1.0
0 0.221875 0.271875 0.503125 0.271875 0.503125 0.553125 0.221875 0.553125
0 0.846875 0.0 1.0 0.0 1.0 0.078125 0.846875 0.078125
0 0.759375 0.921875 0.915625 0.921875 0.915625 1.0 0.759375 1.0
0 0.559375 0.284375 0.853125 0.284375 0.853125 0.515625 0.559375 0.515625
0 0.796875 0.484375 1.0 0.484375 1.0 0.715625 0.796875 0.715625
0 0.0 0.034375 0.303125 0.034375 0.303125 0.278125 0.0 0.278125
0 0.546875 0.184375 0.840625 0.184375 0.840625 0.390625 0.546875 0.390625
0 0.046875 0.496875 0.278125 0.496875 0.278125 0.740625 0.046875 0.740625
0 0.146875 0.634375 0.440625 0.634375 0.440625 0.878125 0.146875 0.878125
0 0.071875 0.909375 0.303125 0.909375 0.303125 1.0 0.071875 1.0
0 0.434375 0.096875 0.628125 0.096875 0.628125 0.265625 0.434375 0.265625
0 0.584375 0.021875 0.790625 0.021875 0.790625 0.215625 0.584375 0.215625
0 0.059375 0.371875 0.253125 0.371875 0.253125 0.540625 0.059375 0.540625
0 0.796875 0.109375 0.978125 0.109375 0.978125 0.290625 0.796875 0.290625
0 0.309375 0.009375 0.465625 0.009375 0.465625 0.203125 0.309375 0.203125
