0 0.971875 0.396875 1.0 0.396875 1.0 0.428125 0.971875 0.428125
0 0.984375 0.971875 1.0 0.971875 1.0 1.0 0.984375 1.0
0 0.309375 0.496875 0.615625 0.496875 0.615625 0.790625 0.309375 0.790625
0 0.0 0.234375 0.165625 0.234375 0.165625 0.528125 0.0 0.528125
0 0.259375 0.159375 0.540625 0.159375 0.540625 0.465625 0.259375 0.465625
0 0.659375 0.046875 0.953125 0.046875 0.953125 0.340625 0.659375 0.340625
0 0.946875 0.0 1.0 0.0 1.0 0.128125 0.946875 0.128125
0 0.984375 0.696875 1.0 0.696875 1.0 0.715625 0.984375 0.715625
0 0.721875 0.721875 1.0 0.721875 1.0 0.965625 0.721875 0.965625
0 0.034375 0.959375 0.153125 0.959375 0.153125 1.0 0.034375 1.0
