0 0.309375 0.0 0.628125 0.0 0.628125 0.178125 0.309375 0.178125
0 0.696875 0.384375 0.965625 0.384375 0.965625 0.728125 0.696875 0.728125
0 0.034375 0.984375 0.053125 0.984375 0.053125 1.0 0.034375 1.0
0 0.071875 0.871875 0.390625 0.871875 0.390625 1.0 0.071875 1.0
0 0.546875 0.509375 0.803125 0.509375 0.803125 0.815625 0.546875 0.815625
0 0.059375 0.596875 0.453125 0.596875 0.453125 0.940625 0.059375 0.940625
0 0.509375 0.646875 0.690625 0.646875 0.690625 0.853125 0.509375 0.853125
0 0.0 0.384375 0.440625 0.384375 0.440625 0.690625 0.0 0.690625
0 0.409375 0.296875 0.765625 0.296875 0.765625 0.615625 0.409375 0.615625
0 0.921875 0.434375 1.0 0.434375 1.0 0.678125 0.921875 0.678125
0 0.0 0.771875 0.265625 0.771875 0.265625 1.0 0.0 1.0
