0 0.0 0.746875 0.215625 0.746875 0.215625 1.0 0.0 1.0
0 0.421875 0.596875 0.803125 0.596875 0.803125 0.865625 0.421875 0.865625
0 0.0 0.0 0.190625 0.0 0.190625 0.190625 0.0 0.190625
0 0.746875 0.596875 1.0 0.596875 1.0 0.978125 0.746875 0.978125
0 0.384375 0.671875 0.815625 0.671875 0.815625 1.0 0.384375 1.0
0 0.0 0.846875 0.328125 0.846875 0.328125 1.0 0.0 1.0
0 0.696875 0.884375 0.953125 0.884375 0.953125 1.0 0.696875 1.0
0 0.484375 0.0 0.778125 0.0 0.778125 0.203125 0.484375 0.203125
0 0.884375 0.046875 1.0 0.046875 1.0 0.253125 0.884375 0.253125
0 0.0 0.384375 0.265625 0.384375 0.265625 0.665625 0.0 0.665625
0 0.309375 0.621875 0.553125 0.621875 0.553125 0.915625 0.309375 0.915625
0 0.396875 0.959375 0.503125 0.959375 0.503125 1.0 0.396875 1.0
0 0.521875 0.259375 0.753125 0.259375 0.753125 0.465625 0.521875 0.465625
0 0.971875 0.484375 1.0 0.484375 1.0 0.603125 0.971875 0.603125
0 0.0 0.221875 0.253125 0.221875 0.253125 0.440625 0.0 0.440625
0 0.946875 0.409375 1.0 0.409375 1.0 0.578125 0.946875 0.578125
0 0.859375 0.0 1.0 0.0 1.0 0.140625 0.859375 0.140625
