0 0.259375 0.459375 0.553125 0.459375 0.553125 0.790625 0.259375 0.790625
0 0.0 0.109375 0.153125 0.109375 0.153125 0.390625 0.0 0.390625
0 0.434375 0.046875 0.690625 0.046875 0.690625 0.265625 0.434375 0.265625
0 0.0 0.346875 0.215625 0.346875 0.215625 0.690625 0.0 0.690625
0 0.846875 0.009375 1.0 0.009375 1.0 0.265625 0.846875 0.265625
0 0.246875 0.559375 0.665625 0.559375 0.665625 0.903125 0.246875 0.903125
0 0.209375 0.221875 0.590625 0.221875 0.590625 0.503125 0.209375 0.503125
0 0.621875 0.859375 0.928125 0.859375 0.928125 1.0 0.621875 1.0
0 0.034375 0.021875 0.328125 0.021875 0.328125 0.303125 0.034375 0.303125
0 0.221875 0.034375 0.490625 0.034375 0.490625 0.315625 0.221875 0.315625
0 0.734375 0.234375 0.915625 0.234375 0.915625 0.403125 0.734375 0.403125
0 0.309375 0.0 0.578125 0.0 0.578125 0.215625 0.309375 0.215625
0 0.0 0.821875 0.178125 0.821875 0.178125 1.0 0.0 1.0
0 0.046875 0.971875 0.115625 0.971875 0.115625 1.0 0.046875 1.0
0 0.934375 0.959375 1.0 0.959375 1.0 1.0 0.934375 1.0
0 0.121875 0.809375 0.465625 0.809375 0.465625 0.978125 0.121875 0.978125
0 0.034375 0.559375 0.340625 0.559375 0.340625 0.778125 0.034375 0.778125
0 0.071875 0.721875 0.428125 0.721875 0.428125 0.878125 0.071875 0.878125
0 0.0 0.409375 0.353125 0.409375 0.353125 0.628125 0.0 0.628125
0 0.271875 0.871875 0.678125 0.871875 0.678125 1.0 0.271875 1.0
0 0.971875 0.859375 1.0 0.859375 1.0 0.940625 0.971875 0.940625
0 0.784375 0.109375 1.0 0.109375 1.0 0.390625 0.784375 0.390625
