0 0.534375 0.559375 0.703125 0.559375 0.703125 0.703125 0.534375 0.703125
0 0.934375 0.346875 1.0 0.346875 1.0 0.540625 0.934375 0.540625
0 0.659375 0.559375 0.903125 0.559375 0.903125 0.803125 0.659375 0.803125
0 0.609375 0.421875 0.890625 0.421875 0.890625 0.703125 0.609375 0.703125
0 0.359375 0.0 0.640625 0.0 0.640625 0.253125 0.359375 0.253125
0 0.771875 0.134375 1.0 0.134375 1.0 0.428125 0.771875 0.428125
0 0.309375 0.934375 0.553125 0.934375 0.553125 1.0 0.309375 1.0
0 0.746875 0.784375 1.0 0.784375 1.0 1.0 0.746875 1.0
0 0.346875 0.746875 0.640625 0.746875 0.640625 1.0 0.346875 1.0
0 0.259375 0.971875 0.315625 0.971875 0.315625 1.0 0.259375 1.0
0 0.759375 0.0 1.0 0.0 1.0 0.178125 0.759375 0.178125
0 0.659375 0.809375 0.878125 0.809375 0.878125 1.0 0.659375 1.0
0 0.559375 0.121875 0.840625 0.121875 0.840625 0.390625 0.559375 0.390625
