0 0.084375 0.459375 0.478125 0.459375 0.478125 0.853125 0.084375 0.853125
0 0.009375 0.759375 0.315625 0.759375 0.315625 0.953125 0.009375 0.953125
0 0.109375 0.859375 0.428125 0.859375 0.428125 1.0 0.109375 1.0
0 0.921875 0.234375 1.0 0.234375 1.0 0.478125 0.921875 0.478125
0 0.209375 0.109375 0.565625 0.109375 0.565625 0.428125 0.209375 0.428125
0 0.396875 0.0 0.815625 0.0 0.815625 0.240625 0.396875 0.240625
0 0.271875 0.696875 0.615625 0.696875 0.615625 0.978125 0.271875 0.978125
0 0.121875 0.384375 0.365625 0.384375 0.365625 0.540625 0.121875 0.540625
0 0.484375 0.246875 0.703125 0.246875 0.703125 0.415625 0.484375 0.415625
0 0.484375 0.596875 0.865625 0.596875 0.865625 0.878125 0.484375 0.878125
0 0.0 0.871875 0.190625 0.871875 0.190625 1.0 0.0 1.0
0 0.146875 0.971875 0.203125 0.971875 0.203125 1.0 0.146875 1.0
0 0.0 0.0 0.303125 0.0 0.303125 0.265625 0.0 0.265625
0 0.0 0.396875 0.240625 0.396875 0.240625 0.640625 0.0 0.640625
