0 0.259375 0.0 0.628125 0.0 0.628125 0.353125 0.259375 0.353125
0 0.184375 0.209375 0.628125 0.209375 0.628125 0.553125 0.184375 0.553125
0 0.259375 0.459375 0.665625 0.459375 0.665625 0.865625 0.259375 0.865625
0 0.284375 0.946875 0.415625 0.946875 0.415625 1.0 0.284375 1.0
0 0.959375 0.196875 1.0 0.196875 1.0 0.240625 0.959375 0.240625
0 0.634375 0.0 0.865625 0.0 0.865625 0.115625 0.634375 0.115625
0 0.921875 0.034375 1.0 0.034375 1.0 0.253125 0.921875 0.253125
0 0.646875 0.0 0.990625 0.0 0.990625 0.403125 0.646875 0.403125
0 0.0 0.396875 0.340625 0.396875 0.340625 0.740625 0.0 0.740625
0 0.034375 0.271875 0.340625 0.271875 0.340625 0.603125 0.034375 0.603125
0 0.984375 0.434375 1.0 0.434375 1.0 0.503125 0.984375 0.503125
