0 0.446875 0.484375 0.678125 0.484375 0.678125 0.728125 0.446875 0.728125
0 0.809375 0.496875 1.0 0.496875 1.0 0.715625 0.809375 0.715625
0 0.434375 0.284375 0.703125 0.284375 0.703125 0.553125 0.434375 0.553125
0 0.184375 0.521875 0.528125 0.521875 0.528125 0.828125 0.184375 0.828125
0 0.659375 0.259375 1.0 0.259375 1.0 0.515625 0.659375 0.515625
0 0.834375 0.959375 0.903125 0.959375 0.903125 1.0 0.834375 1.0
0 0.259375 0.871875 0.490625 0.871875 0.490625 1.0 0.259375 1.0
0 0.896875 0.621875 1.0 0.621875 1.0 0.778125 0.896875 0.778125
0 0.171875 0.0 0.378125 0.0 0.378125 0.128125 0.171875 0.128125
0 0.359375 0.021875 0.603125 0.021875 0.603125 0.303125 0.359375 0.303125
0 0.621875 0.096875 0.778125 0.096875 0.778125 0.290625 0.621875 0.290625
0 0.671875 0.596875 0.865625 0.596875 0.865625 0.815625 0.671875 0.815625
0 0.934375 0.746875 1.0 0.746875 1.0 0.928125 0.934375 0.928125
0 0.621875 0.371875 0.815625 0.371875 0.815625 0.590625 0.621875 0.590625
0 0.409375 0.646875 0.628125 0.646875 0.628125 0.828125 0.409375 0.828125
