0 0.296875 0.209375 0.665625 0.209375 0.665625 0.528125 0.296875 0.528125
0 0.959375 0.596875 1.0 0.596875 1.0 0.653125 0.959375 0.653125
0 0.596875 0.846875 0.940625 0.846875 0.940625 1.0 0.596875 1.0
0 0.634375 0.084375 0.903125 0.084375 0.903125 0.490625 0.634375 0.490625
0 0.0 0.0 0.315625 0.0 0.315625 0.190625 0.0 0.190625
0 0.171875 0.384375 0.565625 0.384375 0.565625 0.728125 0.171875 0.728125
0 0.759375 0.121875 1.0 0.121875 1.0 0.578125 0.759375 0.578125
0 0.0 0.421875 0.265625 0.421875 0.265625 0.778125 0.0 0.778125
0 0.746875 0.0 1.0 0.0 1.0 0.190625 0.746875 0.190625
0 0.321875 0.784375 0.578125 0.784375 0.578125 0.978125 0.321875 0.978125
0 0.0 0.684375 0.415625 0.684375 0.415625 1.0 0.0 1.0
