0 0.309375 0.121875 0.603125 0.121875 0.603125 0.303125 0.309375 0.303125
0 0.934375 0.096875 1.0 0.096875 1.0 0.253125 0.934375 0.253125
0 0.421875 0.109375 0.665625 0.109375 0.665625 0.390625 0.421875 0.390625
0 0.309375 0.584375 0.590625 0.584375 0.590625 0.853125 0.309375 0.853125
0 0.959375 0.971875 1.0 0.971875 1.0 1.0 0.959375 1.0
0 0.546875 0.534375 0.828125 0.534375 0.828125 0.765625 0.546875 0.765625
0 0.459375 0.984375 0.503125 0.984375 0.503125 1.0 0.459375 1.0
0 0.684375 0.471875 0.915625 0.471875 0.915625 0.653125 0.684375 0.653125
0 0.959375 0.759375 1.0 0.759375 1.0 0.903125 0.959375 0.903125
0 0.0 0.0 0.315625 0.0 0.315625 0.153125 0.0 0.153125
0 0.709375 0.059375 0.965625 0.059375 0.965625 0.328125 0.709375 0.328125
0 0.971875 0.371875 1.0 0.371875 1.0 0.453125 0.971875 0.453125
0 0.159375 0.034375 0.490625 0.034375 0.490625 0.303125 0.159375 0.303125
0 0.871875 0.446875 1.0 0.446875 1.0 0.665625 0.871875 0.665625
0 0.0 0.334375 0.365625 0.334375 0.365625 0.590625 0.0 0.590625
0 0.071875 0.584375 0.378125 0.584375 0.378125 0.815625 0.071875 0.815625
0 0.0 0.821875 0.365625 0.821875 0.365625 1.0 0.0 1.0
0 0.321875 0.734375 0.590625 0.734375 0.590625 0.915625 0.321875 0.915625
0 0.559375 0.0 0.853125 0.0 0.853125 0.178125 0.559375 0.178125
