0 0.596875 0.384375 0.953125 0.384375 0.953125 0.740625 0.596875 0.740625
0 0.746875 0.184375 1.0 0.184375 1.0 0.440625 0.746875 0.440625
0 0.0 0.134375 0.265625 0.134375 0.265625 0.528125 0.0 0.528125
0 0.909375 0.321875 1.0 0.321875 1.0 0.490625 0.909375 0.490625
0 0.209375 0.821875 0.453125 0.821875 0.453125 1.0 0.209375 1.0
0 0.221875 0.534375 0.478125 0.534375 0.478125 0.753125 0.221875 0.753125
0 0.384375 0.771875 0.703125 0.771875 0.703125 1.0 0.384375 1.0
0 0.409375 0.321875 0.628125 0.321875 0.628125 0.553125 0.409375 0.553125
0 0.371875 0.596875 0.653125 0.596875 0.653125 0.853125 0.371875 0.853125
0 0.109375 0.959375 0.190625 0.959375 0.190625 1.0 0.109375 1.0
0 0.984375 0.046875 1.0 0.046875 1.0 0.078125 0.984375 0.078125
0 0.259375 0.409375 0.653125 0.409375 0.653125 0.603125 0.259375 0.603125
0 0.796875 0.396875 1.0 0.396875 1.0 0.615625 0.796875 0.615625
0 0.684375 0.009375 1.0 0.009375 1.0 0.278125 0.684375 0.278125
0 0.021875 0.809375 0.390625 0.809375 0.390625 1.0 0.021875 1.0
0 0.196875 0.284375 0.615625 0.284375 0.615625 0.528125 0.196875 0.528125
0 0.171875 0.096875 0.615625 0.096875 0.615625 0.378125 0.171875 0.378125
