0 0.921875 0.371875 1.0 0.371875 1.0 0.490625 0.921875 0.490625
0 0.284375 0.884375 0.540625 0.884375 0.540625 1.0 0.284375 1.0
0 0.396875 0.671875 0.728125 0.671875 0.728125 0.965625 0.396875 0.965625
0 0.434375 0.296875 0.728125 0.296875 0.728125 0.553125 0.434375 0.553125
0 0.684375 0.271875 0.965625 0.271875 0.965625 0.540625 0.684375 0.540625
0 0.696875 0.034375 1.0 0.034375 1.0 0.328125 0.696875 0.328125
0 0.446875 0.509375 0.753125 0.509375 0.753125 0.753125 0.446875 0.753125
0 0.546875 0.434375 0.853125 0.434375 0.853125 0.665625 0.546875 0.665625
0 0.571875 0.896875 0.853125 0.896875 0.853125 1.0 0.571875 1.0
0 0.284375 0.934375 0.340625 0.934375 0.340625 1.0 0.284375 1.0
0 0.396875 0.321875 0.728125 0.321875 0.728125 0.528125 0.396875 0.528125
0 0.046875 0.084375 0.415625 0.084375 0.415625 0.365625 0.046875 0.365625
