0 0.171875 0.0 0.478125 0.0 0.478125 0.103125 0.171875 0.103125
0 0.546875 0.009375 0.690625 0.009375 0.690625 0.140625 0.546875 0.140625
0 0.046875 0.946875 0.178125 0.946875 0.178125 1.0 0.046875 1.0
0 0.184375 0.084375 0.453125 0.084375 0.453125 0.365625 0.184375 0.365625
0 0.634375 0.384375 0.890625 0.384375 0.890625 0.653125 0.634375 0.653125
0 0.559375 0.884375 0.803125 0.884375 0.803125 1.0 0.559375 1.0
0 0.621875 0.046875 0.915625 0.046875 0.915625 0.303125 0.621875 0.303125
0 0.609375 0.259375 0.890625 0.259375 0.890625 0.503125 0.609375 0.503125
0 0.971875 0.971875 1.0 0.971875 1.0 1.0 0.971875 1.0
0 0.846875 0.0 1.0 0.0 1.0 0.153125 0.846875 0.153125
0 0.934375 0.821875 1.0 0.821875 1.0 0.990625 0.934375 0.990625
