0 0.934375 0.121875 1.0 0.121875 1.0 0.290625 0.934375 0.290625
0 0.759375 0.546875 1.0 0.546875 1.0 0.878125 0.759375 0.878125
0 0.671875 0.346875 1.0 0.346875 1.0 0.740625 0.671875 0.740625
0 0.459375 0.746875 0.840625 0.746875 0.840625 1.0 0.459375 1.0
0 0.0 0.221875 0.290625 0.221875 0.290625 0.503125 0.0 0.503125
0 0.384375 0.0 0.728125 0.0 0.728125 0.278125 0.384375 0.278125
0 0.671875 0.0 0.978125 0.0 0.978125 0.290625 0.671875 0.290625
0 0.846875 0.0 1.0 0.0 1.0 0.178125 0.846875 0.178125
0 0.0 0.384375 0.228125 0.384375 0.228125 0.665625 0.0 0.665625
0 0.196875 0.734375 0.465625 0.734375 0.465625 0.903125 0.196875 0.903125
0 0.371875 0.521875 0.603125 0.521875 0.603125 0.790625 0.371875 0.790625
0 0.146875 0.0 0.390625 0.0 0.390625 0.178125 0.146875 0.178125
0 0.896875 0.871875 1.0 0.871875 1.0 1.0 0.896875 1.0
0 0.471875 0.646875 0.828125 0.646875 0.828125 0.915625 0.471875 0.915625
0 0.196875 0.0 0.478125 0.0 0.478125 0.215625 0.196875 0.215625
0 0.171875 0.246875 0.578125 0.246875 0.578125 0.578125 0.171875 0.578125
0 0.0 0.559375 0.415625 0.559375 0.415625 0.853125 0.0 0.853125
