0 0.784375 0.409375 1.0 0.409375 1.0 0.628125 0.784375 0.628125
0 0.459375 0.646875 0.778125 0.646875 0.778125 0.915625 0.459375 0.915625
0 0.034375 0.684375 0.340625 0.684375 0.340625 0.940625 0.034375 0.940625
0 0.621875 0.809375 1.0 0.809375 1.0 1.0 0.621875 1.0
0 0.671875 0.271875 0.903125 0.271875 0.903125 0.465625 0.671875 0.465625
0 0.0 0.121875 0.228125 0.121875 0.228125 0.390625 0.0 0.390625
0 0.259375 0.446875 0.565625 0.446875 0.565625 0.665625 0.259375 0.665625
0 0.334375 0.121875 0.615625 0.121875 0.615625 0.378125 0.334375 0.378125
0 0.234375 0.096875 0.415625 0.096875 0.415625 0.340625 0.234375 0.340625
0 0.946875 0.959375 1.0 0.959375 1.0 1.0 0.946875 1.0
0 0.609375 0.259375 0.903125 0.259375 0.903125 0.515625 0.609375 0.515625
0 0.0 0.0 0.290625 0.0 0.290625 0.228125 0.0 0.228125
0 0.209375 0.546875 0.578125 0.546875 0.578125 0.778125 0.209375 0.778125
0 0.771875 0.0 1.0 0.0 1.0 0.190625 0.771875 0.190625
0 0.834375 0.559375 1.0 0.559375 1.0 0.803125 0.834375 0.803125
0 0.609375 0.146875 0.928125 0.146875 0.928125 0.365625 0.609375 0.365625
0 0.384375 0.634375 0.565625 0.634375 0.565625 0.815625 0.384375 0.815625
