0 0.859375 0.634375 1.0 0.634375 1.0 0.915625 0.859375 0.915625
0 0.596875 0.109375 0.915625 0.109375 0.915625 0.365625 0.596875 0.365625
0 0.221875 0.234375 0.565625 0.234375 0.565625 0.553125 0.221875 0.553125
0 0.371875 0.984375 0.465625 0.984375 0.465625 1.0 0.371875 1.0
0 0.121875 0.646875 0.428125 0.646875 0.428125 0.928125 0.121875 0.928125
0 0.246875 0.496875 0.553125 0.496875 0.553125 0.753125 0.246875 0.753125
0 0.059375 0.0 0.390625 0.0 0.390625 0.203125 0.059375 0.203125
0 0.484375 0.959375 0.678125 0.959375 0.678125 1.0 0.484375 1.0
0 0.946875 0.146875 1.0 0.146875 1.0 0.240625 0.946875 0.240625
0 0.296875 0.0 0.528125 0.0 0.528125 0.215625 0.296875 0.215625
0 0.0 0.246875 0.140625 0.246875 0.140625 0.440625 0.0 0.440625
0 0.946875 0.534375 1.0 0.534375 1.0 0.678125 0.946875 0.678125
0 0.0 0.709375 0.228125 0.709375 0.228125 0.965625 0.0 0.965625
