0 0.084375 0.0 0.390625 0.0 0.390625 0.190625 0.084375 0.190625
0 0.696875 0.659375 1.0 0.659375 1.0 0.953125 0.696875 0.953125
0 0.346875 0.359375 0.615625 0.359375 0.615625 0.590625 0.346875 0.590625
0 0.146875 0.471875 0.415625 0.471875 0.415625 0.628125 0.146875 0.628125
0 0.184375 0.696875 0.528125 0.696875 0.528125 0.903125 0.184375 0.903125
0 0.0 0.721875 0.290625 0.721875 0.290625 1.0 0.0 1.0
0 0.234375 0.046875 0.478125 0.046875 0.478125 0.228125 0.234375 0.228125
0 0.709375 0.109375 0.953125 0.109375 0.953125 0.365625 0.709375 0.365625
0 0.484375 0.784375 0.778125 0.784375 0.778125 0.990625 0.484375 0.990625
0 0.0 0.0 0.215625 0.0 0.215625 0.240625 0.0 0.240625
0 0.971875 0.171875 1.0 0.171875 1.0 0.215625 0.971875 0.215625
0 0.471875 0.0 0.728125 0.0 0.728125 0.153125 0.471875 0.153125
0 0.871875 0.159375 1.0 0.159375 1.0 0.403125 0.871875 0.403125
0 0.521875 0.146875 0.765625 0.146875 0.765625 0.390625 0.521875 0.390625
0 0.809375 0.0 1.0 0.0 1.0 0.215625 0.809375 0.215625
0 0.709375 0.0 0.903125 0.0 0.903125 0.115625 0.709375 0.115625
0 0.959375 0.534375 1.0 0.534375 1.0 0.653125 0.959375 0.653125
0 0.384375 0.859375 0.590625 0.859375 0.590625 1.0 0.384375 1.0
0 0.496875 0.509375 0.765625 0.509375 0.765625 0.703125 0.496875 0.703125
0 0.546875 0.659375 0.765625 0.659375 0.765625 0.840625 0.546875 0.840625
0 0.384375 0.109375 0.603125 0.109375 0.603125 0.328125 0.384375 0.328125
0 0.809375 0.834375 1.0 0.834375 1.0 1.0 0.809375 1.0
0 0.271875 0.846875 0.503125 0.846875 0.503125 1.0 0.271875 1.0
