0 0.234375 0.609375 0.665625 0.609375 0.665625 1.0 0.234375 1.0
0 0.0 0.746875 0.490625 0.746875 0.490625 1.0 0.0 1.0
0 0.109375 0.271875 0.553125 0.271875 0.553125 0.615625 0.109375 0.615625
0 0.0 0.0 0.453125 0.0 0.453125 0.340625 0.0 0.340625
0 0.984375 0.984375 1.0 0.984375 1.0 1.0 0.984375 1.0
0 0.484375 0.659375 0.890625 0.659375 0.890625 1.0 0.484375 1.0
0 0.859375 0.559375 1.0 0.559375 1.0 0.865625 0.859375 0.865625
0 0.571875 0.159375 0.990625 0.159375 0.990625 0.553125 0.571875 0.553125
0 0.946875 0.309375 1.0 0.309375 1.0 0.465625 0.946875 0.465625
0 0.0 0.659375 0.315625 0.659375 0.315625 0.953125 0.0 0.953125
