0 0.209375 0.646875 0.515625 0.646875 0.515625 0.915625 0.209375 0.915625
0 0.246875 0.721875 0.615625 0.721875 0.615625 1.0 0.246875 1.0
0 0.371875 0.0 0.703125 0.0 0.703125 0.228125 0.371875 0.228125
0 0.959375 0.834375 1.0 0.834375 1.0 0.903125 0.959375 0.903125
0 0.146875 0.796875 0.403125 0.796875 0.403125 1.0 0.146875 1.0
0 0.634375 0.659375 0.915625 0.659375 0.915625 0.953125 0.634375 0.953125
0 0.0 0.234375 0.278125 0.234375 0.278125 0.503125 0.0 0.503125
0 0.759375 0.896875 1.0 0.896875 1.0 1.0 0.759375 1.0
0 0.934375 0.621875 1.0 0.621875 1.0 0.803125 0.934375 0.803125
0 0.771875 0.721875 1.0 0.721875 1.0 0.940625 0.771875 0.940625
