0 0.234375 0.721875 0.503125 0.721875 0.503125 1.0 0.234375 1.0
0 0.584375 0.559375 0.828125 0.559375 0.828125 0.853125 0.584375 0.853125
0 0.421875 0.396875 0.678125 0.396875 0.678125 0.590625 0.421875 0.590625
0 0.196875 0.034375 0.453125 0.034375 0.453125 0.240625 0.196875 0.240625
0 0.484375 0.509375 0.740625 0.509375 0.740625 0.703125 0.484375 0.703125
0 0.396875 0.296875 0.678125 0.296875 0.678125 0.465625 0.396875 0.465625
0 0.284375 0.984375 0.315625 0.984375 0.315625 1.0 0.284375 1.0
0 0.709375 0.671875 0.928125 0.671875 0.928125 0.853125 0.709375 0.853125
0 0.721875 0.259375 0.965625 0.259375 0.965625 0.503125 0.721875 0.503125
0 0.371875 0.0 0.665625 0.0 0.665625 0.253125 0.371875 0.253125
0 0.721875 0.896875 0.978125 0.896875 0.978125 1.0 0.721875 1.0
