0 0.534375 0.721875 0.740625 0.721875 0.740625 0.903125 0.534375 0.903125
0 0.346875 0.871875 0.628125 0.871875 0.628125 1.0 0.346875 1.0
0 0.934375 0.609375 1.0 0.609375 1.0 0.840625 0.934375 0.840625
0 0.234375 0.0 0.553125 0.0 0.553125 0.203125 0.234375 0.203125
0 0.671875 0.896875 0.903125 0.896875 0.903125 1.0 0.671875 1.0
0 0.096875 0.0 0.378125 0.0 0.378125 0.228125 0.096875 0.228125
0 0.909375 0.809375 1.0 0.809375 1.0 1.0 0.909375 1.0
0 0.246875 0.296875 0.515625 0.296875 0.515625 0.565625 0.246875 0.565625
0 0.971875 0.859375 1.0 0.859375 1.0 0.915625 0.971875 0.915625
0 0.571875 0.309375 0.815625 0.309375 0.815625 0.565625 0.571875 0.565625
0 0.571875 0.571875 0.828125 0.571875 0.828125 0.778125 0.571875 0.778125
0 0.846875 0.084375 1.0 0.084375 1.0 0.328125 0.846875 0.328125
0 0.709375 0.071875 0.928125 0.071875 0.928125 0.303125 0.709375 0.303125
0 0.821875 0.496875 1.0 0.496875 1.0 0.703125 0.821875 0.703125
0 0.234375 0.809375 0.478125 0.809375 0.478125 1.0 0.234375 1.0
0 0.284375 0.521875 0.565625 0.521875 0.565625 0.740625 0.284375 0.740625
0 0.559375 0.871875 0.765625 0.871875 0.765625 1.0 0.559375 1.0
