0 0.334375 0.209375 0.740625 0.209375 0.740625 0.578125 0.334375 0.578125
0 0.321875 0.671875 0.678125 0.671875 0.678125 1.0 0.321875 1.0
0 0.871875 0.171875 1.0 0.171875 1.0 0.465625 0.871875 0.465625
0 0.034375 0.434375 0.415625 0.434375 0.415625 0.778125 0.034375 0.778125
0 0.484375 0.559375 0.740625 0.559375 0.740625 0.828125 0.484375 0.828125
0 0.084375 0.684375 0.415625 0.684375 0.415625 0.953125 0.084375 0.953125
0 0.896875 0.0 1.0 0.0 1.0 0.190625 0.896875 0.190625
0 0.771875 0.809375 1.0 0.809375 1.0 1.0 0.771875 1.0
0 0.384375 0.509375 0.640625 0.509375 0.640625 0.753125 0.384375 0.753125
0 0.809375 0.134375 0.965625 0.134375 0.965625 0.303125 0.809375 0.303125
0 0.609375 0.359375 0.940625 0.359375 0.940625 0.653125 0.609375 0.653125
0 0.0 0.059375 0.203125 0.059375 0.203125 0.315625 0.0 0.315625
0 0.0 0.209375 0.328125 0.209375 0.328125 0.528125 0.0 0.528125
