0 0.384375 0.359375 0.728125 0.359375 0.728125 0.628125 0.384375 0.628125
0 0.259375 0.434375 0.553125 0.434375 0.553125 0.753125 0.259375 0.753125
0 0.421875 0.921875 0.603125 0.921875 0.603125 1.0 0.421875 1.0
0 0.684375 0.0 0.978125 0.0 0.978125 0.328125 0.684375 0.328125
0 0.371875 0.209375 0.690625 0.209375 0.690625 0.465625 0.371875 0.465625
0 0.496875 0.0 0.703125 0.0 0.703125 0.103125 0.496875 0.103125
0 0.909375 0.084375 1.0 0.084375 1.0 0.278125 0.909375 0.278125
0 0.296875 0.0 0.590625 0.0 0.590625 0.303125 0.296875 0.303125
0 0.271875 0.921875 0.453125 0.921875 0.453125 1.0 0.271875 1.0
0 0.021875 0.921875 0.153125 0.921875 0.153125 1.0 0.021875 1.0
0 0.734375 0.284375 1.0 0.284375 1.0 0.503125 0.734375 0.503125
0 0.309375 0.671875 0.640625 0.671875 0.640625 0.878125 0.309375 0.878125
0 0.759375 0.0 0.965625 0.0 0.965625 0.153125 0.759375 0.153125
0 0.171875 0.734375 0.503125 0.734375 0.503125 0.978125 0.171875 0.978125
0 0.896875 0.871875 1.0 0.871875 1.0 1.0 0.896875 1.0
0 0.146875 0.496875 0.390625 0.496875 0.390625 0.715625 0.146875 0.715625
0 0.634375 0.146875 0.865625 0.146875 0.865625 0.378125 0.634375 0.378125
0 0.734375 0.371875 1.0 0.371875 1.0 0.603125 0.734375 0.603125
0 0.0 0.771875 0.290625 0.771875 0.290625 1.0 0.0 1.0
0 0.246875 0.0 0.653125 0.0 0.653125 0.228125 0.246875 0.228125
