0 0.459375 0.309375 0.865625 0.309375 0.865625 0.653125 0.459375 0.653125
0 0.071875 0.521875 0.465625 0.521875 0.465625 0.990625 0.071875 0.990625
0 0.821875 0.071875 1.0 0.071875 1.0 0.365625 0.821875 0.365625
0 0.334375 0.0 0.678125 0.0 0.678125 0.203125 0.334375 0.203125
0 0.321875 0.134375 0.665625 0.134375 0.665625 0.465625 0.321875 0.465625
0 0.546875 0.159375 0.890625 0.159375 0.890625 0.340625 0.546875 0.340625
0 0.934375 0.746875 1.0 0.746875 1.0 0.978125 0.934375 0.978125
0 0.334375 0.909375 0.665625 0.909375 0.665625 1.0 0.334375 1.0
0 0.0 0.696875 0.253125 0.696875 0.253125 1.0 0.0 1.0
0 0.171875 0.384375 0.540625 0.384375 0.540625 0.640625 0.171875 0.640625
0 0.0 0.0 0.365625 0.0 0.365625 0.278125 0.0 0.278125
0 0.0 0.521875 0.203125 0.521875 0.203125 0.815625 0.0 0.815625
0 0.534375 0.0 0.840625 0.0 0.840625 0.290625 0.534375 0.290625
