0 0.821875 0.209375 1.0 0.209375 1.0 0.515625 0.821875 0.515625
0 0.459375 0.071875 0.715625 0.071875 0.715625 0.328125 0.459375 0.328125
0 0.284375 0.521875 0.528125 0.521875 0.528125 0.703125 0.284375 0.703125
0 0.921875 0.634375 1.0 0.634375 1.0 0.765625 0.921875 0.765625
0 0.859375 0.534375 0.978125 0.534375 0.978125 0.715625 0.859375 0.715625
0 0.059375 0.459375 0.328125 0.459375 0.328125 0.690625 0.059375 0.690625
0 0.509375 0.471875 0.765625 0.471875 0.765625 0.728125 0.509375 0.728125
0 0.396875 0.846875 0.615625 0.846875 0.615625 1.0 0.396875 1.0
0 0.721875 0.509375 0.915625 0.509375 0.915625 0.728125 0.721875 0.728125
0 0.909375 0.884375 1.0 0.884375 1.0 1.0 0.909375 1.0
0 0.484375 0.0 0.728125 0.0 0.728125 0.178125 0.484375 0.178125
0 0.509375 0.809375 0.778125 0.809375 0.778125 1.0 0.509375 1.0
0 0.884375 0.959375 0.928125 0.959375 0.928125 1.0 0.884375 1.0
0 0.346875 0.621875 0.615625 0.621875 0.615625 0.828125 0.346875 0.828125
0 0.321875 0.096875 0.578125 0.096875 0.578125 0.353125 0.321875 0.353125
