0 0.784375 0.371875 0.953125 0.371875 0.953125 0.653125 0.784375 0.653125
0 0.909375 0.559375 1.0 0.559375 1.0 0.753125 0.909375 0.753125
0 0.659375 0.309375 0.915625 0.309375 0.915625 0.578125 0.659375 0.578125
0 0.421875 0.009375 0.715625 0.009375 0.715625 0.290625 0.421875 0.290625
0 0.784375 0.821875 1.0 0.821875 1.0 1.0 0.784375 1.0
0 0.221875 0.721875 0.440625 0.721875 0.440625 0.978125 0.221875 0.978125
0 0.609375 0.221875 0.840625 0.221875 0.840625 0.465625 0.609375 0.465625
0 0.484375 0.471875 0.715625 0.471875 0.715625 0.728125 0.484375 0.728125
0 0.221875 0.934375 0.378125 0.934375 0.378125 1.0 0.221875 1.0
0 0.459375 0.346875 0.640625 0.346875 0.640625 0.528125 0.459375 0.528125
0 0.221875 0.609375 0.515625 0.609375 0.515625 0.790625 0.221875 0.790625
0 0.671875 0.0 0.928125 0.0 0.928125 0.240625 0.671875 0.240625
0 0.671875 0.784375 0.915625 0.784375 0.915625 0.990625 0.671875 0.990625
0 0.134375 0.759375 0.490625 0.759375 0.490625 0.940625 0.134375 0.940625
0 0.259375 0.0 0.540625 0.0 0.540625 0.153125 0.259375 0.153125
