0 0.0 0.296875 0.290625 0.296875 0.290625 0.703125 0.0 0.703125
0 0.0 0.846875 0.403125 0.846875 0.403125 1.0 0.0 1.0
0 0.784375 0.271875 1.0 0.271875 1.0 0.528125 0.784375 0.528125
0 0.746875 0.309375 1.0 0.309375 1.0 0.653125 0.746875 0.653125
0 0.971875 0.221875 1.0 0.221875 1.0 0.265625 0.971875 0.265625
0 0.0 0.634375 0.290625 0.634375 0.290625 0.903125 0.0 0.903125
0 0.0 0.0 0.240625 0.0 0.240625 0.165625 0.0 0.165625
0 0.621875 0.421875 1.0 0.421875 1.0 0.753125 0.621875 0.753125
0 0.309375 0.296875 0.578125 0.296875 0.578125 0.540625 0.309375 0.540625
0 0.359375 0.396875 0.728125 0.396875 0.728125 0.753125 0.359375 0.753125
