0 0.571875 0.534375 0.903125 0.534375 0.903125 0.815625 0.571875 0.815625
0 0.384375 0.284375 0.640625 0.284375 0.640625 0.615625 0.384375 0.615625
0 0.846875 0.759375 1.0 0.759375 1.0 1.0 0.846875 1.0
0 0.259375 0.909375 0.528125 0.909375 0.528125 1.0 0.259375 1.0
0 0.296875 0.234375 0.540625 0.234375 0.540625 0.428125 0.296875 0.428125
0 0.159375 0.771875 0.415625 0.771875 0.415625 1.0 0.159375 1.0
0 0.384375 0.134375 0.665625 0.134375 0.665625 0.378125 0.384375 0.378125
0 0.846875 0.0 1.0 0.0 1.0 0.165625 0.846875 0.165625
0 0.096875 0.159375 0.403125 0.159375 0.403125 0.403125 0.096875 0.403125
0 0.871875 0.284375 1.0 0.284375 1.0 0.503125 0.871875 0.503125
0 0.484375 0.0 0.740625 0.0 0.740625 0.190625 0.484375 0.190625
0 0.709375 0.984375 0.728125 0.984375 0.728125 1.0 0.709375 1.0
0 0.046875 0.134375 0.240625 0.134375 0.240625 0.340625 0.046875 0.340625
0 0.646875 0.146875 0.815625 0.146875 0.815625 0.340625 0.646875 0.340625
0 0.784375 0.146875 1.0 0.146875 1.0 0.340625 0.784375 0.340625
0 0.159375 0.396875 0.440625 0.396875 0.440625 0.640625 0.159375 0.640625
0 0.946875 0.0 1.0 0.0 1.0 0.140625 0.946875 0.140625
0 0.809375 0.409375 1.0 0.409375 1.0 0.628125 0.809375 0.628125
0 0.034375 0.671875 0.390625 0.671875 0.390625 0.878125 0.034375 0.878125
0 0.409375 0.646875 0.640625 0.646875 0.640625 0.865625 0.409375 0.865625
0 0.521875 0.396875 0.790625 0.396875 0.790625 0.603125 0.521875 0.603125
0 0.696875 0.721875 0.940625 0.721875 0.940625 0.953125 0.696875 0.953125
