0 0.871875 0.034375 1.0 0.034375 1.0 0.153125 0.871875 0.153125
0 0.284375 0.0 0.540625 0.0 0.540625 0.178125 0.284375 0.178125
0 0.934375 0.284375 1.0 0.284375 1.0 0.428125 0.934375 0.428125
0 0.609375 0.446875 0.853125 0.446875 0.853125 0.715625 0.609375 0.715625
0 0.559375 0.621875 0.815625 0.621875 0.815625 0.803125 0.559375 0.803125
0 0.159375 0.334375 0.453125 0.334375 0.453125 0.553125 0.159375 0.553125
0 0.734375 0.121875 0.990625 0.121875 0.990625 0.378125 0.734375 0.378125
0 0.121875 0.471875 0.428125 0.471875 0.428125 0.678125 0.121875 0.678125
0 0.909375 0.971875 1.0 0.971875 1.0 1.0 0.909375 1.0
0 0.834375 0.671875 1.0 0.671875 1.0 0.853125 0.834375 0.853125
0 0.884375 0.521875 1.0 0.521875 1.0 0.703125 0.884375 0.703125
0 0.209375 0.146875 0.428125 0.146875 0.428125 0.340625 0.209375 0.340625
0 0.559375 0.734375 0.853125 0.734375 0.853125 0.878125 0.559375 0.878125
0 0.871875 0.384375 1.0 0.384375 1.0 0.603125 0.871875 0.603125
0 0.446875 0.746875 0.665625 0.746875 0.665625 0.965625 0.446875 0.965625
0 0.021875 0.209375 0.390625 0.209375 0.390625 0.428125 0.021875 0.428125
0 0.459375 0.434375 0.690625 0.434375 0.690625 0.653125 0.459375 0.653125
0 0.021875 0.709375 0.390625 0.709375 0.390625 0.928125 0.021875 0.928125
0 0.684375 0.271875 0.928125 0.271875 0.928125 0.503125 0.684375 0.503125
0 0.571875 0.809375 0.828125 0.809375 0.828125 0.978125 0.571875 0.978125
0 0.271875 0.646875 0.590625 0.646875 0.590625 0.878125 0.271875 0.878125
