0 0.0 0.146875 0.215625 0.146875 0.215625 0.403125 0.0 0.403125
0 0.021875 0.834375 0.403125 0.834375 0.403125 1.0 0.021875 1.0
0 0.896875 0.409375 1.0 0.409375 1.0 0.640625 0.896875 0.640625
0 0.834375 0.0 1.0 0.0 1.0 0.240625 0.834375 0.240625
0 0.871875 0.821875 1.0 0.821875 1.0 1.0 0.871875 1.0
0 0.259375 0.496875 0.578125 0.496875 0.578125 0.778125 0.259375 0.778125
0 0.546875 0.646875 0.853125 0.646875 0.853125 0.928125 0.546875 0.928125
0 0.0 0.0 0.315625 0.0 0.315625 0.240625 0.0 0.240625
0 0.271875 0.171875 0.478125 0.171875 0.478125 0.403125 0.271875 0.403125
0 0.409375 0.0 0.653125 0.0 0.653125 0.115625 0.409375 0.115625
0 0.359375 0.284375 0.753125 0.284375 0.753125 0.603125 0.359375 0.603125
0 0.646875 0.596875 0.990625 0.596875 0.990625 0.865625 0.646875 0.865625
