0 0.559375 0.346875 0.765625 0.346875 0.765625 0.540625 0.559375 0.540625
0 0.371875 0.296875 0.740625 0.296875 0.740625 0.665625 0.371875 0.665625
0 0.0 0.734375 0.215625 0.734375 0.215625 0.940625 0.0 0.940625
0 0.709375 0.334375 1.0 0.334375 1.0 0.590625 0.709375 0.590625
0 0.409375 0.759375 0.678125 0.759375 0.678125 1.0 0.409375 1.0
0 0.159375 0.709375 0.428125 0.709375 0.428125 0.990625 0.159375 0.990625
0 0.246875 0.0 0.540625 0.0 0.540625 0.228125 0.246875 0.228125
0 0.721875 0.959375 0.815625 0.959375 0.815625 1.0 0.721875 1.0
0 0.559375 0.146875 0.840625 0.146875 0.840625 0.403125 0.559375 0.403125
0 0.859375 0.934375 1.0 0.934375 1.0 1.0 0.859375 1.0
0 0.446875 0.046875 0.603125 0.046875 0.603125 0.203125 0.446875 0.203125
0 0.084375 0.184375 0.328125 0.184375 0.328125 0.365625 0.084375 0.365625
0 0.909375 0.0 1.0 0.0 1.0 0.140625 0.909375 0.140625
0 0.271875 0.221875 0.503125 0.221875 0.503125 0.453125 0.271875 0.453125
0 0.159375 0.946875 0.328125 0.946875 0.328125 1.0 0.159375 1.0
0 0.421875 0.971875 0.503125 0.971875 0.503125 1.0 0.421875 1.0
