0 0.559375 0.621875 0.753125 0.621875 0.753125 0.753125 0.559375 0.753125
0 0.0 0.0 0.265625 0.0 0.265625 0.115625 0.0 0.115625
0 0.734375 0.196875 1.0 0.196875 1.0 0.428125 0.734375 0.428125
0 0.246875 0.909375 0.478125 0.909375 0.478125 1.0 0.246875 1.0
0 0.084375 0.846875 0.340625 0.846875 0.340625 1.0 0.084375 1.0
0 0.434375 0.009375 0.728125 0.009375 0.728125 0.253125 0.434375 0.253125
0 0.0 0.071875 0.265625 0.071875 0.265625 0.378125 0.0 0.378125
0 0.609375 0.721875 0.865625 0.721875 0.865625 0.965625 0.609375 0.965625
0 0.559375 0.159375 0.815625 0.159375 0.815625 0.403125 0.559375 0.403125
0 0.646875 0.521875 0.940625 0.521875 0.940625 0.778125 0.646875 0.778125
0 0.634375 0.309375 0.903125 0.309375 0.903125 0.490625 0.634375 0.490625
0 0.871875 0.971875 0.953125 0.971875 0.953125 1.0 0.871875 1.0
0 0.421875 0.934375 0.540625 0.934375 0.540625 1.0 0.421875 1.0
0 0.621875 0.384375 0.815625 0.384375 0.815625 0.590625 0.621875 0.590625
0 0.759375 0.071875 1.0 0.071875 1.0 0.253125 0.759375 0.253125
0 0.521875 0.884375 0.828125 0.884375 0.828125 1.0 0.521875 1.0
0 0.046875 0.634375 0.403125 0.634375 0.403125 0.878125 0.046875 0.878125
0 0.396875 0.259375 0.640625 0.259375 0.640625 0.528125 0.396875 0.528125
