0 0.096875 0.709375 0.403125 0.709375 0.403125 0.990625 0.096875 0.990625
0 0.509375 0.159375 0.790625 0.159375 0.790625 0.440625 0.509375 0.440625
0 0.746875 0.384375 1.0 0.384375 1.0 0.690625 0.746875 0.690625
0 0.971875 0.846875 1.0 0.846875 1.0 0.890625 0.971875 0.890625
0 0.921875 0.671875 1.0 0.671875 1.0 0.878125 0.921875 0.878125
0 0.734375 0.896875 0.953125 0.896875 0.953125 1.0 0.734375 1.0
0 0.221875 0.259375 0.515625 0.259375 0.515625 0.553125 0.221875 0.553125
0 0.546875 0.059375 0.840625 0.059375 0.840625 0.278125 0.546875 0.278125
0 0.884375 0.871875 1.0 0.871875 1.0 1.0 0.884375 1.0
0 0.709375 0.0 0.953125 0.0 0.953125 0.140625 0.709375 0.140625
0 0.321875 0.634375 0.565625 0.634375 0.565625 0.878125 0.321875 0.878125
0 0.984375 0.034375 1.0 0.034375 1.0 0.103125 0.984375 0.103125
0 0.059375 0.0 0.240625 0.0 0.240625 0.165625 0.059375 0.165625
0 0.246875 0.096875 0.465625 0.096875 0.465625 0.278125 0.246875 0.278125
0 0.359375 0.109375 0.628125 0.109375 0.628125 0.353125 0.359375 0.353125
0 0.521875 0.496875 0.803125 0.496875 0.803125 0.728125 0.521875 0.728125
0 0.896875 0.146875 1.0 0.146875 1.0 0.390625 0.896875 0.390625
0 0.384375 0.534375 0.690625 0.534375 0.690625 0.765625 0.384375 0.765625
0 0.959375 0.859375 1.0 0.859375 1.0 0.990625 0.959375 0.990625
