0 0.146875 0.346875 0.478125 0.346875 0.478125 0.578125 0.146875 0.578125
0 0.0 0.509375 0.165625 0.509375 0.165625 0.828125 0.0 0.828125
0 0.296875 0.059375 0.590625 0.059375 0.590625 0.340625 0.296875 0.340625
0 0.796875 0.846875 1.0 0.846875 1.0 1.0 0.796875 1.0
0 0.534375 0.0 0.853125 0.0 0.853125 0.128125 0.534375 0.128125
0 0.0 0.334375 0.165625 0.334375 0.165625 0.578125 0.0 0.578125
0 0.721875 0.059375 0.953125 0.059375 0.953125 0.328125 0.721875 0.328125
0 0.559375 0.046875 0.815625 0.046875 0.815625 0.303125 0.559375 0.303125
0 0.921875 0.0 1.0 0.0 1.0 0.090625 0.921875 0.090625
0 0.084375 0.296875 0.265625 0.296875 0.265625 0.465625 0.084375 0.465625
0 0.784375 0.0 1.0 0.0 1.0 0.215625 0.784375 0.215625
0 0.159375 0.946875 0.340625 0.946875 0.340625 1.0 0.159375 1.0
0 0.146875 0.634375 0.528125 0.634375 0.528125 0.878125 0.146875 0.878125
0 0.159375 0.159375 0.453125 0.159375 0.453125 0.390625 0.159375 0.390625
