0 0.859375 0.0 1.0 0.0 1.0 0.203125 0.859375 0.203125
0 0.096875 0.159375 0.615625 0.159375 0.615625 0.640625 0.096875 0.640625
0 0.509375 0.046875 0.928125 0.046875 0.928125 0.528125 0.509375 0.528125
0 0.471875 0.671875 0.828125 0.671875 0.828125 1.0 0.471875 1.0
0 0.159375 0.0 0.578125 0.0 0.578125 0.228125 0.159375 0.228125
0 0.784375 0.896875 0.990625 0.896875 0.990625 1.0 0.784375 1.0
0 0.771875 0.484375 1.0 0.484375 1.0 0.690625 0.771875 0.690625
0 0.134375 0.859375 0.415625 0.859375 0.415625 1.0 0.134375 1.0
0 0.946875 0.459375 1.0 0.459375 1.0 0.540625 0.946875 0.540625
0 0.0 0.059375 0.278125 0.059375 0.278125 0.365625 0.0 0.365625
0 0.0 0.634375 0.515625 0.634375 0.515625 0.940625 0.0 0.940625
