0 0.871875 0.184375 1.0 0.184375 1.0 0.503125 0.871875 0.503125
0 0.271875 0.021875 0.553125 0.021875 0.553125 0.303125 0.271875 0.303125
0 0.534375 0.496875 0.878125 0.496875 0.878125 0.865625 0.534375 0.865625
0 0.196875 0.0 0.553125 0.0 0.553125 0.153125 0.196875 0.153125
0 0.446875 0.509375 0.740625 0.509375 0.740625 0.840625 0.446875 0.840625
0 0.446875 0.0 0.790625 0.0 0.790625 0.290625 0.446875 0.290625
0 0.209375 0.834375 0.528125 0.834375 0.528125 1.0 0.209375 1.0
0 0.459375 0.771875 0.778125 0.771875 0.778125 1.0 0.459375 1.0
0 0.309375 0.246875 0.603125 0.246875 0.603125 0.540625 0.309375 0.540625
0 0.684375 0.009375 0.953125 0.009375 0.953125 0.340625 0.684375 0.340625
0 0.209375 0.596875 0.453125 0.596875 0.453125 0.803125 0.209375 0.803125
0 0.184375 0.396875 0.578125 0.396875 0.578125 0.690625 0.184375 0.690625
0 0.0 0.134375 0.253125 0.134375 0.253125 0.440625 0.0 0.440625
0 0.0 0.421875 0.190625 0.421875 0.190625 0.665625 0.0 0.665625
