0 0.0 0.521875 0.315625 0.521875 0.315625 0.853125 0.0 0.853125
0 0.471875 0.459375 0.790625 0.459375 0.790625 0.728125 0.471875 0.728125
0 0.896875 0.0 1.0 0.0 1.0 0.128125 0.896875 0.128125
0 0.634375 0.059375 0.940625 0.059375 0.940625 0.365625 0.634375 0.365625
0 0.459375 0.096875 0.690625 0.096875 0.690625 0.303125 0.459375 0.303125
0 0.759375 0.734375 0.940625 0.734375 0.940625 0.890625 0.759375 0.890625
0 0.071875 0.959375 0.190625 0.959375 0.190625 1.0 0.071875 1.0
0 0.284375 0.421875 0.478125 0.421875 0.478125 0.615625 0.284375 0.615625
0 0.121875 0.159375 0.540625 0.159375 0.540625 0.465625 0.121875 0.465625
0 0.284375 0.671875 0.653125 0.671875 0.653125 0.953125 0.284375 0.953125
0 0.609375 0.246875 0.940625 0.246875 0.940625 0.503125 0.609375 0.503125
