0 0.284375 0.0 0.615625 0.0 0.615625 0.303125 0.284375 0.303125
0 0.459375 0.034375 0.840625 0.034375 0.840625 0.490625 0.459375 0.490625
0 0.209375 0.459375 0.615625 0.459375 0.615625 0.828125 0.209375 0.828125
0 0.796875 0.584375 1.0 0.584375 1.0 0.940625 0.796875 0.940625
0 0.296875 0.284375 0.653125 0.284375 0.653125 0.553125 0.296875 0.553125
0 0.0 0.246875 0.315625 0.246875 0.315625 0.553125 0.0 0.553125
0 0.384375 0.934375 0.603125 0.934375 0.603125 1.0 0.384375 1.0
0 0.0 0.571875 0.303125 0.571875 0.303125 0.853125 0.0 0.853125
0 0.946875 0.171875 1.0 0.171875 1.0 0.353125 0.946875 0.353125
0 0.471875 0.459375 0.828125 0.459375 0.828125 0.765625 0.471875 0.765625
0 0.0 0.871875 0.353125 0.871875 0.353125 1.0 0.0 1.0
0 0.009375 0.459375 0.328125 0.459375 0.328125 0.715625 0.009375 0.715625
