0 0.884375 0.846875 1.0 0.846875 1.0 1.0 0.884375 1.0
0 0.0 0.746875 0.240625 0.746875 0.240625 1.0 0.0 1.0
0 0.046875 0.0 0.465625 0.0 0.465625 0.353125 0.046875 0.353125
0 0.921875 0.409375 1.0 0.409375 1.0 0.528125 0.921875 0.528125
0 0.984375 0.934375 1.0 0.934375 1.0 0.965625 0.984375 0.965625
0 0.659375 0.896875 0.940625 0.896875 0.940625 1.0 0.659375 1.0
0 0.934375 0.021875 1.0 0.021875 1.0 0.115625 0.934375 0.115625
0 0.809375 0.621875 1.0 0.621875 1.0 0.928125 0.809375 0.928125
0 0.459375 0.059375 0.853125 0.059375 0.853125 0.478125 0.459375 0.478125
0 0.134375 0.784375 0.553125 0.784375 0.553125 1.0 0.134375 1.0
0 0.671875 0.221875 1.0 0.221875 1.0 0.640625 0.671875 0.640625
0 0.559375 0.0 0.790625 0.0 0.790625 0.140625 0.559375 0.140625
0 0.621875 0.709375 0.903125 0.709375 0.903125 0.990625 0.621875 0.990625
0 0.0 0.184375 0.340625 0.184375 0.340625 0.590625 0.0 0.590625
0 0.659375 0.0 0.978125 0.0 0.978125 0.165625 0.659375 0.165625
