0 0.0 0.296875 0.290625 0.296875 0.290625 0.528125 0.0 0.528125
0 0.0 0.659375 0.378125 0.659375 0.378125 0.928125 0.0 0.928125
0 0.496875 0.621875 0.803125 0.621875 0.803125 0.878125 0.496875 0.878125
0 0.809375 0.659375 1.0 0.659375 1.0 0.903125 0.809375 0.903125
0 0.734375 0.834375 1.0 0.834375 1.0 1.0 0.734375 1.0
0 0.409375 0.434375 0.640625 0.434375 0.640625 0.703125 0.409375 0.703125
0 0.734375 0.484375 0.990625 0.484375 0.990625 0.740625 0.734375 0.740625
0 0.984375 0.484375 1.0 0.484375 1.0 0.515625 0.984375 0.515625
0 0.959375 0.346875 1.0 0.346875 1.0 0.490625 0.959375 0.490625
0 0.609375 0.371875 0.815625 0.371875 0.815625 0.528125 0.609375 0.528125
0 0.721875 0.284375 0.928125 0.284375 0.928125 0.490625 0.721875 0.490625
0 0.721875 0.046875 0.940625 0.046875 0.940625 0.265625 0.721875 0.265625
0 0.496875 0.471875 0.828125 0.471875 0.828125 0.690625 0.496875 0.690625
0 0.784375 0.571875 1.0 0.571875 1.0 0.740625 0.784375 0.740625
0 0.0 0.509375 0.353125 0.509375 0.353125 0.703125 0.0 0.703125
0 0.209375 0.959375 0.353125 0.959375 0.353125 1.0 0.209375 1.0
0 0.0 0.0 0.265625 0.0 0.265625 0.253125 0.0 0.253125
0 0.271875 0.734375 0.603125 0.734375 0.603125 1.0 0.271875 1.0
