0 0.234375 0.909375 0.428125 0.909375 0.428125 1.0 0.234375 1.0
0 0.196875 0.021875 0.490625 0.021875 0.490625 0.253125 0.196875 0.253125
0 0.746875 0.359375 0.978125 0.359375 0.978125 0.628125 0.746875 0.628125
0 0.409375 0.646875 0.728125 0.646875 0.728125 0.965625 0.409375 0.965625
0 0.296875 0.434375 0.603125 0.434375 0.603125 0.653125 0.296875 0.653125
0 0.521875 0.909375 0.790625 0.909375 0.790625 1.0 0.521875 1.0
0 0.909375 0.171875 1.0 0.171875 1.0 0.440625 0.909375 0.440625
0 0.021875 0.671875 0.340625 0.671875 0.340625 0.915625 0.021875 0.915625
0 0.759375 0.934375 0.903125 0.934375 0.903125 1.0 0.759375 1.0
0 0.209375 0.159375 0.565625 0.159375 0.565625 0.440625 0.209375 0.440625
0 0.709375 0.371875 1.0 0.371875 1.0 0.540625 0.709375 0.540625
0 0.171875 0.446875 0.453125 0.446875 0.453125 0.653125 0.171875 0.653125
0 0.259375 0.571875 0.603125 0.571875 0.603125 0.778125 0.259375 0.778125
0 0.609375 0.0 0.928125 0.0 0.928125 0.290625 0.609375 0.290625
0 0.021875 0.759375 0.415625 0.759375 0.415625 0.965625 0.021875 0.965625
