0 0.471875 0.159375 0.778125 0.159375 0.778125 0.490625 0.471875 0.490625
0 0.934375 0.584375 1.0 0.584375 1.0 0.765625 0.934375 0.765625
0 0.0 0.096875 0.265625 0.096875 0.265625 0.328125 0.0 0.328125
0 0.0 0.0 0.353125 0.0 0.353125 0.165625 0.0 0.165625
0 0.0 0.209375 0.203125 0.209375 0.203125 0.478125 0.0 0.478125
0 0.359375 0.0 0.628125 0.0 0.628125 0.153125 0.359375 0.153125
0 0.434375 0.659375 0.765625 0.659375 0.765625 0.878125 0.434375 0.878125
0 0.721875 0.121875 1.0 0.121875 1.0 0.440625 0.721875 0.440625
0 0.671875 0.0 0.915625 0.0 0.915625 0.140625 0.671875 0.140625
0 0.184375 0.096875 0.515625 0.096875 0.515625 0.378125 0.184375 0.378125
0 0.0 0.684375 0.228125 0.684375 0.228125 0.978125 0.0 0.978125
0 0.946875 0.759375 1.0 0.759375 1.0 0.865625 0.946875 0.865625
0 0.234375 0.921875 0.390625 0.921875 0.390625 1.0 0.234375 1.0
0 0.984375 0.884375 1.0 0.884375 1.0 0.915625 0.984375 0.915625
0 0.909375 0.346875 1.0 0.346875 1.0 0.590625 0.909375 0.590625
0 0.709375 0.546875 0.890625 0.546875 0.890625 0.765625 0.709375 0.765625
0 0.834375 0.846875 1.0 0.846875 1.0 1.0 0.834375 1.0
0 0.709375 0.546875 0.915625 0.546875 0.915625 0.765625 0.709375 0.765625
0 0.346875 0.471875 0.578125 0.471875 0.578125 0.678125 0.346875 0.678125
0 0.346875 0.834375 0.703125 0.834375 0.703125 1.0 0.346875 1.0
0 0.0 0.384375 0.340625 0.384375 0.340625 0.678125 0.0 0.678125
0 0.0 0.471875 0.215625 0.471875 0.215625 0.690625 0.0 0.690625
0 0.0 0.009375 0.203125 0.009375 0.203125 0.203125 0.0 0.203125
0 0.896875 0.0 1.0 0.0 1.0 0.203125 0.896875 0.203125
0 0.934375 0.084375 1.0 0.084375 1.0 0.215625 0.934375 0.215625
0 0.459375 0.734375 0.815625 0.734375 0.815625 0.965625 0.459375 0.965625
0 0.0 0.909375 0.215625 0.909375 0.215625 1.0 0.0 1.0
0 0.171875 0.609375 0.515625 0.609375 0.515625 0.890625 0.171875 0.890625
