0 0.846875 0.646875 1.0 0.646875 1.0 1.0 0.846875 1.0
0 0.0 0.921875 0.178125 0.921875 0.178125 1.0 0.0 1.0
0 0.509375 0.009375 0.965625 0.009375 0.965625 0.528125 0.509375 0.528125
0 0.971875 0.0 1.0 0.0 1.0 0.040625 0.971875 0.040625
0 0.0 0.634375 0.190625 0.634375 0.190625 0.853125 0.0 0.853125
0 0.571875 0.434375 0.915625 0.434375 0.915625 0.703125 0.571875 0.703125
0 0.846875 0.209375 1.0 0.209375 1.0 0.515625 0.846875 0.515625
0 0.021875 0.0 0.315625 0.0 0.315625 0.153125 0.021875 0.153125
0 0.459375 0.0 0.765625 0.0 0.765625 0.153125 0.459375 0.153125
0 0.946875 0.409375 1.0 0.409375 1.0 0.578125 0.946875 0.578125
