0 0.884375 0.0 1.0 0.0 1.0 0.228125 0.884375 0.228125
0 0.471875 0.334375 0.828125 0.334375 0.828125 0.653125 0.471875 0.653125
0 0.146875 0.234375 0.453125 0.234375 0.453125 0.540625 0.146875 0.540625
0 0.0 0.546875 0.303125 0.546875 0.303125 0.803125 0.0 0.803125
0 0.896875 0.684375 1.0 0.684375 1.0 0.940625 0.896875 0.940625
0 0.134375 0.084375 0.428125 0.084375 0.428125 0.340625 0.134375 0.340625
0 0.246875 0.009375 0.565625 0.009375 0.565625 0.278125 0.246875 0.278125
0 0.096875 0.984375 0.128125 0.984375 0.128125 1.0 0.096875 1.0
0 0.809375 0.896875 1.0 0.896875 1.0 1.0 0.809375 1.0
0 0.721875 0.009375 0.978125 0.009375 0.978125 0.340625 0.721875 0.340625
0 0.221875 0.471875 0.478125 0.471875 0.478125 0.653125 0.221875 0.653125
0 0.059375 0.196875 0.290625 0.196875 0.290625 0.390625 0.059375 0.390625
0 0.259375 0.759375 0.653125 0.759375 0.653125 1.0 0.259375 1.0
0 0.496875 0.171875 0.790625 0.171875 0.790625 0.378125 0.496875 0.378125
0 0.621875 0.934375 0.728125 0.934375 0.728125 1.0 0.621875 1.0
