0 0.646875 0.471875 1.0 0.471875 1.0 0.853125 0.646875 0.853125
0 0.959375 0.646875 1.0 0.646875 1.0 0.753125 0.959375 0.753125
0 0.746875 0.321875 1.0 0.321875 1.0 0.640625 0.746875 0.640625
0 0.621875 0.021875 1.0 0.021875 1.0 0.378125 0.621875 0.378125
0 0.184375 0.559375 0.728125 0.559375 0.728125 1.0 0.184375 1.0
0 0.0 0.209375 0.203125 0.209375 0.203125 0.503125 0.0 0.503125
0 0.0 0.771875 0.378125 0.771875 0.378125 1.0 0.0 1.0
0 0.509375 0.671875 0.840625 0.671875 0.840625 1.0 0.509375 1.0
0 0.296875 0.0 0.615625 0.0 0.615625 0.178125 0.296875 0.178125
0 0.0 0.0 0.303125 0.0 0.303125 0.090625 0.0 0.090625
0 0.571875 0.984375 0.590625 0.984375 0.590625 1.0 0.571875 1.0
0 0.0 0.571875 0.215625 0.571875 0.215625 0.815625 0.0 0.815625
0 0.221875 0.159375 0.728125 0.159375 0.728125 0.528125 0.221875 0.528125
0 0.759375 0.659375 1.0 0.659375 1.0 0.953125 0.759375 0.953125
