0 0.034375 0.184375 0.365625 0.184375 0.365625 0.478125 0.034375 0.478125
0 0.796875 0.896875 0.990625 0.896875 0.990625 1.0 0.796875 1.0
0 0.046875 0.0 0.340625 0.0 0.340625 0.103125 0.046875 0.103125
0 0.0 0.859375 0.365625 0.859375 0.365625 1.0 0.0 1.0
0 0.459375 0.134375 0.703125 0.134375 0.703125 0.403125 0.459375 0.403125
0 0.671875 0.334375 0.865625 0.334375 0.865625 0.478125 0.671875 0.478125
0 0.171875 0.721875 0.528125 0.721875 0.528125 0.903125 0.171875 0.903125
0 0.084375 0.534375 0.465625 0.534375 0.465625 0.740625 0.084375 0.740625
0 0.171875 0.334375 0.528125 0.334375 0.528125 0.553125 0.171875 0.553125
0 0.921875 0.284375 1.0 0.284375 1.0 0.465625 0.921875 0.465625
0 0.584375 0.221875 0.803125 0.221875 0.803125 0.415625 0.584375 0.415625
0 0.509375 0.534375 0.778125 0.534375 0.778125 0.765625 0.509375 0.765625
0 0.534375 0.984375 0.565625 0.984375 0.565625 1.0 0.534375 1.0
