0 0.871875 0.034375 1.0 0.034375 1.0 0.215625 0.871875 0.215625
0 0.596875 0.246875 0.865625 0.246875 0.865625 0.465625 0.596875 0.465625
0 0.909375 0.209375 1.0 0.209375 1.0 0.390625 0.909375 0.390625
0 0.871875 0.309375 1.0 0.309375 1.0 0.540625 0.871875 0.540625
0 0.471875 0.209375 0.715625 0.209375 0.715625 0.490625 0.471875 0.490625
0 0.034375 0.184375 0.278125 0.184375 0.278125 0.428125 0.034375 0.428125
0 0.134375 0.821875 0.328125 0.821875 0.328125 1.0 0.134375 1.0
0 0.546875 0.009375 0.740625 0.009375 0.740625 0.215625 0.546875 0.215625
0 0.609375 0.609375 0.765625 0.609375 0.765625 0.803125 0.609375 0.803125
0 0.284375 0.134375 0.478125 0.134375 0.478125 0.303125 0.284375 0.303125
0 0.909375 0.671875 1.0 0.671875 1.0 0.828125 0.909375 0.828125
0 0.759375 0.0 0.940625 0.0 0.940625 0.215625 0.759375 0.215625
0 0.446875 0.446875 0.753125 0.446875 0.753125 0.690625 0.446875 0.690625
0 0.021875 0.434375 0.303125 0.434375 0.303125 0.653125 0.021875 0.653125
0 0.096875 0.334375 0.453125 0.334375 0.453125 0.590625 0.096875 0.590625
0 0.784375 0.184375 0.978125 0.184375 0.978125 0.378125 0.784375 0.378125
0 0.071875 0.596875 0.440625 0.596875 0.440625 0.790625 0.071875 0.790625
0 0.159375 0.696875 0.528125 0.696875 0.528125 0.940625 0.159375 0.940625
0 0.334375 0.0 0.640625 0.0 0.640625 0.215625 0.334375 0.215625
