0 0.621875 0.184375 0.878125 0.184375 0.878125 0.528125 0.621875 0.528125
0 0.621875 0.071875 0.853125 0.071875 0.853125 0.353125 0.621875 0.353125
0 0.371875 0.0 0.653125 0.0 0.653125 0.215625 0.371875 0.215625
0 0.046875 0.396875 0.340625 0.396875 0.340625 0.640625 0.046875 0.640625
0 0.396875 0.471875 0.678125 0.471875 0.678125 0.778125 0.396875 0.778125
0 0.746875 0.659375 1.0 0.659375 1.0 0.978125 0.746875 0.978125
0 0.196875 0.571875 0.528125 0.571875 0.528125 0.840625 0.196875 0.840625
0 0.059375 0.734375 0.303125 0.734375 0.303125 0.915625 0.059375 0.915625
0 0.496875 0.771875 0.740625 0.771875 0.740625 0.953125 0.496875 0.953125
0 0.471875 0.034375 0.703125 0.034375 0.703125 0.265625 0.471875 0.265625
0 0.134375 0.909375 0.440625 0.909375 0.440625 1.0 0.134375 1.0
0 0.0 0.159375 0.403125 0.159375 0.403125 0.428125 0.0 0.428125
0 0.0 0.921875 0.128125 0.921875 0.128125 1.0 0.0 1.0
0 0.0 0.009375 0.228125 0.009375 0.228125 0.278125 0.0 0.278125
0 0.209375 0.0 0.478125 0.0 0.478125 0.215625 0.209375 0.215625
0 0.859375 0.0 1.0 0.0 1.0 0.165625 0.859375 0.165625
