0 0.059375 0.684375 0.340625 0.684375 0.340625 0.928125 0.059375 0.928125
0 0.484375 0.959375 0.553125 0.959375 0.553125 1.0 0.484375 1.0
0 0.371875 0.521875 0.678125 0.521875 0.678125 0.815625 0.371875 0.815625
0 0.021875 0.521875 0.340625 0.521875 0.340625 0.790625 0.021875 0.790625
0 0.121875 0.059375 0.378125 0.059375 0.378125 0.290625 0.121875 0.290625
0 0.896875 0.596875 1.0 0.596875 1.0 0.815625 0.896875 0.815625
0 0.946875 0.846875 1.0 0.846875 1.0 1.0 0.946875 1.0
0 0.671875 0.084375 0.853125 0.084375 0.853125 0.278125 0.671875 0.278125
0 0.034375 0.009375 0.228125 0.009375 0.228125 0.240625 0.034375 0.240625
0 0.746875 0.196875 1.0 0.196875 1.0 0.440625 0.746875 0.440625
0 0.121875 0.0 0.365625 0.0 0.365625 0.153125 0.121875 0.153125
0 0.296875 0.034375 0.603125 0.034375 0.603125 0.290625 0.296875 0.290625
0 0.0 0.784375 0.203125 0.784375 0.203125 0.953125 0.0 0.953125
0 0.509375 0.371875 0.803125 0.371875 0.803125 0.553125 0.509375 0.553125
0 0.0 0.621875 0.153125 0.621875 0.153125 0.815625 0.0 0.815625
0 0.384375 0.946875 0.515625 0.946875 0.515625 1.0 0.384375 1.0
0 0.746875 0.034375 1.0 0.034375 1.0 0.240625 0.746875 0.240625
0 0.621875 0.409375 0.915625 0.409375 0.915625 0.628125 0.621875 0.628125
0 0.771875 0.746875 1.0 0.746875 1.0 1.0 0.771875 1.0
0 0.271875 0.321875 0.590625 0.321875 0.590625 0.578125 0.271875 0.578125
0 0.634375 0.584375 0.890625 0.584375 0.890625 0.803125 0.634375 0.803125
0 0.771875 0.0 1.0 0.0 1.0 0.128125 0.771875 0.128125
0 0.0 0.909375 0.228125 0.909375 0.228125 1.0 0.0 1.0
