0 0.296875 0.659375 0.590625 0.659375 0.590625 0.890625 0.296875 0.890625
0 0.709375 0.846875 0.978125 0.846875 0.978125 1.0 0.709375 1.0
0 0.159375 0.546875 0.428125 0.546875 0.428125 0.715625 0.159375 0.715625
0 0.109375 0.046875 0.453125 0.046875 0.453125 0.290625 0.109375 0.290625
0 0.0 0.509375 0.178125 0.509375 0.178125 0.815625 0.0 0.815625
0 0.746875 0.621875 1.0 0.621875 1.0 0.903125 0.746875 0.903125
0 0.346875 0.446875 0.603125 0.446875 0.603125 0.715625 0.346875 0.715625
0 0.0 0.146875 0.240625 0.146875 0.240625 0.453125 0.0 0.453125
0 0.596875 0.584375 0.853125 0.584375 0.853125 0.878125 0.596875 0.878125
0 0.0 0.359375 0.240625 0.359375 0.240625 0.540625 0.0 0.540625
0 0.096875 0.646875 0.378125 0.646875 0.378125 0.928125 0.096875 0.928125
0 0.209375 0.284375 0.478125 0.284375 0.478125 0.515625 0.209375 0.515625
0 0.809375 0.184375 1.0 0.184375 1.0 0.453125 0.809375 0.453125
0 0.734375 0.034375 1.0 0.034375 1.0 0.290625 0.734375 0.290625
0 0.0 0.909375 0.228125 0.909375 0.228125 1.0 0.0 1.0
0 0.484375 0.071875 0.653125 0.071875 0.653125 0.253125 0.484375 0.253125
0 0.684375 0.446875 0.878125 0.446875 0.878125 0.603125 0.684375 0.603125
0 0.209375 0.746875 0.515625 0.746875 0.515625 0.965625 0.209375 0.965625
0 0.184375 0.446875 0.440625 0.446875 0.440625 0.628125 0.184375 0.628125
