0 0.921875 0.384375 1.0 0.384375 1.0 0.578125 0.921875 0.578125
0 0.121875 0.934375 0.353125 0.934375 0.353125 1.0 0.121875 1.0
0 0.334375 0.846875 0.640625 0.846875 0.640625 1.0 0.334375 1.0
0 0.521875 0.509375 0.890625 0.509375 0.890625 0.853125 0.521875 0.853125
0 0.296875 0.0 0.690625 0.0 0.690625 0.303125 0.296875 0.303125
0 0.096875 0.771875 0.428125 0.771875 0.428125 0.978125 0.096875 0.978125
0 0.134375 0.596875 0.528125 0.596875 0.528125 0.915625 0.134375 0.915625
0 0.696875 0.246875 0.928125 0.246875 0.928125 0.503125 0.696875 0.503125
0 0.546875 0.796875 0.978125 0.796875 0.978125 1.0 0.546875 1.0
0 0.0 0.009375 0.215625 0.009375 0.215625 0.340625 0.0 0.340625
