0 0.321875 0.246875 0.678125 0.246875 0.678125 0.478125 0.321875 0.478125
0 0.721875 0.896875 0.853125 0.896875 0.853125 1.0 0.721875 1.0
0 0.684375 0.284375 1.0 0.284375 1.0 0.578125 0.684375 0.578125
0 0.184375 0.734375 0.490625 0.734375 0.490625 1.0 0.184375 1.0
0 0.534375 0.921875 0.615625 0.921875 0.615625 1.0 0.534375 1.0
0 0.434375 0.059375 0.790625 0.059375 0.790625 0.340625 0.434375 0.340625
0 0.321875 0.484375 0.678125 0.484375 0.678125 0.790625 0.321875 0.790625
0 0.921875 0.271875 1.0 0.271875 1.0 0.453125 0.921875 0.453125
0 0.0 0.821875 0.303125 0.821875 0.303125 1.0 0.0 1.0
0 0.746875 0.759375 1.0 0.759375 1.0 1.0 0.746875 1.0
0 0.846875 0.646875 1.0 0.646875 1.0 0.878125 0.846875 0.878125
0 0.909375 0.459375 1.0 0.459375 1.0 0.690625 0.909375 0.690625
0 0.384375 0.746875 0.653125 0.746875 0.653125 0.990625 0.384375 0.990625
