0 0.071875 0.709375 0.328125 0.709375 0.328125 0.953125 0.071875 0.953125
0 0.559375 0.684375 0.753125 0.684375 0.753125 0.865625 0.559375 0.865625
0 0.259375 0.396875 0.628125 0.396875 0.628125 0.715625 0.259375 0.715625
0 0.934375 0.834375 1.0 0.834375 1.0 1.0 0.934375 1.0
0 0.196875 0.946875 0.290625 0.946875 0.290625 1.0 0.196875 1.0
0 0.0 0.296875 0.240625 0.296875 0.240625 0.590625 0.0 0.590625
0 0.646875 0.321875 0.840625 0.321875 0.840625 0.590625 0.646875 0.590625
0 0.984375 0.271875 1.0 0.271875 1.0 0.303125 0.984375 0.303125
0 0.0 0.009375 0.153125 0.009375 0.153125 0.315625 0.0 0.315625
0 0.771875 0.021875 1.0 0.021875 1.0 0.265625 0.771875 0.265625
0 0.821875 0.271875 1.0 0.271875 1.0 0.565625 0.821875 0.565625
0 0.0 0.021875 0.015625 0.021875 0.015625 0.053125 0.0 0.053125
0 0.421875 0.0 0.678125 0.0 0.678125 0.240625 0.421875 0.240625
0 0.059375 0.159375 0.265625 0.159375 0.265625 0.328125 0.059375 0.328125
0 0.696875 0.684375 0.903125 0.684375 0.903125 0.903125 0.696875 0.903125
0 0.109375 0.059375 0.278125 0.059375 0.278125 0.228125 0.109375 0.228125
0 0.659375 0.571875 0.853125 0.571875 0.853125 0.765625 0.659375 0.765625
0 0.709375 0.909375 0.903125 0.909375 0.903125 1.0 0.709375 1.0
0 0.459375 0.621875 0.640625 0.621875 0.640625 0.790625 0.459375 0.790625
0 0.209375 0.234375 0.440625 0.234375 0.440625 0.490625 0.209375 0.490625
