0 0.596875 0.121875 0.928125 0.121875 0.928125 0.490625 0.596875 0.490625
0 0.721875 0.684375 0.990625 0.684375 0.990625 0.965625 0.721875 0.965625
0 0.0 0.309375 0.328125 0.309375 0.328125 0.615625 0.0 0.615625
0 0.0 0.409375 0.028125 0.409375 0.028125 0.478125 0.0 0.478125
0 0.646875 0.609375 0.890625 0.609375 0.890625 0.815625 0.646875 0.815625
0 0.0 0.884375 0.128125 0.884375 0.128125 1.0 0.0 1.0
0 0.421875 0.421875 0.690625 0.421875 0.690625 0.728125 0.421875 0.728125
0 0.759375 0.521875 1.0 0.521875 1.0 0.840625 0.759375 0.840625
0 0.234375 0.871875 0.515625 0.871875 0.515625 1.0 0.234375 1.0
0 0.521875 0.984375 0.553125 0.984375 0.553125 1.0 0.521875 1.0
0 0.0 0.134375 0.115625 0.134375 0.115625 0.315625 0.0 0.315625
0 0.221875 0.209375 0.528125 0.209375 0.528125 0.515625 0.221875 0.515625
0 0.746875 0.0 1.0 0.0 1.0 0.228125 0.746875 0.228125
