0 0.596875 0.721875 0.915625 0.721875 0.915625 1.0 0.596875 1.0
0 0.0 0.646875 0.203125 0.646875 0.203125 0.790625 0.0 0.790625
0 0.459375 0.834375 0.715625 0.834375 0.715625 1.0 0.459375 1.0
0 0.909375 0.109375 1.0 0.109375 1.0 0.353125 0.909375 0.353125
0 0.0 0.909375 0.153125 0.909375 0.153125 1.0 0.0 1.0
0 0.571875 0.0 0.903125 0.0 0.903125 0.215625 0.571875 0.215625
0 0.0 0.134375 0.090625 0.134375 0.090625 0.440625 0.0 0.440625
0 0.0 0.421875 0.103125 0.421875 0.103125 0.640625 0.0 0.640625
0 0.271875 0.984375 0.290625 0.984375 0.290625 1.0 0.271875 1.0
0 0.0 0.434375 0.203125 0.434375 0.203125 0.653125 0.0 0.653125
0 0.334375 0.684375 0.565625 0.684375 0.565625 0.940625 0.334375 0.940625
0 0.734375 0.584375 0.978125 0.584375 0.978125 0.828125 0.734375 0.828125
0 0.846875 0.0 1.0 0.0 1.0 0.140625 0.846875 0.140625
0 0.346875 0.496875 0.503125 0.496875 0.503125 0.665625 0.346875 0.665625
0 0.396875 0.934375 0.540625 0.934375 0.540625 1.0 0.396875 1.0
0 0.746875 0.171875 0.978125 0.171875 0.978125 0.428125 0.746875 0.428125
0 0.0 0.746875 0.165625 0.746875 0.165625 0.940625 0.0 0.940625
