0 0.221875 0.371875 0.503125 0.371875 0.503125 0.615625 0.221875 0.615625
0 0.334375 0.0 0.603125 0.0 0.603125 0.128125 0.334375 0.128125
0 0.646875 0.0 0.903125 0.0 0.903125 0.128125 0.646875 0.128125
0 0.821875 0.884375 1.0 0.884375 1.0 1.0 0.821875 1.0
0 0.796875 0.696875 1.0 0.696875 1.0 0.940625 0.796875 0.940625
0 0.0 0.0 0.115625 0.0 0.115625 0.103125 0.0 0.103125
0 0.109375 0.959375 0.178125 0.959375 0.178125 1.0 0.109375 1.0
0 0.309375 0.584375 0.565625 0.584375 0.565625 0.840625 0.309375 0.840625
0 0.921875 0.646875 1.0 0.646875 1.0 0.753125 0.921875 0.753125
0 0.384375 0.171875 0.640625 0.171875 0.640625 0.415625 0.384375 0.415625
0 0.284375 0.259375 0.540625 0.259375 0.540625 0.440625 0.284375 0.440625
0 0.446875 0.034375 0.690625 0.034375 0.690625 0.278125 0.446875 0.278125
0 0.746875 0.084375 1.0 0.084375 1.0 0.353125 0.746875 0.353125
0 0.634375 0.359375 0.840625 0.359375 0.840625 0.640625 0.634375 0.640625
0 0.034375 0.221875 0.315625 0.221875 0.315625 0.478125 0.034375 0.478125
0 0.384375 0.071875 0.603125 0.071875 0.603125 0.240625 0.384375 0.240625
0 0.496875 0.734375 0.765625 0.734375 0.765625 1.0 0.496875 1.0
0 0.196875 0.0 0.415625 0.0 0.415625 0.265625 0.196875 0.265625
0 0.709375 0.434375 0.940625 0.434375 0.940625 0.678125 0.709375 0.678125
0 0.721875 0.396875 0.878125 0.396875 0.878125 0.590625 0.721875 0.590625
0 0.896875 0.421875 1.0 0.421875 1.0 0.640625 0.896875 0.640625
0 0.609375 0.946875 0.690625 0.946875 0.690625 1.0 0.609375 1.0
