0 0.684375 0.884375 0.903125 0.884375 0.903125 1.0 0.684375 1.0
0 0.0 0.396875 0.140625 0.396875 0.140625 0.653125 0.0 0.653125
0 0.0 0.046875 0.140625 0.046875 0.140625 0.240625 0.0 0.240625
0 0.0 0.334375 0.040625 0.334375 0.040625 0.415625 0.0 0.415625
0 0.046875 0.796875 0.340625 0.796875 0.340625 1.0 0.046875 1.0
0 0.871875 0.421875 1.0 0.421875 1.0 0.653125 0.871875 0.653125
0 0.921875 0.0 1.0 0.0 1.0 0.190625 0.921875 0.190625
0 0.359375 0.471875 0.640625 0.471875 0.640625 0.715625 0.359375 0.715625
0 0.0 0.159375 0.140625 0.159375 0.140625 0.365625 0.0 0.365625
0 0.0 0.596875 0.115625 0.596875 0.115625 0.728125 0.0 0.728125
0 0.496875 0.696875 0.753125 0.696875 0.753125 0.953125 0.496875 0.953125
0 0.459375 0.0 0.615625 0.0 0.615625 0.190625 0.459375 0.190625
0 0.071875 0.159375 0.265625 0.159375 0.265625 0.328125 0.071875 0.328125
0 0.759375 0.059375 1.0 0.059375 1.0 0.290625 0.759375 0.290625
0 0.984375 0.909375 1.0 0.909375 1.0 0.953125 0.984375 0.953125
0 0.159375 0.0 0.440625 0.0 0.440625 0.240625 0.159375 0.240625
0 0.384375 0.071875 0.553125 0.071875 0.553125 0.228125 0.384375 0.228125
0 0.096875 0.271875 0.253125 0.271875 0.253125 0.503125 0.096875 0.503125
0 0.046875 0.634375 0.215625 0.634375 0.215625 0.815625 0.046875 0.815625
0 0.396875 0.221875 0.590625 0.221875 0.590625 0.378125 0.396875 0.378125
0 0.246875 0.196875 0.415625 0.196875 0.415625 0.415625 0.246875 0.415625
0 0.946875 0.696875 1.0 0.696875 1.0 0.790625 0.946875 0.790625
0 0.909375 0.471875 0.978125 0.471875 0.978125 0.553125 0.909375 0.553125
0 0.671875 0.346875 0.865625 0.346875 0.865625 0.565625 0.671875 0.565625
0 0.534375 0.0 0.728125 0.0 0.728125 0.278125 0.534375 0.278125
0 0.409375 0.334375 0.615625 0.334375 0.615625 0.528125 0.409375 0.528125
0 0.571875 0.246875 0.728125 0.246875 0.728125 0.490625 0.571875 0.490625
0 0.0 0.846875 0.065625 0.846875 0.065625 1.0 0.0 1.0
0 0.509375 0.796875 0.715625 0.796875 0.715625 0.965625 0.509375 0.965625
0 0.359375 0.384375 0.515625 0.384375 0.515625 0.553125 0.359375 0.553125
0 0.159375 0.271875 0.365625 0.271875 0.365625 0.540625 0.159375 0.540625
