0 0.971875 0.334375 1.0 0.334375 1.0 0.365625 0.971875 0.365625
0 0.184375 0.946875 0.240625 0.946875 0.240625 1.0 0.184375 1.0
0 0.409375 0.671875 0.678125 0.671875 0.678125 0.890625 0.409375 0.890625
0 0.671875 0.659375 0.890625 0.659375 0.890625 0.903125 0.671875 0.903125
0 0.209375 0.534375 0.453125 0.534375 0.453125 0.765625 0.209375 0.765625
0 0.809375 0.321875 1.0 0.321875 1.0 0.528125 0.809375 0.528125
0 0.071875 0.0 0.315625 0.0 0.315625 0.165625 0.071875 0.165625
0 0.321875 0.471875 0.565625 0.471875 0.565625 0.665625 0.321875 0.665625
0 0.446875 0.546875 0.678125 0.546875 0.678125 0.778125 0.446875 0.778125
0 0.109375 0.584375 0.328125 0.584375 0.328125 0.790625 0.109375 0.790625
0 0.0 0.134375 0.165625 0.134375 0.165625 0.378125 0.0 0.378125
0 0.821875 0.759375 1.0 0.759375 1.0 0.928125 0.821875 0.928125
0 0.734375 0.034375 0.978125 0.034375 0.978125 0.303125 0.734375 0.303125
0 0.021875 0.446875 0.240625 0.446875 0.240625 0.665625 0.021875 0.665625
0 0.109375 0.746875 0.340625 0.746875 0.340625 0.953125 0.109375 0.953125
0 0.484375 0.871875 0.628125 0.871875 0.628125 1.0 0.484375 1.0
0 0.359375 0.834375 0.540625 0.834375 0.540625 1.0 0.359375 1.0
0 0.371875 0.409375 0.578125 0.409375 0.578125 0.578125 0.371875 0.578125
