0 0.971875 0.059375 1.0 0.059375 1.0 0.103125 0.971875 0.103125
0 0.821875 0.159375 1.0 0.159375 1.0 0.465625 0.821875 0.465625
0 0.421875 0.571875 0.765625 0.571875 0.765625 0.890625 0.421875 0.890625
0 0.046875 0.459375 0.340625 0.459375 0.340625 0.753125 0.046875 0.753125
0 0.396875 0.284375 0.628125 0.284375 0.628125 0.578125 0.396875 0.578125
0 0.959375 0.959375 1.0 0.959375 1.0 1.0 0.959375 1.0
0 0.684375 0.0 0.853125 0.0 0.853125 0.153125 0.684375 0.153125
0 0.821875 0.496875 1.0 0.496875 1.0 0.753125 0.821875 0.753125
0 0.0 0.871875 0.015625 0.871875 0.015625 0.903125 0.0 0.903125
0 0.759375 0.721875 1.0 0.721875 1.0 1.0 0.759375 1.0
0 0.359375 0.871875 0.528125 0.871875 0.528125 1.0 0.359375 1.0
0 0.184375 0.746875 0.390625 0.746875 0.390625 0.965625 0.184375 0.965625
0 0.471875 0.896875 0.678125 0.896875 0.678125 1.0 0.471875 1.0
0 0.696875 0.634375 0.915625 0.634375 0.915625 0.865625 0.696875 0.865625
0 0.496875 0.0 0.740625 0.0 0.740625 0.228125 0.496875 0.228125
0 0.0 0.371875 0.103125 0.371875 0.103125 0.628125 0.0 0.628125
0 0.671875 0.946875 0.765625 0.946875 0.765625 1.0 0.671875 1.0
0 0.909375 0.684375 1.0 0.684375 1.0 0.890625 0.909375 0.890625
0 0.0 0.284375 0.028125 0.284375 0.028125 0.353125 0.0 0.353125
