0 0.0 0.296875 0.153125 0.296875 0.153125 0.490625 0.0 0.490625
0 0.696875 0.871875 0.965625 0.871875 0.965625 1.0 0.696875 1.0
0 0.171875 0.0 0.640625 0.0 0.640625 0.315625 0.171875 0.315625
0 0.496875 0.946875 0.590625 0.946875 0.590625 1.0 0.496875 1.0
0 0.0 0.0 0.103125 0.0 0.103125 0.103125 0.0 0.103125
0 0.909375 0.534375 1.0 0.534375 1.0 0.803125 0.909375 0.803125
0 0.121875 0.596875 0.515625 0.596875 0.515625 1.0 0.121875 1.0
0 0.821875 0.071875 1.0 0.071875 1.0 0.465625 0.821875 0.465625
0 0.0 0.471875 0.165625 0.471875 0.165625 0.778125 0.0 0.778125
0 0.246875 0.246875 0.653125 0.246875 0.653125 0.678125 0.246875 0.678125
