0 0.209375 0.359375 0.465625 0.359375 0.465625 0.728125 0.209375 0.728125
0 0.221875 0.771875 0.578125 0.771875 0.578125 1.0 0.221875 1.0
0 0.309375 0.096875 0.640625 0.096875 0.640625 0.403125 0.309375 0.403125
0 0.434375 0.0 0.703125 0.0 0.703125 0.228125 0.434375 0.228125
0 0.171875 0.084375 0.315625 0.084375 0.315625 0.315625 0.171875 0.315625
0 0.0 0.721875 0.178125 0.721875 0.178125 0.990625 0.0 0.990625
0 0.0 0.509375 0.140625 0.509375 0.140625 0.790625 0.0 0.790625
0 0.796875 0.309375 1.0 0.309375 1.0 0.590625 0.796875 0.590625
0 0.784375 0.0 1.0 0.0 1.0 0.265625 0.784375 0.265625
0 0.0 0.396875 0.103125 0.396875 0.103125 0.528125 0.0 0.528125
0 0.671875 0.346875 0.915625 0.346875 0.915625 0.703125 0.671875 0.703125
0 0.0 0.909375 0.140625 0.909375 0.140625 1.0 0.0 1.0
0 0.584375 0.871875 0.828125 0.871875 0.828125 1.0 0.584375 1.0
0 0.0 0.046875 0.078125 0.046875 0.078125 0.165625 0.0 0.165625
0 0.059375 0.196875 0.328125 0.196875 0.328125 0.490625 0.059375 0.490625
0 0.896875 0.746875 1.0 0.746875 1.0 1.0 0.896875 1.0
0 0.071875 0.909375 0.190625 0.909375 0.190625 1.0 0.071875 1.0
0 0.146875 0.846875 0.303125 0.846875 0.303125 1.0 0.146875 1.0
0 0.071875 0.659375 0.290625 0.659375 0.290625 0.853125 0.071875 0.853125
0 0.634375 0.159375 0.803125 0.159375 0.803125 0.390625 0.634375 0.390625
0 0.409375 0.446875 0.640625 0.446875 0.640625 0.628125 0.409375 0.628125
0 0.921875 0.134375 1.0 0.134375 1.0 0.315625 0.921875 0.315625
0 0.159375 0.409375 0.365625 0.409375 0.365625 0.590625 0.159375 0.590625
0 0.0 0.271875 0.040625 0.271875 0.040625 0.365625 0.0 0.365625
0 0.0 0.059375 0.165625 0.059375 0.165625 0.315625 0.0 0.315625
