0 0.321875 0.721875 0.578125 0.721875 0.578125 0.978125 0.321875 0.978125
0 0.409375 0.196875 0.728125 0.196875 0.728125 0.440625 0.409375 0.440625
0 0.0 0.109375 0.065625 0.109375 0.065625 0.178125 0.0 0.178125
0 0.659375 0.396875 0.928125 0.396875 0.928125 0.640625 0.659375 0.640625
0 0.309375 0.246875 0.640625 0.246875 0.640625 0.515625 0.309375 0.515625
0 0.671875 0.0 0.940625 0.0 0.940625 0.278125 0.671875 0.278125
0 0.434375 0.571875 0.715625 0.571875 0.715625 0.840625 0.434375 0.840625
0 0.384375 0.496875 0.653125 0.496875 0.653125 0.678125 0.384375 0.678125
0 0.0 0.034375 0.253125 0.034375 0.253125 0.328125 0.0 0.328125
0 0.771875 0.271875 0.978125 0.271875 0.978125 0.453125 0.771875 0.453125
0 0.0 0.684375 0.278125 0.684375 0.278125 0.940625 0.0 0.940625
0 0.0 0.459375 0.240625 0.459375 0.240625 0.728125 0.0 0.728125
0 0.434375 0.0 0.640625 0.0 0.640625 0.215625 0.434375 0.215625
0 0.159375 0.409375 0.403125 0.409375 0.403125 0.678125 0.159375 0.678125
