0 0.0 0.146875 0.228125 0.146875 0.228125 0.440625 0.0 0.440625
0 0.559375 0.921875 0.740625 0.921875 0.740625 1.0 0.559375 1.0
0 0.046875 0.971875 0.078125 0.971875 0.078125 1.0 0.046875 1.0
0 0.896875 0.646875 1.0 0.646875 1.0 0.865625 0.896875 0.865625
0 0.521875 0.684375 0.740625 0.684375 0.740625 0.928125 0.521875 0.928125
0 0.746875 0.909375 0.928125 0.909375 0.928125 1.0 0.746875 1.0
0 0.734375 0.159375 0.953125 0.159375 0.953125 0.453125 0.734375 0.453125
0 0.284375 0.721875 0.603125 0.721875 0.603125 0.953125 0.284375 0.953125
0 0.809375 0.809375 1.0 0.809375 1.0 1.0 0.809375 1.0
0 0.0 0.646875 0.240625 0.646875 0.240625 0.940625 0.0 0.940625
0 0.646875 0.571875 0.853125 0.571875 0.853125 0.840625 0.646875 0.840625
0 0.221875 0.984375 0.240625 0.984375 0.240625 1.0 0.221875 1.0
0 0.834375 0.484375 1.0 0.484375 1.0 0.678125 0.834375 0.678125
0 0.371875 0.846875 0.615625 0.846875 0.615625 1.0 0.371875 1.0
0 0.296875 0.471875 0.553125 0.471875 0.553125 0.740625 0.296875 0.740625
0 0.734375 0.609375 0.953125 0.609375 0.953125 0.878125 0.734375 0.878125
0 0.359375 0.296875 0.628125 0.296875 0.628125 0.553125 0.359375 0.553125
0 0.959375 0.234375 1.0 0.234375 1.0 0.328125 0.959375 0.328125
0 0.596875 0.309375 0.778125 0.309375 0.778125 0.515625 0.596875 0.515625
0 0.809375 0.096875 0.953125 0.096875 0.953125 0.265625 0.809375 0.265625
0 0.0 0.496875 0.103125 0.496875 0.103125 0.653125 0.0 0.653125
0 0.471875 0.121875 0.640625 0.121875 0.640625 0.303125 0.471875 0.303125
0 0.009375 0.484375 0.240625 0.484375 0.240625 0.678125 0.009375 0.678125
0 0.0 0.0 0.253125 0.0 0.253125 0.165625 0.0 0.165625
0 0.959375 0.121875 1.0 0.121875 1.0 0.178125 0.959375 0.178125
0 0.0 0.259375 0.053125 0.259375 0.053125 0.490625 0.0 0.490625
