0 0.0 0.346875 0.165625 0.346875 0.165625 0.678125 0.0 0.678125
0 0.759375 0.384375 1.0 0.384375 1.0 0.678125 0.759375 0.678125
0 0.196875 0.746875 0.490625 0.746875 0.490625 1.0 0.196875 1.0
0 0.971875 0.734375 1.0 0.734375 1.0 0.765625 0.971875 0.765625
0 0.209375 0.571875 0.415625 0.571875 0.415625 0.778125 0.209375 0.778125
0 0.509375 0.684375 0.778125 0.684375 0.778125 0.940625 0.509375 0.940625
0 0.684375 0.821875 0.965625 0.821875 0.965625 1.0 0.684375 1.0
0 0.709375 0.584375 0.990625 0.584375 0.990625 0.803125 0.709375 0.803125
0 0.371875 0.0 0.615625 0.0 0.615625 0.153125 0.371875 0.153125
0 0.784375 0.171875 1.0 0.171875 1.0 0.440625 0.784375 0.440625
