0 0.0 0.234375 0.128125 0.234375 0.128125 0.490625 0.0 0.490625
0 0.871875 0.484375 1.0 0.484375 1.0 0.778125 0.871875 0.778125
0 0.259375 0.146875 0.690625 0.146875 0.690625 0.653125 0.259375 0.653125
0 0.0 0.421875 0.440625 0.421875 0.440625 0.815625 0.0 0.815625
0 0.671875 0.221875 1.0 0.221875 1.0 0.553125 0.671875 0.553125
0 0.646875 0.471875 0.903125 0.471875 0.903125 0.815625 0.646875 0.815625
0 0.134375 0.946875 0.278125 0.946875 0.278125 1.0 0.134375 1.0
0 0.121875 0.059375 0.428125 0.059375 0.428125 0.365625 0.121875 0.365625
0 0.871875 0.709375 1.0 0.709375 1.0 0.990625 0.871875 0.990625
0 0.296875 0.0 0.690625 0.0 0.690625 0.265625 0.296875 0.265625
0 0.934375 0.634375 1.0 0.634375 1.0 0.740625 0.934375 0.740625
0 0.909375 0.0 1.0 0.0 1.0 0.215625 0.909375 0.215625
0 0.546875 0.384375 0.803125 0.384375 0.803125 0.678125 0.546875 0.678125
0 0.246875 0.684375 0.603125 0.684375 0.603125 1.0 0.246875 1.0
0 0.771875 0.209375 1.0 0.209375 1.0 0.465625 0.771875 0.465625
0 0.0 0.759375 0.265625 0.759375 0.265625 1.0 0.0 1.0
