0 0.096875 0.521875 0.278125 0.521875 0.278125 0.728125 0.096875 0.728125
0 0.971875 0.371875 1.0 0.371875 1.0 0.453125 0.971875 0.453125
0 0.721875 0.459375 1.0 0.459375 1.0 0.765625 0.721875 0.765625
0 0.046875 0.334375 0.290625 0.334375 0.290625 0.590625 0.046875 0.590625
0 0.746875 0.659375 1.0 0.659375 1.0 0.878125 0.746875 0.878125
0 0.009375 0.946875 0.103125 0.946875 0.103125 1.0 0.009375 1.0
0 0.484375 0.296875 0.728125 0.296875 0.728125 0.528125 0.484375 0.528125
0 0.521875 0.434375 0.765625 0.434375 0.765625 0.665625 0.521875 0.665625
0 0.696875 0.0 0.878125 0.0 0.878125 0.128125 0.696875 0.128125
0 0.234375 0.0 0.490625 0.0 0.490625 0.228125 0.234375 0.228125
0 0.0 0.646875 0.078125 0.646875 0.078125 0.853125 0.0 0.853125
0 0.109375 0.209375 0.353125 0.209375 0.353125 0.440625 0.109375 0.440625
0 0.496875 0.609375 0.728125 0.609375 0.728125 0.853125 0.496875 0.853125
0 0.496875 0.0 0.703125 0.0 0.703125 0.228125 0.496875 0.228125
0 0.871875 0.084375 1.0 0.084375 1.0 0.303125 0.871875 0.303125
0 0.0 0.546875 0.140625 0.546875 0.140625 0.753125 0.0 0.753125
0 0.459375 0.171875 0.690625 0.171875 0.690625 0.340625 0.459375 0.340625
0 0.671875 0.784375 0.890625 0.784375 0.890625 0.990625 0.671875 0.990625
0 0.834375 0.221875 1.0 0.221875 1.0 0.428125 0.834375 0.428125
