0 0.721875 0.746875 1.0 0.746875 1.0 1.0 0.721875 1.0
0 0.646875 0.0 1.0 0.0 1.0 0.290625 0.646875 0.290625
0 0.034375 0.596875 0.378125 0.596875 0.378125 0.840625 0.034375 0.840625
0 0.309375 0.046875 0.790625 0.046875 0.790625 0.428125 0.309375 0.428125
0 0.596875 0.884375 0.815625 0.884375 0.815625 1.0 0.596875 1.0
0 0.0 0.859375 0.265625 0.859375 0.265625 1.0 0.0 1.0
0 0.021875 0.459375 0.303125 0.459375 0.303125 0.678125 0.021875 0.678125
0 0.221875 0.159375 0.528125 0.159375 0.528125 0.578125 0.221875 0.578125
0 0.146875 0.696875 0.428125 0.696875 0.428125 1.0 0.146875 1.0
0 0.046875 0.0 0.378125 0.0 0.378125 0.253125 0.046875 0.253125
0 0.309375 0.0 0.565625 0.0 0.565625 0.165625 0.309375 0.165625
0 0.346875 0.609375 0.628125 0.609375 0.628125 0.940625 0.346875 0.940625
