0 0.684375 0.0 1.0 0.0 1.0 0.415625 0.684375 0.415625
0 0.959375 0.596875 1.0 0.596875 1.0 0.665625 0.959375 0.665625
0 0.446875 0.0 0.778125 0.0 0.778125 0.328125 0.446875 0.328125
0 0.0 0.759375 0.065625 0.759375 0.065625 0.978125 0.0 0.978125
0 0.0 0.509375 0.028125 0.509375 0.028125 0.578125 0.0 0.578125
0 0.159375 0.0 0.453125 0.0 0.453125 0.140625 0.159375 0.140625
0 0.709375 0.946875 0.803125 0.946875 0.803125 1.0 0.709375 1.0
0 0.0 0.009375 0.115625 0.009375 0.115625 0.240625 0.0 0.240625
0 0.646875 0.396875 0.903125 0.396875 0.903125 0.628125 0.646875 0.628125
0 0.334375 0.359375 0.565625 0.359375 0.565625 0.553125 0.334375 0.553125
0 0.0 0.146875 0.303125 0.146875 0.303125 0.390625 0.0 0.390625
0 0.0 0.271875 0.240625 0.271875 0.240625 0.540625 0.0 0.540625
0 0.271875 0.734375 0.540625 0.734375 0.540625 1.0 0.271875 1.0
0 0.784375 0.671875 1.0 0.671875 1.0 0.865625 0.784375 0.865625
0 0.871875 0.771875 1.0 0.771875 1.0 0.965625 0.871875 0.965625
