0 0.0 0.0 0.065625 0.0 0.065625 0.103125 0.0 0.103125
0 0.546875 0.534375 0.890625 0.534375 0.890625 0.878125 0.546875 0.878125
0 0.296875 0.0 0.640625 0.0 0.640625 0.328125 0.296875 0.328125
0 0.084375 0.034375 0.428125 0.034375 0.428125 0.390625 0.084375 0.390625
0 0.146875 0.871875 0.453125 0.871875 0.453125 1.0 0.146875 1.0
0 0.109375 0.346875 0.453125 0.346875 0.453125 0.665625 0.109375 0.665625
0 0.321875 0.609375 0.590625 0.609375 0.590625 0.915625 0.321875 0.915625
0 0.434375 0.921875 0.665625 0.921875 0.665625 1.0 0.434375 1.0
0 0.196875 0.934375 0.228125 0.934375 0.228125 0.978125 0.196875 0.978125
0 0.584375 0.084375 0.765625 0.084375 0.765625 0.340625 0.584375 0.340625
0 0.921875 0.034375 1.0 0.034375 1.0 0.203125 0.921875 0.203125
0 0.909375 0.971875 0.965625 0.971875 0.965625 1.0 0.909375 1.0
0 0.671875 0.0 0.915625 0.0 0.915625 0.228125 0.671875 0.228125
0 0.521875 0.346875 0.803125 0.346875 0.803125 0.628125 0.521875 0.628125
0 0.834375 0.746875 1.0 0.746875 1.0 1.0 0.834375 1.0
