0 0.896875 0.809375 1.0 0.809375 1.0 0.965625 0.896875 0.965625
0 0.0 0.096875 0.065625 0.096875 0.065625 0.265625 0.0 0.265625
0 0.146875 0.696875 0.365625 0.696875 0.365625 0.903125 0.146875 0.903125
0 0.559375 0.0 0.778125 0.0 0.778125 0.115625 0.559375 0.115625
0 0.921875 0.571875 1.0 0.571875 1.0 0.803125 0.921875 0.803125
0 0.721875 0.721875 0.965625 0.721875 0.965625 0.953125 0.721875 0.953125
0 0.059375 0.559375 0.303125 0.559375 0.303125 0.815625 0.059375 0.815625
0 0.871875 0.0 1.0 0.0 1.0 0.203125 0.871875 0.203125
0 0.771875 0.384375 1.0 0.384375 1.0 0.653125 0.771875 0.653125
0 0.621875 0.009375 0.790625 0.009375 0.790625 0.178125 0.621875 0.178125
0 0.0 0.634375 0.103125 0.634375 0.103125 0.828125 0.0 0.828125
0 0.621875 0.521875 0.803125 0.521875 0.803125 0.703125 0.621875 0.703125
0 0.984375 0.109375 1.0 0.109375 1.0 0.153125 0.984375 0.153125
0 0.0 0.0 0.153125 0.0 0.153125 0.178125 0.0 0.178125
0 0.0 0.096875 0.228125 0.096875 0.228125 0.365625 0.0 0.365625
0 0.396875 0.234375 0.653125 0.234375 0.653125 0.490625 0.396875 0.490625
0 0.271875 0.796875 0.478125 0.796875 0.478125 0.990625 0.271875 0.990625
0 0.0 0.346875 0.103125 0.346875 0.103125 0.565625 0.0 0.565625
