0 0.296875 0.959375 0.353125 0.959375 0.353125 1.0 0.296875 1.0
0 0.609375 0.0 0.865625 0.0 0.865625 0.140625 0.609375 0.140625
0 0.971875 0.0 1.0 0.0 1.0 0.090625 0.971875 0.090625
0 0.084375 0.346875 0.428125 0.346875 0.428125 0.778125 0.084375 0.778125
0 0.0 0.084375 0.190625 0.084375 0.190625 0.353125 0.0 0.353125
0 0.659375 0.434375 0.978125 0.434375 0.978125 0.715625 0.659375 0.715625
0 0.0 0.859375 0.065625 0.859375 0.065625 0.990625 0.0 0.990625
0 0.934375 0.384375 1.0 0.384375 1.0 0.490625 0.934375 0.490625
0 0.159375 0.684375 0.490625 0.684375 0.490625 1.0 0.159375 1.0
0 0.934375 0.946875 1.0 0.946875 1.0 1.0 0.934375 1.0
0 0.609375 0.159375 0.853125 0.159375 0.853125 0.340625 0.609375 0.340625
0 0.396875 0.059375 0.628125 0.059375 0.628125 0.290625 0.396875 0.290625
0 0.409375 0.184375 0.628125 0.184375 0.628125 0.403125 0.409375 0.403125
0 0.484375 0.934375 0.665625 0.934375 0.665625 1.0 0.484375 1.0
0 0.446875 0.321875 0.678125 0.321875 0.678125 0.540625 0.446875 0.540625
0 0.684375 0.821875 0.965625 0.821875 0.965625 1.0 0.684375 1.0
0 0.434375 0.584375 0.690625 0.584375 0.690625 0.865625 0.434375 0.865625
0 0.0 0.934375 0.203125 0.934375 0.203125 1.0 0.0 1.0
0 0.496875 0.484375 0.715625 0.484375 0.715625 0.678125 0.496875 0.678125
