0 0.559375 0.096875 0.803125 0.096875 0.803125 0.378125 0.559375 0.378125
0 0.284375 0.184375 0.528125 0.184375 0.528125 0.478125 0.284375 0.478125
0 0.359375 0.796875 0.515625 0.796875 0.515625 1.0 0.359375 1.0
0 0.371875 0.909375 0.578125 0.909375 0.578125 1.0 0.371875 1.0
0 0.971875 0.971875 1.0 0.971875 1.0 1.0 0.971875 1.0
0 0.146875 0.271875 0.303125 0.271875 0.303125 0.515625 0.146875 0.515625
0 0.446875 0.721875 0.615625 0.721875 0.615625 0.940625 0.446875 0.940625
0 0.109375 0.471875 0.390625 0.471875 0.390625 0.715625 0.109375 0.715625
0 0.546875 0.909375 0.815625 0.909375 0.815625 1.0 0.546875 1.0
0 0.0 0.109375 0.053125 0.109375 0.053125 0.165625 0.0 0.165625
0 0.0 0.896875 0.090625 0.896875 0.090625 1.0 0.0 1.0
0 0.0 0.671875 0.028125 0.671875 0.028125 0.815625 0.0 0.815625
0 0.0 0.159375 0.015625 0.159375 0.015625 0.190625 0.0 0.190625
0 0.609375 0.696875 0.853125 0.696875 0.853125 0.928125 0.609375 0.928125
0 0.746875 0.009375 0.990625 0.009375 0.990625 0.240625 0.746875 0.240625
0 0.0 0.259375 0.165625 0.259375 0.165625 0.540625 0.0 0.540625
0 0.246875 0.409375 0.440625 0.409375 0.440625 0.615625 0.246875 0.615625
0 0.746875 0.296875 0.915625 0.296875 0.915625 0.478125 0.746875 0.478125
0 0.709375 0.146875 0.840625 0.146875 0.840625 0.390625 0.709375 0.390625
0 0.859375 0.234375 1.0 0.234375 1.0 0.478125 0.859375 0.478125
0 0.446875 0.071875 0.603125 0.071875 0.603125 0.290625 0.446875 0.290625
0 0.109375 0.046875 0.265625 0.046875 0.265625 0.253125 0.109375 0.253125
0 0.609375 0.0 0.815625 0.0 0.815625 0.090625 0.609375 0.090625
0 0.809375 0.696875 1.0 0.696875 1.0 0.928125 0.809375 0.928125
0 0.184375 0.909375 0.365625 0.909375 0.365625 1.0 0.184375 1.0
0 0.371875 0.396875 0.578125 0.396875 0.578125 0.615625 0.371875 0.615625
0 0.159375 0.659375 0.378125 0.659375 0.378125 0.878125 0.159375 0.878125
0 0.171875 0.0 0.403125 0.0 0.403125 0.178125 0.171875 0.178125
0 0.021875 0.296875 0.215625 0.296875 0.215625 0.528125 0.021875 0.528125
0 0.896875 0.084375 1.0 0.084375 1.0 0.315625 0.896875 0.315625
