0 0.334375 0.109375 0.690625 0.109375 0.690625 0.453125 0.334375 0.453125
0 0.0 0.334375 0.165625 0.334375 0.165625 0.678125 0.0 0.678125
0 0.934375 0.0 1.0 0.0 1.0 0.153125 0.934375 0.153125
0 0.0 0.846875 0.140625 0.846875 0.140625 1.0 0.0 1.0
0 0.109375 0.459375 0.415625 0.459375 0.415625 0.828125 0.109375 0.828125
0 0.146875 0.921875 0.315625 0.921875 0.315625 1.0 0.146875 1.0
0 0.434375 0.0 0.740625 0.0 0.740625 0.215625 0.434375 0.215625
0 0.0 0.646875 0.228125 0.646875 0.228125 0.953125 0.0 0.953125
0 0.609375 0.846875 0.815625 0.846875 0.815625 1.0 0.609375 1.0
0 0.309375 0.071875 0.465625 0.071875 0.465625 0.240625 0.309375 0.240625
0 0.546875 0.821875 0.753125 0.821875 0.753125 1.0 0.546875 1.0
0 0.446875 0.871875 0.640625 0.871875 0.640625 1.0 0.446875 1.0
0 0.0 0.021875 0.228125 0.021875 0.228125 0.340625 0.0 0.340625
0 0.0 0.871875 0.028125 0.871875 0.028125 0.928125 0.0 0.928125
0 0.846875 0.671875 1.0 0.671875 1.0 0.940625 0.846875 0.940625
0 0.209375 0.759375 0.515625 0.759375 0.515625 1.0 0.209375 1.0
