0 0.484375 0.471875 0.728125 0.471875 0.728125 0.753125 0.484375 0.753125
0 0.0 0.571875 0.090625 0.571875 0.090625 0.753125 0.0 0.753125
0 0.0 0.184375 0.240625 0.184375 0.240625 0.415625 0.0 0.415625
0 0.246875 0.309375 0.490625 0.309375 0.490625 0.528125 0.246875 0.528125
0 0.621875 0.171875 0.878125 0.171875 0.878125 0.453125 0.621875 0.453125
0 0.0 0.021875 0.153125 0.021875 0.153125 0.328125 0.0 0.328125
0 0.359375 0.371875 0.603125 0.371875 0.603125 0.665625 0.359375 0.665625
0 0.359375 0.021875 0.653125 0.021875 0.653125 0.315625 0.359375 0.315625
0 0.071875 0.0 0.303125 0.0 0.303125 0.140625 0.071875 0.140625
0 0.034375 0.559375 0.265625 0.559375 0.265625 0.790625 0.034375 0.790625
0 0.709375 0.434375 0.878125 0.434375 0.878125 0.615625 0.709375 0.615625
0 0.759375 0.909375 0.928125 0.909375 0.928125 1.0 0.759375 1.0
0 0.284375 0.659375 0.465625 0.659375 0.465625 0.815625 0.284375 0.815625
0 0.046875 0.759375 0.290625 0.759375 0.290625 0.965625 0.046875 0.965625
0 0.909375 0.871875 1.0 0.871875 1.0 1.0 0.909375 1.0
0 0.0 0.409375 0.065625 0.409375 0.065625 0.503125 0.0 0.503125
0 0.071875 0.321875 0.265625 0.321875 0.265625 0.528125 0.071875 0.528125
