0 0.971875 0.909375 1.0 0.909375 1.0 0.940625 0.971875 0.940625
0 0.121875 0.0 0.490625 0.0 0.490625 0.253125 0.121875 0.253125
0 0.0 0.246875 0.078125 0.246875 0.078125 0.428125 0.0 0.428125
0 0.209375 0.0 0.540625 0.0 0.540625 0.428125 0.209375 0.428125
0 0.746875 0.496875 1.0 0.496875 1.0 0.865625 0.746875 0.865625
0 0.846875 0.0 1.0 0.0 1.0 0.153125 0.846875 0.153125
0 0.071875 0.471875 0.365625 0.471875 0.365625 0.778125 0.071875 0.778125
0 0.271875 0.671875 0.540625 0.671875 0.540625 0.953125 0.271875 0.953125
0 0.0 0.521875 0.103125 0.521875 0.103125 0.728125 0.0 0.728125
0 0.971875 0.096875 1.0 0.096875 1.0 0.140625 0.971875 0.140625
0 0.546875 0.846875 0.740625 0.846875 0.740625 1.0 0.546875 1.0
0 0.046875 0.759375 0.278125 0.759375 0.278125 0.953125 0.046875 0.953125
0 0.784375 0.346875 1.0 0.346875 1.0 0.553125 0.784375 0.553125
0 0.0 0.371875 0.228125 0.371875 0.228125 0.590625 0.0 0.590625
0 0.421875 0.284375 0.640625 0.284375 0.640625 0.553125 0.421875 0.553125
