0 0.846875 0.534375 1.0 0.534375 1.0 0.678125 0.846875 0.678125
0 0.821875 0.371875 1.0 0.371875 1.0 0.565625 0.821875 0.565625
0 0.709375 0.271875 0.978125 0.271875 0.978125 0.453125 0.709375 0.453125
0 0.159375 0.0 0.340625 0.0 0.340625 0.128125 0.159375 0.128125
0 0.159375 0.109375 0.428125 0.109375 0.428125 0.328125 0.159375 0.328125
0 0.309375 0.959375 0.403125 0.959375 0.403125 1.0 0.309375 1.0
0 0.821875 0.909375 1.0 0.909375 1.0 1.0 0.821875 1.0
0 0.271875 0.571875 0.478125 0.571875 0.478125 0.853125 0.271875 0.853125
0 0.696875 0.609375 0.953125 0.609375 0.953125 0.878125 0.696875 0.878125
0 0.984375 0.934375 1.0 0.934375 1.0 0.965625 0.984375 0.965625
0 0.521875 0.721875 0.703125 0.721875 0.703125 0.878125 0.521875 0.878125
0 0.171875 0.384375 0.340625 0.384375 0.340625 0.565625 0.171875 0.565625
0 0.659375 0.821875 0.853125 0.821875 0.853125 1.0 0.659375 1.0
0 0.021875 0.071875 0.228125 0.071875 0.228125 0.340625 0.021875 0.340625
0 0.746875 0.134375 0.978125 0.134375 0.978125 0.365625 0.746875 0.365625
0 0.396875 0.071875 0.615625 0.071875 0.615625 0.365625 0.396875 0.365625
0 0.134375 0.209375 0.353125 0.209375 0.353125 0.465625 0.134375 0.465625
0 0.409375 0.609375 0.640625 0.609375 0.640625 0.853125 0.409375 0.853125
0 0.0 0.209375 0.090625 0.209375 0.090625 0.415625 0.0 0.415625
0 0.0 0.421875 0.028125 0.421875 0.028125 0.478125 0.0 0.478125
