0 0.746875 0.171875 1.0 0.171875 1.0 0.665625 0.746875 0.665625
0 0.009375 0.496875 0.390625 0.496875 0.390625 0.878125 0.009375 0.878125
0 0.696875 0.834375 0.965625 0.834375 0.965625 1.0 0.696875 1.0
0 0.284375 0.421875 0.665625 0.421875 0.665625 0.790625 0.284375 0.790625
0 0.246875 0.0 0.640625 0.0 0.640625 0.353125 0.246875 0.353125
0 0.471875 0.271875 0.765625 0.271875 0.765625 0.628125 0.471875 0.628125
0 0.309375 0.221875 0.653125 0.221875 0.653125 0.565625 0.309375 0.565625
0 0.846875 0.621875 1.0 0.621875 1.0 0.953125 0.846875 0.953125
0 0.484375 0.696875 0.815625 0.696875 0.815625 1.0 0.484375 1.0
0 0.0 0.0 0.315625 0.0 0.315625 0.278125 0.0 0.278125
0 0.509375 0.596875 0.728125 0.596875 0.728125 0.853125 0.509375 0.853125
0 0.921875 0.059375 1.0 0.059375 1.0 0.228125 0.921875 0.228125
