0 0.0 0.334375 0.078125 0.334375 0.078125 0.503125 0.0 0.503125
0 0.534375 0.409375 0.828125 0.409375 0.828125 0.753125 0.534375 0.753125
0 0.021875 0.971875 0.090625 0.971875 0.090625 1.0 0.021875 1.0
0 0.871875 0.684375 1.0 0.684375 1.0 1.0 0.871875 1.0
0 0.959375 0.121875 1.0 0.121875 1.0 0.253125 0.959375 0.253125
0 0.334375 0.946875 0.415625 0.946875 0.415625 1.0 0.334375 1.0
0 0.0 0.709375 0.028125 0.709375 0.028125 0.765625 0.0 0.765625
0 0.0 0.0 0.103125 0.0 0.103125 0.128125 0.0 0.128125
0 0.821875 0.134375 1.0 0.134375 1.0 0.390625 0.821875 0.390625
0 0.171875 0.209375 0.328125 0.209375 0.328125 0.390625 0.171875 0.390625
0 0.784375 0.0 1.0 0.0 1.0 0.140625 0.784375 0.140625
0 0.0 0.284375 0.140625 0.284375 0.140625 0.490625 0.0 0.490625
0 0.146875 0.609375 0.403125 0.609375 0.403125 0.853125 0.146875 0.853125
0 0.721875 0.771875 0.953125 0.771875 0.953125 0.928125 0.721875 0.928125
0 0.371875 0.521875 0.590625 0.521875 0.590625 0.753125 0.371875 0.753125
