0 0.371875 0.934375 0.590625 0.934375 0.590625 1.0 0.371875 1.0
0 0.0 0.434375 0.215625 0.434375 0.215625 0.690625 0.0 0.690625
0 0.0 0.871875 0.165625 0.871875 0.165625 1.0 0.0 1.0
0 0.509375 0.834375 0.703125 0.834375 0.703125 1.0 0.509375 1.0
0 0.359375 0.784375 0.565625 0.784375 0.565625 0.953125 0.359375 0.953125
0 0.884375 0.546875 1.0 0.546875 1.0 0.740625 0.884375 0.740625
0 0.721875 0.871875 1.0 0.871875 1.0 1.0 0.721875 1.0
0 0.809375 0.0 1.0 0.0 1.0 0.228125 0.809375 0.228125
0 0.509375 0.334375 0.790625 0.334375 0.790625 0.603125 0.509375 0.603125
0 0.246875 0.009375 0.503125 0.009375 0.503125 0.315625 0.246875 0.315625
