0 0.834375 0.909375 1.0 0.909375 1.0 1.0 0.834375 1.0
0 0.359375 0.234375 0.628125 0.234375 0.628125 0.490625 0.359375 0.490625
0 0.171875 0.509375 0.403125 0.509375 0.403125 0.790625 0.171875 0.790625
0 0.621875 0.121875 0.965625 0.121875 0.965625 0.515625 0.621875 0.515625
0 0.771875 0.671875 1.0 0.671875 1.0 1.0 0.771875 1.0
0 0.0 0.146875 0.015625 0.146875 0.015625 0.190625 0.0 0.190625
0 0.646875 0.396875 0.790625 0.396875 0.790625 0.603125 0.646875 0.603125
0 0.0 0.484375 0.178125 0.484375 0.178125 0.678125 0.0 0.678125
0 0.821875 0.434375 1.0 0.434375 1.0 0.703125 0.821875 0.703125
0 0.496875 0.396875 0.690625 0.396875 0.690625 0.628125 0.496875 0.628125
0 0.334375 0.421875 0.590625 0.421875 0.590625 0.640625 0.334375 0.640625
0 0.609375 0.0 0.815625 0.0 0.815625 0.228125 0.609375 0.228125
0 0.0 0.409375 0.240625 0.409375 0.240625 0.615625 0.0 0.615625
0 0.0 0.534375 0.028125 0.534375 0.028125 0.615625 0.0 0.615625
0 0.0 0.709375 0.103125 0.709375 0.103125 0.890625 0.0 0.890625
0 0.484375 0.0 0.678125 0.0 0.678125 0.203125 0.484375 0.203125
0 0.921875 0.471875 1.0 0.471875 1.0 0.678125 0.921875 0.678125
0 0.309375 0.0 0.503125 0.0 0.503125 0.190625 0.309375 0.190625
0 0.0 0.0 0.078125 0.0 0.078125 0.178125 0.0 0.178125
0 0.034375 0.0 0.203125 0.0 0.203125 0.190625 0.034375 0.190625
0 0.171875 0.021875 0.378125 0.021875 0.378125 0.290625 0.171875 0.290625
