0 0.0 0.0 0.190625 0.0 0.190625 0.178125 0.0 0.178125
0 0.209375 0.121875 0.440625 0.121875 0.440625 0.403125 0.209375 0.403125
0 0.021875 0.771875 0.428125 0.771875 0.428125 1.0 0.021875 1.0
0 0.671875 0.159375 0.965625 0.159375 0.965625 0.553125 0.671875 0.553125
0 0.446875 0.296875 0.703125 0.296875 0.703125 0.553125 0.446875 0.553125
0 0.121875 0.0 0.378125 0.0 0.378125 0.190625 0.121875 0.190625
0 0.921875 0.0 1.0 0.0 1.0 0.115625 0.921875 0.115625
0 0.909375 0.671875 1.0 0.671875 1.0 0.840625 0.909375 0.840625
0 0.946875 0.909375 1.0 0.909375 1.0 1.0 0.946875 1.0
0 0.746875 0.696875 0.978125 0.696875 0.978125 0.953125 0.746875 0.953125
0 0.946875 0.134375 1.0 0.134375 1.0 0.290625 0.946875 0.290625
0 0.021875 0.421875 0.190625 0.421875 0.190625 0.603125 0.021875 0.603125
0 0.946875 0.371875 1.0 0.371875 1.0 0.503125 0.946875 0.503125
0 0.484375 0.209375 0.678125 0.209375 0.678125 0.403125 0.484375 0.403125
0 0.659375 0.471875 0.815625 0.471875 0.815625 0.703125 0.659375 0.703125
0 0.0 0.321875 0.140625 0.321875 0.140625 0.540625 0.0 0.540625
0 0.434375 0.759375 0.653125 0.759375 0.653125 0.990625 0.434375 0.990625
0 0.0 0.621875 0.103125 0.621875 0.103125 0.828125 0.0 0.828125
0 0.696875 0.884375 0.965625 0.884375 0.965625 1.0 0.696875 1.0
0 0.559375 0.471875 0.740625 0.471875 0.740625 0.678125 0.559375 0.678125
0 0.596875 0.0 0.803125 0.0 0.803125 0.178125 0.596875 0.178125
0 0.909375 0.734375 1.0 0.734375 1.0 0.903125 0.909375 0.903125
0 0.821875 0.146875 1.0 0.146875 1.0 0.340625 0.821875 0.340625
0 0.309375 0.109375 0.490625 0.109375 0.490625 0.328125 0.309375 0.328125
