0 0.0 0.584375 0.328125 0.584375 0.328125 1.0 0.0 1.0
0 0.184375 0.621875 0.490625 0.621875 0.490625 0.890625 0.184375 0.890625
0 0.834375 0.984375 0.853125 0.984375 0.853125 1.0 0.834375 1.0
0 0.621875 0.309375 1.0 0.309375 1.0 0.678125 0.621875 0.678125
0 0.0 0.0 0.315625 0.0 0.315625 0.328125 0.0 0.328125
0 0.584375 0.721875 0.903125 0.721875 0.903125 1.0 0.584375 1.0
0 0.696875 0.596875 1.0 0.596875 1.0 0.878125 0.696875 0.878125
0 0.0 0.721875 0.040625 0.721875 0.040625 0.878125 0.0 0.878125
0 0.0 0.234375 0.228125 0.234375 0.228125 0.553125 0.0 0.553125
0 0.684375 0.0 0.990625 0.0 0.990625 0.215625 0.684375 0.215625
