0 0.0 0.759375 0.065625 0.759375 0.065625 0.940625 0.0 0.940625
0 0.059375 0.496875 0.428125 0.496875 0.428125 0.865625 0.059375 0.865625
0 0.059375 0.834375 0.278125 0.834375 0.278125 0.978125 0.059375 0.978125
0 0.796875 0.0 1.0 0.0 1.0 0.265625 0.796875 0.265625
0 0.196875 0.134375 0.565625 0.134375 0.565625 0.353125 0.196875 0.353125
0 0.0 0.359375 0.203125 0.359375 0.203125 0.615625 0.0 0.615625
0 0.584375 0.671875 1.0 0.671875 1.0 1.0 0.584375 1.0
0 0.846875 0.921875 1.0 0.921875 1.0 1.0 0.846875 1.0
0 0.059375 0.896875 0.303125 0.896875 0.303125 1.0 0.059375 1.0
0 0.0 0.021875 0.040625 0.021875 0.040625 0.290625 0.0 0.290625
0 0.409375 0.909375 0.678125 0.909375 0.678125 1.0 0.409375 1.0
0 0.384375 0.0 0.678125 0.0 0.678125 0.128125 0.384375 0.128125
0 0.346875 0.734375 0.540625 0.734375 0.540625 0.953125 0.346875 0.953125
0 0.946875 0.784375 1.0 0.784375 1.0 0.890625 0.946875 0.890625
0 0.284375 0.0 0.553125 0.0 0.553125 0.365625 0.284375 0.365625
0 0.159375 0.0 0.478125 0.0 0.478125 0.265625 0.159375 0.265625
