0 0.509375 0.209375 0.765625 0.209375 0.765625 0.528125 0.509375 0.528125
0 0.859375 0.746875 1.0 0.746875 1.0 1.0 0.859375 1.0
0 0.896875 0.221875 1.0 0.221875 1.0 0.578125 0.896875 0.578125
0 0.0 0.359375 0.015625 0.359375 0.015625 0.415625 0.0 0.415625
0 0.246875 0.0 0.428125 0.0 0.428125 0.228125 0.246875 0.228125
0 0.0 0.146875 0.215625 0.146875 0.215625 0.440625 0.0 0.440625
0 0.946875 0.984375 1.0 0.984375 1.0 1.0 0.946875 1.0
0 0.084375 0.584375 0.353125 0.584375 0.353125 0.840625 0.084375 0.840625
0 0.471875 0.609375 0.728125 0.609375 0.728125 0.878125 0.471875 0.878125
0 0.346875 0.434375 0.615625 0.434375 0.615625 0.690625 0.346875 0.690625
0 0.396875 0.0 0.615625 0.0 0.615625 0.278125 0.396875 0.278125
0 0.634375 0.0 0.853125 0.0 0.853125 0.103125 0.634375 0.103125
0 0.596875 0.496875 0.803125 0.496875 0.803125 0.703125 0.596875 0.703125
0 0.021875 0.071875 0.265625 0.071875 0.265625 0.240625 0.021875 0.240625
0 0.721875 0.534375 1.0 0.534375 1.0 0.803125 0.721875 0.803125
0 0.721875 0.784375 0.965625 0.784375 0.965625 0.978125 0.721875 0.978125
0 0.0 0.221875 0.103125 0.221875 0.103125 0.403125 0.0 0.403125
0 0.984375 0.084375 1.0 0.084375 1.0 0.115625 0.984375 0.115625
0 0.346875 0.196875 0.565625 0.196875 0.565625 0.453125 0.346875 0.453125
