0 0.971875 0.609375 1.0 0.609375 1.0 0.703125 0.971875 0.703125
0 0.0 0.871875 0.053125 0.871875 0.053125 1.0 0.0 1.0
0 0.296875 0.509375 0.578125 0.509375 0.578125 0.803125 0.296875 0.803125
0 0.0 0.321875 0.140625 0.321875 0.140625 0.528125 0.0 0.528125
0 0.871875 0.684375 1.0 0.684375 1.0 0.928125 0.871875 0.928125
0 0.021875 0.0 0.240625 0.0 0.240625 0.090625 0.021875 0.090625
0 0.471875 0.0 0.728125 0.0 0.728125 0.178125 0.471875 0.178125
0 0.0 0.434375 0.190625 0.434375 0.190625 0.665625 0.0 0.665625
0 0.446875 0.221875 0.715625 0.221875 0.715625 0.465625 0.446875 0.465625
0 0.684375 0.0 0.915625 0.0 0.915625 0.203125 0.684375 0.203125
0 0.834375 0.884375 1.0 0.884375 1.0 1.0 0.834375 1.0
0 0.759375 0.171875 0.978125 0.171875 0.978125 0.328125 0.759375 0.328125
0 0.184375 0.346875 0.353125 0.346875 0.353125 0.553125 0.184375 0.553125
0 0.159375 0.934375 0.303125 0.934375 0.303125 1.0 0.159375 1.0
0 0.0 0.296875 0.028125 0.296875 0.028125 0.340625 0.0 0.340625
0 0.496875 0.959375 0.603125 0.959375 0.603125 1.0 0.496875 1.0
0 0.034375 0.196875 0.290625 0.196875 0.290625 0.428125 0.034375 0.428125
0 0.396875 0.009375 0.653125 0.009375 0.653125 0.303125 0.396875 0.303125
0 0.671875 0.271875 0.940625 0.271875 0.940625 0.540625 0.671875 0.540625
0 0.434375 0.659375 0.640625 0.659375 0.640625 0.865625 0.434375 0.865625
0 0.0 0.696875 0.265625 0.696875 0.265625 0.928125 0.0 0.928125
