0 0.346875 0.0 0.653125 0.0 0.653125 0.290625 0.346875 0.290625
0 0.796875 0.871875 1.0 0.871875 1.0 1.0 0.796875 1.0
0 0.509375 0.571875 0.878125 0.571875 0.878125 0.940625 0.509375 0.940625
0 0.646875 0.071875 0.865625 0.071875 0.865625 0.353125 0.646875 0.353125
0 0.134375 0.959375 0.365625 0.959375 0.365625 1.0 0.134375 1.0
0 0.134375 0.684375 0.440625 0.684375 0.440625 0.978125 0.134375 0.978125
0 0.146875 0.021875 0.353125 0.021875 0.353125 0.240625 0.146875 0.240625
0 0.246875 0.609375 0.478125 0.609375 0.478125 0.790625 0.246875 0.790625
0 0.409375 0.346875 0.565625 0.346875 0.565625 0.553125 0.409375 0.553125
0 0.334375 0.834375 0.565625 0.834375 0.565625 1.0 0.334375 1.0
0 0.734375 0.071875 0.978125 0.071875 0.978125 0.415625 0.734375 0.415625
0 0.909375 0.484375 1.0 0.484375 1.0 0.728125 0.909375 0.728125
