0 0.471875 0.759375 0.753125 0.759375 0.753125 1.0 0.471875 1.0
0 0.934375 0.046875 1.0 0.046875 1.0 0.303125 0.934375 0.303125
0 0.321875 0.746875 0.540625 0.746875 0.540625 1.0 0.321875 1.0
0 0.159375 0.0 0.440625 0.0 0.440625 0.165625 0.159375 0.165625
0 0.884375 0.859375 1.0 0.859375 1.0 1.0 0.884375 1.0
0 0.509375 0.046875 0.765625 0.046875 0.765625 0.365625 0.509375 0.365625
0 0.534375 0.359375 0.790625 0.359375 0.790625 0.640625 0.534375 0.640625
0 0.284375 0.134375 0.565625 0.134375 0.565625 0.403125 0.284375 0.403125
0 0.009375 0.084375 0.278125 0.084375 0.278125 0.353125 0.009375 0.353125
0 0.421875 0.471875 0.653125 0.471875 0.653125 0.715625 0.421875 0.715625
0 0.359375 0.346875 0.590625 0.346875 0.590625 0.578125 0.359375 0.578125
0 0.284375 0.496875 0.465625 0.496875 0.465625 0.678125 0.284375 0.678125
0 0.134375 0.271875 0.303125 0.271875 0.303125 0.478125 0.134375 0.478125
0 0.884375 0.546875 1.0 0.546875 1.0 0.753125 0.884375 0.753125
0 0.371875 0.834375 0.565625 0.834375 0.565625 1.0 0.371875 1.0
0 0.0 0.171875 0.065625 0.171875 0.065625 0.365625 0.0 0.365625
