0 0.921875 0.084375 1.0 0.084375 1.0 0.315625 0.921875 0.315625
0 0.509375 0.009375 0.765625 0.009375 0.765625 0.365625 0.509375 0.365625
0 0.884375 0.434375 1.0 0.434375 1.0 0.603125 0.884375 0.603125
0 0.696875 0.0 1.0 0.0 1.0 0.228125 0.696875 0.228125
0 0.034375 0.0 0.315625 0.0 0.315625 0.278125 0.034375 0.278125
0 0.796875 0.621875 1.0 0.621875 1.0 0.978125 0.796875 0.978125
0 0.109375 0.971875 0.140625 0.971875 0.140625 1.0 0.109375 1.0
0 0.659375 0.409375 0.928125 0.409375 0.928125 0.778125 0.659375 0.778125
0 0.434375 0.484375 0.753125 0.484375 0.753125 0.815625 0.434375 0.815625
0 0.0 0.759375 0.178125 0.759375 0.178125 1.0 0.0 1.0
0 0.384375 0.684375 0.665625 0.684375 0.665625 1.0 0.384375 1.0
0 0.946875 0.621875 1.0 0.621875 1.0 0.690625 0.946875 0.690625
0 0.684375 0.146875 0.978125 0.146875 0.978125 0.465625 0.684375 0.465625
0 0.171875 0.696875 0.440625 0.696875 0.440625 1.0 0.171875 1.0
0 0.0 0.0 0.253125 0.0 0.253125 0.278125 0.0 0.278125
