0 0.109375 0.146875 0.403125 0.146875 0.403125 0.453125 0.109375 0.453125
0 0.0 0.871875 0.153125 0.871875 0.153125 1.0 0.0 1.0
0 0.671875 0.084375 0.878125 0.084375 0.878125 0.265625 0.671875 0.265625
0 0.671875 0.196875 0.928125 0.196875 0.928125 0.428125 0.671875 0.428125
0 0.509375 0.446875 0.778125 0.446875 0.778125 0.728125 0.509375 0.728125
0 0.134375 0.634375 0.440625 0.634375 0.440625 0.890625 0.134375 0.890625
0 0.271875 0.971875 0.303125 0.971875 0.303125 1.0 0.271875 1.0
0 0.259375 0.371875 0.503125 0.371875 0.503125 0.590625 0.259375 0.590625
0 0.796875 0.846875 1.0 0.846875 1.0 1.0 0.796875 1.0
0 0.0 0.721875 0.103125 0.721875 0.103125 0.890625 0.0 0.890625
0 0.834375 0.784375 0.978125 0.784375 0.978125 0.928125 0.834375 0.928125
0 0.921875 0.484375 1.0 0.484375 1.0 0.715625 0.921875 0.715625
0 0.709375 0.721875 0.928125 0.721875 0.928125 0.990625 0.709375 0.990625
0 0.459375 0.0 0.665625 0.0 0.665625 0.128125 0.459375 0.128125
0 0.846875 0.409375 0.990625 0.409375 0.990625 0.578125 0.846875 0.578125
0 0.934375 0.384375 1.0 0.384375 1.0 0.503125 0.934375 0.503125
0 0.0 0.0 0.253125 0.0 0.253125 0.215625 0.0 0.215625
0 0.334375 0.584375 0.565625 0.584375 0.565625 0.790625 0.334375 0.790625
