0 0.0 0.759375 0.265625 0.759375 0.265625 1.0 0.0 1.0
0 0.471875 0.859375 0.703125 0.859375 0.703125 1.0 0.471875 1.0
0 0.396875 0.921875 0.540625 0.921875 0.540625 1.0 0.396875 1.0
0 0.284375 0.496875 0.565625 0.496875 0.565625 0.765625 0.284375 0.765625
0 0.021875 0.496875 0.265625 0.496875 0.265625 0.790625 0.021875 0.790625
0 0.834375 0.871875 1.0 0.871875 1.0 1.0 0.834375 1.0
0 0.834375 0.659375 1.0 0.659375 1.0 0.890625 0.834375 0.890625
0 0.321875 0.184375 0.590625 0.184375 0.590625 0.503125 0.321875 0.503125
0 0.209375 0.121875 0.403125 0.121875 0.403125 0.328125 0.209375 0.328125
0 0.0 0.121875 0.053125 0.121875 0.053125 0.278125 0.0 0.278125
0 0.621875 0.409375 0.803125 0.409375 0.803125 0.615625 0.621875 0.615625
0 0.796875 0.309375 1.0 0.309375 1.0 0.490625 0.796875 0.490625
0 0.671875 0.871875 0.853125 0.871875 0.853125 1.0 0.671875 1.0
0 0.646875 0.684375 0.890625 0.684375 0.890625 0.940625 0.646875 0.940625
0 0.871875 0.571875 1.0 0.571875 1.0 0.740625 0.871875 0.740625
0 0.859375 0.0 1.0 0.0 1.0 0.128125 0.859375 0.128125
0 0.921875 0.984375 0.953125 0.984375 0.953125 1.0 0.921875 1.0
0 0.471875 0.571875 0.703125 0.571875 0.703125 0.815625 0.471875 0.815625
