0 0.071875 0.646875 0.415625 0.646875 0.415625 0.928125 0.071875 0.928125
0 0.084375 0.371875 0.415625 0.371875 0.415625 0.703125 0.084375 0.703125
0 0.134375 0.221875 0.353125 0.221875 0.353125 0.440625 0.134375 0.440625
0 0.959375 0.984375 1.0 0.984375 1.0 1.0 0.959375 1.0
0 0.234375 0.896875 0.465625 0.896875 0.465625 1.0 0.234375 1.0
0 0.0 0.121875 0.240625 0.121875 0.240625 0.390625 0.0 0.390625
0 0.096875 0.0 0.378125 0.0 0.378125 0.228125 0.096875 0.228125
0 0.571875 0.034375 0.865625 0.034375 0.865625 0.340625 0.571875 0.340625
0 0.684375 0.621875 0.953125 0.621875 0.953125 0.890625 0.684375 0.890625
0 0.621875 0.884375 0.790625 0.884375 0.790625 1.0 0.621875 1.0
0 0.0 0.246875 0.065625 0.246875 0.065625 0.415625 0.0 0.415625
0 0.596875 0.584375 0.803125 0.584375 0.803125 0.840625 0.596875 0.840625
0 0.396875 0.709375 0.640625 0.709375 0.640625 0.953125 0.396875 0.953125
0 0.359375 0.359375 0.590625 0.359375 0.590625 0.628125 0.359375 0.628125
0 0.484375 0.546875 0.703125 0.546875 0.703125 0.753125 0.484375 0.753125
