0 0.484375 0.034375 0.753125 0.034375 0.753125 0.303125 0.484375 0.303125
0 0.0 0.484375 0.240625 0.484375 0.240625 0.828125 0.0 0.828125
0 0.046875 0.984375 0.078125 0.984375 0.078125 1.0 0.046875 1.0
0 0.309375 0.059375 0.515625 0.059375 0.515625 0.290625 0.309375 0.290625
0 0.159375 0.834375 0.453125 0.834375 0.453125 1.0 0.159375 1.0
0 0.959375 0.484375 1.0 0.484375 1.0 0.615625 0.959375 0.615625
0 0.784375 0.946875 0.915625 0.946875 0.915625 1.0 0.784375 1.0
0 0.446875 0.921875 0.615625 0.921875 0.615625 1.0 0.446875 1.0
0 0.546875 0.721875 0.790625 0.721875 0.790625 0.990625 0.546875 0.990625
0 0.771875 0.259375 1.0 0.259375 1.0 0.528125 0.771875 0.528125
0 0.0 0.096875 0.078125 0.096875 0.078125 0.228125 0.0 0.228125
0 0.396875 0.0 0.615625 0.0 0.615625 0.140625 0.396875 0.140625
0 0.821875 0.621875 1.0 0.621875 1.0 0.890625 0.821875 0.890625
0 0.196875 0.959375 0.278125 0.959375 0.278125 1.0 0.196875 1.0
0 0.396875 0.384375 0.653125 0.384375 0.653125 0.678125 0.396875 0.678125
0 0.0 0.821875 0.015625 0.821875 0.015625 0.865625 0.0 0.865625
0 0.0 0.009375 0.203125 0.009375 0.203125 0.328125 0.0 0.328125
0 0.246875 0.234375 0.503125 0.234375 0.503125 0.528125 0.246875 0.528125
0 0.634375 0.196875 0.840625 0.196875 0.840625 0.465625 0.634375 0.465625
