0 0.421875 0.096875 0.678125 0.096875 0.678125 0.378125 0.421875 0.378125
0 0.0 0.034375 0.203125 0.034375 0.203125 0.365625 0.0 0.365625
0 0.0 0.0 0.215625 0.0 0.215625 0.128125 0.0 0.128125
0 0.146875 0.096875 0.365625 0.096875 0.365625 0.365625 0.146875 0.365625
0 0.434375 0.796875 0.690625 0.796875 0.690625 1.0 0.434375 1.0
0 0.109375 0.984375 0.140625 0.984375 0.140625 1.0 0.109375 1.0
0 0.0 0.796875 0.053125 0.796875 0.053125 0.928125 0.0 0.928125
0 0.0 0.0 0.040625 0.0 0.040625 0.053125 0.0 0.053125
0 0.521875 0.646875 0.703125 0.646875 0.703125 0.828125 0.521875 0.828125
0 0.009375 0.359375 0.153125 0.359375 0.153125 0.540625 0.009375 0.540625
0 0.709375 0.184375 0.878125 0.184375 0.878125 0.378125 0.709375 0.378125
0 0.809375 0.0 0.978125 0.0 0.978125 0.153125 0.809375 0.153125
0 0.0 0.459375 0.190625 0.459375 0.190625 0.678125 0.0 0.678125
0 0.534375 0.346875 0.765625 0.346875 0.765625 0.565625 0.534375 0.565625
0 0.321875 0.921875 0.478125 0.921875 0.478125 1.0 0.321875 1.0
0 0.884375 0.021875 1.0 0.021875 1.0 0.253125 0.884375 0.253125
