0 0.0 0.0 0.178125 0.0 0.178125 0.203125 0.0 0.203125
0 0.234375 0.471875 0.553125 0.471875 0.553125 0.740625 0.234375 0.740625
0 0.434375 0.134375 0.665625 0.134375 0.665625 0.340625 0.434375 0.340625
0 0.709375 0.596875 0.953125 0.596875 0.953125 0.853125 0.709375 0.853125
0 0.646875 0.809375 0.903125 0.809375 0.903125 1.0 0.646875 1.0
0 0.071875 0.559375 0.290625 0.559375 0.290625 0.778125 0.071875 0.778125
0 0.671875 0.146875 0.890625 0.146875 0.890625 0.390625 0.671875 0.390625
0 0.721875 0.221875 0.953125 0.221875 0.953125 0.440625 0.721875 0.440625
0 0.534375 0.896875 0.690625 0.896875 0.690625 1.0 0.534375 1.0
0 0.959375 0.621875 1.0 0.621875 1.0 0.740625 0.959375 0.740625
0 0.796875 0.909375 0.978125 0.909375 0.978125 1.0 0.796875 1.0
0 0.534375 0.396875 0.765625 0.396875 0.765625 0.628125 0.534375 0.628125
0 0.0 0.621875 0.103125 0.621875 0.103125 0.790625 0.0 0.790625
0 0.471875 0.0 0.690625 0.0 0.690625 0.153125 0.471875 0.153125
0 0.809375 0.0 1.0 0.0 1.0 0.215625 0.809375 0.215625
0 0.0 0.771875 0.090625 0.771875 0.090625 0.903125 0.0 0.903125
0 0.384375 0.271875 0.590625 0.271875 0.590625 0.490625 0.384375 0.490625
