0 0.0 0.071875 0.078125 0.071875 0.078125 0.203125 0.0 0.203125
0 0.0 0.171875 0.490625 0.171875 0.490625 0.640625 0.0 0.640625
0 0.384375 0.496875 0.703125 0.496875 0.703125 0.890625 0.384375 0.890625
0 0.934375 0.534375 1.0 0.534375 1.0 0.640625 0.934375 0.640625
0 0.0 0.684375 0.303125 0.684375 0.303125 1.0 0.0 1.0
0 0.221875 0.084375 0.640625 0.084375 0.640625 0.415625 0.221875 0.415625
0 0.609375 0.0 0.928125 0.0 0.928125 0.265625 0.609375 0.265625
0 0.671875 0.271875 0.953125 0.271875 0.953125 0.615625 0.671875 0.615625
0 0.359375 0.421875 0.665625 0.421875 0.665625 0.753125 0.359375 0.753125
0 0.834375 0.296875 1.0 0.296875 1.0 0.690625 0.834375 0.690625
0 0.0 0.659375 0.028125 0.659375 0.028125 0.728125 0.0 0.728125
0 0.284375 0.0 0.615625 0.0 0.615625 0.153125 0.284375 0.153125
