0 0.809375 0.171875 1.0 0.171875 1.0 0.465625 0.809375 0.465625
0 0.596875 0.071875 0.853125 0.071875 0.853125 0.353125 0.596875 0.353125
0 0.0 0.346875 0.053125 0.346875 0.053125 0.403125 0.0 0.403125
0 0.946875 0.396875 1.0 0.396875 1.0 0.590625 0.946875 0.590625
0 0.134375 0.434375 0.478125 0.434375 0.478125 0.703125 0.134375 0.703125
0 0.0 0.309375 0.240625 0.309375 0.240625 0.553125 0.0 0.553125
0 0.096875 0.334375 0.265625 0.334375 0.265625 0.565625 0.096875 0.565625
0 0.184375 0.709375 0.353125 0.709375 0.353125 0.928125 0.184375 0.928125
0 0.771875 0.846875 0.915625 0.846875 0.915625 1.0 0.771875 1.0
0 0.434375 0.0 0.665625 0.0 0.665625 0.215625 0.434375 0.215625
0 0.671875 0.609375 0.915625 0.609375 0.915625 0.865625 0.671875 0.865625
0 0.546875 0.859375 0.740625 0.859375 0.740625 1.0 0.546875 1.0
0 0.0 0.771875 0.203125 0.771875 0.203125 0.965625 0.0 0.965625
0 0.0 0.584375 0.228125 0.584375 0.228125 0.803125 0.0 0.803125
0 0.296875 0.909375 0.478125 0.909375 0.478125 1.0 0.296875 1.0
0 0.784375 0.021875 0.965625 0.021875 0.965625 0.203125 0.784375 0.203125
0 0.859375 0.834375 1.0 0.834375 1.0 1.0 0.859375 1.0
0 0.021875 0.959375 0.065625 0.959375 0.065625 1.0 0.021875 1.0
