0 0.446875 0.0 0.703125 0.0 0.703125 0.215625 0.446875 0.215625
0 0.234375 0.709375 0.515625 0.709375 0.515625 0.978125 0.234375 0.978125
0 0.534375 0.246875 0.840625 0.246875 0.840625 0.540625 0.534375 0.540625
0 0.546875 0.784375 0.853125 0.784375 0.853125 1.0 0.546875 1.0
0 0.934375 0.196875 1.0 0.196875 1.0 0.365625 0.934375 0.365625
0 0.884375 0.909375 1.0 0.909375 1.0 1.0 0.884375 1.0
0 0.859375 0.109375 1.0 0.109375 1.0 0.415625 0.859375 0.415625
0 0.971875 0.559375 1.0 0.559375 1.0 0.603125 0.971875 0.603125
0 0.821875 0.584375 1.0 0.584375 1.0 0.815625 0.821875 0.815625
0 0.159375 0.009375 0.403125 0.009375 0.403125 0.240625 0.159375 0.240625
0 0.121875 0.171875 0.403125 0.171875 0.403125 0.378125 0.121875 0.378125
0 0.0 0.434375 0.040625 0.434375 0.040625 0.478125 0.0 0.478125
0 0.584375 0.534375 0.828125 0.534375 0.828125 0.753125 0.584375 0.753125
0 0.834375 0.359375 1.0 0.359375 1.0 0.615625 0.834375 0.615625
0 0.534375 0.109375 0.790625 0.109375 0.790625 0.315625 0.534375 0.315625
0 0.596875 0.671875 0.853125 0.671875 0.853125 0.840625 0.596875 0.840625
0 0.471875 0.684375 0.690625 0.684375 0.690625 0.915625 0.471875 0.915625
0 0.296875 0.0 0.528125 0.0 0.528125 0.165625 0.296875 0.165625
0 0.046875 0.846875 0.328125 0.846875 0.328125 1.0 0.046875 1.0
0 0.596875 0.0 0.815625 0.0 0.815625 0.140625 0.596875 0.140625
0 0.109375 0.0 0.340625 0.0 0.340625 0.178125 0.109375 0.178125
0 0.884375 0.784375 1.0 0.784375 1.0 0.940625 0.884375 0.940625
0 0.284375 0.396875 0.515625 0.396875 0.515625 0.665625 0.284375 0.665625
0 0.0 0.659375 0.015625 0.659375 0.015625 0.678125 0.0 0.678125
0 0.121875 0.446875 0.303125 0.446875 0.303125 0.665625 0.121875 0.665625
0 0.009375 0.659375 0.190625 0.659375 0.190625 0.853125 0.009375 0.853125
0 0.0 0.959375 0.040625 0.959375 0.040625 1.0 0.0 1.0
