0 0.659375 0.034375 0.990625 0.034375 0.990625 0.428125 0.659375 0.428125
0 0.409375 0.721875 0.653125 0.721875 0.653125 0.978125 0.409375 0.978125
0 0.309375 0.384375 0.528125 0.384375 0.528125 0.703125 0.309375 0.703125
0 0.259375 0.146875 0.565625 0.146875 0.565625 0.490625 0.259375 0.490625
0 0.959375 0.671875 1.0 0.671875 1.0 0.765625 0.959375 0.765625
0 0.0 0.034375 0.140625 0.034375 0.140625 0.240625 0.0 0.240625
0 0.509375 0.184375 0.753125 0.184375 0.753125 0.490625 0.509375 0.490625
0 0.821875 0.609375 1.0 0.609375 1.0 0.890625 0.821875 0.890625
0 0.521875 0.496875 0.828125 0.496875 0.828125 0.765625 0.521875 0.765625
0 0.0 0.821875 0.040625 0.821875 0.040625 0.903125 0.0 0.903125
0 0.921875 0.134375 1.0 0.134375 1.0 0.303125 0.921875 0.303125
0 0.471875 0.546875 0.703125 0.546875 0.703125 0.828125 0.471875 0.828125
0 0.584375 0.921875 0.790625 0.921875 0.790625 1.0 0.584375 1.0
0 0.146875 0.421875 0.353125 0.421875 0.353125 0.653125 0.146875 0.653125
