0 0.109375 0.559375 0.390625 0.559375 0.390625 0.853125 0.109375 0.853125
0 0.596875 0.809375 0.865625 0.809375 0.865625 1.0 0.596875 1.0
0 0.846875 0.884375 1.0 0.884375 1.0 1.0 0.846875 1.0
0 0.0 0.946875 0.053125 0.946875 0.053125 1.0 0.0 1.0
0 0.359375 0.234375 0.628125 0.234375 0.628125 0.515625 0.359375 0.515625
0 0.0 0.834375 0.165625 0.834375 0.165625 1.0 0.0 1.0
0 0.0 0.009375 0.190625 0.009375 0.190625 0.278125 0.0 0.278125
0 0.834375 0.471875 1.0 0.471875 1.0 0.765625 0.834375 0.765625
0 0.0 0.646875 0.128125 0.646875 0.128125 0.903125 0.0 0.903125
0 0.309375 0.559375 0.603125 0.559375 0.603125 0.778125 0.309375 0.778125
0 0.021875 0.609375 0.190625 0.609375 0.190625 0.865625 0.021875 0.865625
0 0.296875 0.446875 0.578125 0.446875 0.578125 0.640625 0.296875 0.640625
0 0.671875 0.009375 0.828125 0.009375 0.828125 0.203125 0.671875 0.203125
0 0.646875 0.271875 0.878125 0.271875 0.878125 0.528125 0.646875 0.528125
0 0.171875 0.021875 0.403125 0.021875 0.403125 0.278125 0.171875 0.278125
0 0.734375 0.0 0.978125 0.0 0.978125 0.178125 0.734375 0.178125
0 0.734375 0.246875 0.953125 0.246875 0.953125 0.453125 0.734375 0.453125
0 0.471875 0.046875 0.703125 0.046875 0.703125 0.303125 0.471875 0.303125
0 0.309375 0.646875 0.490625 0.646875 0.490625 0.865625 0.309375 0.865625
0 0.0 0.221875 0.028125 0.221875 0.028125 0.265625 0.0 0.265625
0 0.434375 0.809375 0.603125 0.809375 0.603125 1.0 0.434375 1.0
0 0.284375 0.884375 0.465625 0.884375 0.465625 1.0 0.284375 1.0
