0 0.946875 0.671875 1.0 0.671875 1.0 0.778125 0.946875 0.778125
0 0.209375 0.659375 0.890625 0.659375 0.890625 1.0 0.209375 1.0
0 0.171875 0.0 0.515625 0.0 0.515625 0.178125 0.171875 0.178125
0 0.909375 0.0 1.0 0.0 1.0 0.078125 0.909375 0.078125
0 0.246875 0.0 0.790625 0.0 0.790625 0.428125 0.246875 0.428125
0 0.0 0.0 0.053125 0.0 0.053125 0.128125 0.0 0.128125
0 0.0 0.859375 0.153125 0.859375 0.153125 1.0 0.0 1.0
0 0.0 0.259375 0.278125 0.259375 0.278125 0.653125 0.0 0.653125
0 0.0 0.184375 0.015625 0.184375 0.015625 0.228125 0.0 0.228125
0 0.396875 0.984375 0.428125 0.984375 0.428125 1.0 0.396875 1.0
