0 0.234375 0.621875 0.565625 0.621875 0.565625 0.878125 0.234375 0.878125
0 0.021875 0.0 0.403125 0.0 0.403125 0.190625 0.021875 0.190625
0 0.209375 0.0 0.615625 0.0 0.615625 0.178125 0.209375 0.178125
0 0.0 0.321875 0.078125 0.321875 0.078125 0.503125 0.0 0.503125
0 0.821875 0.496875 1.0 0.496875 1.0 0.928125 0.821875 0.928125
0 0.509375 0.359375 1.0 0.359375 1.0 0.790625 0.509375 0.790625
0 0.0 0.259375 0.340625 0.259375 0.340625 0.678125 0.0 0.678125
0 0.196875 0.371875 0.540625 0.371875 0.540625 0.665625 0.196875 0.665625
0 0.621875 0.0 1.0 0.0 1.0 0.390625 0.621875 0.390625
0 0.534375 0.409375 0.815625 0.409375 0.815625 0.678125 0.534375 0.678125
0 0.321875 0.821875 0.665625 0.821875 0.665625 1.0 0.321875 1.0
