0 0.434375 0.209375 0.690625 0.209375 0.690625 0.428125 0.434375 0.428125
0 0.0 0.771875 0.065625 0.771875 0.065625 0.903125 0.0 0.903125
0 0.571875 0.009375 0.803125 0.009375 0.803125 0.265625 0.571875 0.265625
0 0.709375 0.846875 0.940625 0.846875 0.940625 1.0 0.709375 1.0
0 0.821875 0.559375 1.0 0.559375 1.0 0.790625 0.821875 0.790625
0 0.584375 0.284375 0.765625 0.284375 0.765625 0.503125 0.584375 0.503125
0 0.096875 0.109375 0.290625 0.109375 0.290625 0.303125 0.096875 0.303125
0 0.146875 0.446875 0.328125 0.446875 0.328125 0.615625 0.146875 0.615625
0 0.434375 0.596875 0.603125 0.596875 0.603125 0.790625 0.434375 0.790625
0 0.0 0.196875 0.103125 0.196875 0.103125 0.340625 0.0 0.340625
0 0.196875 0.609375 0.378125 0.609375 0.378125 0.778125 0.196875 0.778125
0 0.0 0.084375 0.015625 0.084375 0.015625 0.115625 0.0 0.115625
0 0.0 0.859375 0.165625 0.859375 0.165625 1.0 0.0 1.0
0 0.746875 0.221875 0.928125 0.221875 0.928125 0.465625 0.746875 0.465625
0 0.0 0.596875 0.203125 0.596875 0.203125 0.790625 0.0 0.790625
0 0.784375 0.021875 1.0 0.021875 1.0 0.290625 0.784375 0.290625
