0 0.359375 0.896875 0.603125 0.896875 0.603125 1.0 0.359375 1.0
0 0.909375 0.634375 1.0 0.634375 1.0 0.815625 0.909375 0.815625
0 0.396875 0.0 0.665625 0.0 0.665625 0.203125 0.396875 0.203125
0 0.971875 0.046875 1.0 0.046875 1.0 0.103125 0.971875 0.103125
0 0.021875 0.0 0.340625 0.0 0.340625 0.190625 0.021875 0.190625
0 0.846875 0.309375 1.0 0.309375 1.0 0.578125 0.846875 0.578125
0 0.571875 0.0 0.803125 0.0 0.803125 0.203125 0.571875 0.203125
0 0.009375 0.209375 0.265625 0.209375 0.265625 0.478125 0.009375 0.478125
0 0.0 0.446875 0.140625 0.446875 0.140625 0.690625 0.0 0.690625
0 0.0 0.446875 0.053125 0.446875 0.053125 0.528125 0.0 0.528125
0 0.146875 0.646875 0.390625 0.646875 0.390625 0.878125 0.146875 0.878125
0 0.0 0.896875 0.040625 0.896875 0.040625 0.940625 0.0 0.940625
0 0.334375 0.721875 0.553125 0.721875 0.553125 0.953125 0.334375 0.953125
0 0.096875 0.359375 0.340625 0.359375 0.340625 0.615625 0.096875 0.615625
0 0.684375 0.121875 0.928125 0.121875 0.928125 0.390625 0.684375 0.390625
0 0.909375 0.259375 1.0 0.259375 1.0 0.353125 0.909375 0.353125
0 0.671875 0.384375 0.928125 0.384375 0.928125 0.640625 0.671875 0.640625
0 0.546875 0.246875 0.778125 0.246875 0.778125 0.503125 0.546875 0.503125
0 0.709375 0.771875 0.953125 0.771875 0.953125 1.0 0.709375 1.0
