0 0.646875 0.259375 1.0 0.259375 1.0 0.740625 0.646875 0.740625
0 0.971875 0.584375 1.0 0.584375 1.0 0.628125 0.971875 0.628125
0 0.459375 0.0 0.715625 0.0 0.715625 0.240625 0.459375 0.240625
0 0.034375 0.846875 0.278125 0.846875 0.278125 1.0 0.034375 1.0
0 0.071875 0.321875 0.353125 0.321875 0.353125 0.603125 0.071875 0.603125
0 0.196875 0.896875 0.265625 0.896875 0.265625 1.0 0.196875 1.0
0 0.884375 0.784375 1.0 0.784375 1.0 0.978125 0.884375 0.978125
0 0.184375 0.959375 0.303125 0.959375 0.303125 1.0 0.184375 1.0
0 0.696875 0.0 0.915625 0.0 0.915625 0.153125 0.696875 0.153125
0 0.396875 0.796875 0.765625 0.796875 0.765625 1.0 0.396875 1.0
0 0.971875 0.984375 1.0 0.984375 1.0 1.0 0.971875 1.0
