0 0.709375 0.396875 1.0 0.396875 1.0 0.665625 0.709375 0.665625
0 0.909375 0.384375 1.0 0.384375 1.0 0.715625 0.909375 0.715625
0 0.159375 0.446875 0.590625 0.446875 0.590625 0.790625 0.159375 0.790625
0 0.221875 0.096875 0.540625 0.096875 0.540625 0.353125 0.221875 0.353125
0 0.509375 0.0 0.978125 0.0 0.978125 0.415625 0.509375 0.415625
0 0.0 0.071875 0.253125 0.071875 0.253125 0.415625 0.0 0.415625
0 0.509375 0.259375 0.765625 0.259375 0.765625 0.528125 0.509375 0.528125
0 0.371875 0.221875 0.590625 0.221875 0.590625 0.528125 0.371875 0.528125
0 0.696875 0.834375 1.0 0.834375 1.0 1.0 0.696875 1.0
0 0.984375 0.771875 1.0 0.771875 1.0 0.815625 0.984375 0.815625
0 0.496875 0.746875 0.728125 0.746875 0.728125 0.940625 0.496875 0.940625
0 0.071875 0.334375 0.278125 0.334375 0.278125 0.515625 0.071875 0.515625
0 0.0 0.021875 0.053125 0.021875 0.053125 0.190625 0.0 0.190625
0 0.959375 0.121875 1.0 0.121875 1.0 0.240625 0.959375 0.240625
0 0.271875 0.0 0.540625 0.0 0.540625 0.140625 0.271875 0.140625
0 0.0 0.459375 0.203125 0.459375 0.203125 0.728125 0.0 0.728125
0 0.0 0.471875 0.053125 0.471875 0.053125 0.553125 0.0 0.553125
