0 0.409375 0.0 0.678125 0.0 0.678125 0.203125 0.409375 0.203125
0 0.0 0.184375 0.090625 0.184375 0.090625 0.353125 0.0 0.353125
0 0.034375 0.284375 0.190625 0.284375 0.190625 0.540625 0.034375 0.540625
0 0.296875 0.171875 0.628125 0.171875 0.628125 0.453125 0.296875 0.453125
0 0.034375 0.921875 0.228125 0.921875 0.228125 1.0 0.034375 1.0
0 0.0 0.0 0.115625 0.0 0.115625 0.203125 0.0 0.203125
0 0.109375 0.309375 0.415625 0.309375 0.415625 0.590625 0.109375 0.590625
0 0.821875 0.884375 1.0 0.884375 1.0 1.0 0.821875 1.0
0 0.834375 0.546875 1.0 0.546875 1.0 0.840625 0.834375 0.840625
0 0.259375 0.521875 0.490625 0.521875 0.490625 0.740625 0.259375 0.740625
0 0.559375 0.496875 0.765625 0.496875 0.765625 0.740625 0.559375 0.740625
0 0.159375 0.109375 0.353125 0.109375 0.353125 0.278125 0.159375 0.278125
0 0.609375 0.809375 0.840625 0.809375 0.840625 1.0 0.609375 1.0
0 0.121875 0.0 0.390625 0.0 0.390625 0.178125 0.121875 0.178125
0 0.734375 0.409375 0.965625 0.409375 0.965625 0.653125 0.734375 0.653125
0 0.846875 0.0 1.0 0.0 1.0 0.290625 0.846875 0.290625
0 0.421875 0.446875 0.640625 0.446875 0.640625 0.690625 0.421875 0.690625
0 0.0 0.796875 0.115625 0.796875 0.115625 1.0 0.0 1.0
0 0.0 0.296875 0.078125 0.296875 0.078125 0.478125 0.0 0.478125
