0 0.521875 0.0 0.815625 0.0 0.815625 0.165625 0.521875 0.165625
0 0.884375 0.934375 1.0 0.934375 1.0 1.0 0.884375 1.0
0 0.759375 0.0 1.0 0.0 1.0 0.290625 0.759375 0.290625
0 0.346875 0.271875 0.565625 0.271875 0.565625 0.515625 0.346875 0.515625
0 0.084375 0.846875 0.328125 0.846875 0.328125 1.0 0.084375 1.0
0 0.0 0.409375 0.315625 0.409375 0.315625 0.740625 0.0 0.740625
0 0.471875 0.234375 0.765625 0.234375 0.765625 0.565625 0.471875 0.565625
0 0.0 0.421875 0.040625 0.421875 0.040625 0.628125 0.0 0.628125
0 0.296875 0.484375 0.603125 0.484375 0.603125 0.728125 0.296875 0.728125
0 0.384375 0.634375 0.615625 0.634375 0.615625 0.928125 0.384375 0.928125
0 0.259375 0.846875 0.553125 0.846875 0.553125 1.0 0.259375 1.0
0 0.334375 0.0 0.628125 0.0 0.628125 0.215625 0.334375 0.215625
0 0.096875 0.234375 0.278125 0.234375 0.278125 0.415625 0.096875 0.415625
0 0.0 0.946875 0.040625 0.946875 0.040625 1.0 0.0 1.0
0 0.896875 0.221875 1.0 0.221875 1.0 0.478125 0.896875 0.478125
0 0.0 0.209375 0.178125 0.209375 0.178125 0.478125 0.0 0.478125
0 0.684375 0.484375 0.965625 0.484375 0.965625 0.753125 0.684375 0.753125
0 0.259375 0.646875 0.453125 0.646875 0.453125 0.815625 0.259375 0.815625
0 0.259375 0.784375 0.440625 0.784375 0.440625 0.953125 0.259375 0.953125
0 0.909375 0.671875 1.0 0.671875 1.0 0.815625 0.909375 0.815625
0 0.159375 0.721875 0.328125 0.721875 0.328125 0.928125 0.159375 0.928125
