0 0.571875 0.771875 0.803125 0.771875 0.803125 1.0 0.571875 1.0
0 0.159375 0.0 0.378125 0.0 0.378125 0.190625 0.159375 0.190625
0 0.859375 0.496875 1.0 0.496875 1.0 0.790625 0.859375 0.790625
0 0.571875 0.234375 0.828125 0.234375 0.828125 0.515625 0.571875 0.515625
0 0.0 0.659375 0.215625 0.659375 0.215625 0.840625 0.0 0.840625
0 0.746875 0.459375 0.990625 0.459375 0.990625 0.690625 0.746875 0.690625
0 0.734375 0.721875 1.0 0.721875 1.0 1.0 0.734375 1.0
0 0.0 0.609375 0.140625 0.609375 0.140625 0.828125 0.0 0.828125
0 0.821875 0.384375 1.0 0.384375 1.0 0.553125 0.821875 0.553125
0 0.459375 0.221875 0.653125 0.221875 0.653125 0.440625 0.459375 0.440625
0 0.821875 0.984375 0.853125 0.984375 0.853125 1.0 0.821875 1.0
0 0.459375 0.909375 0.678125 0.909375 0.678125 1.0 0.459375 1.0
0 0.0 0.146875 0.165625 0.146875 0.165625 0.403125 0.0 0.403125
0 0.134375 0.146875 0.378125 0.146875 0.378125 0.353125 0.134375 0.353125
0 0.284375 0.321875 0.428125 0.321875 0.428125 0.490625 0.284375 0.490625
0 0.0 0.296875 0.015625 0.296875 0.015625 0.328125 0.0 0.328125
0 0.646875 0.0 0.853125 0.0 0.853125 0.140625 0.646875 0.140625
0 0.521875 0.0 0.715625 0.0 0.715625 0.153125 0.521875 0.153125
0 0.0 0.321875 0.165625 0.321875 0.165625 0.540625 0.0 0.540625
0 0.309375 0.971875 0.378125 0.971875 0.378125 1.0 0.309375 1.0
0 0.846875 0.059375 1.0 0.059375 1.0 0.315625 0.846875 0.315625
0 0.196875 0.659375 0.428125 0.659375 0.428125 0.878125 0.196875 0.878125
0 0.0 0.0 0.178125 0.0 0.178125 0.178125 0.0 0.178125
0 0.971875 0.796875 1.0 0.796875 1.0 0.828125 0.971875 0.828125
0 0.509375 0.159375 0.703125 0.159375 0.703125 0.315625 0.509375 0.315625
