0 0.671875 0.696875 0.953125 0.696875 0.953125 1.0 0.671875 1.0
0 0.109375 0.721875 0.390625 0.721875 0.390625 1.0 0.109375 1.0
0 0.771875 0.571875 1.0 0.571875 1.0 0.790625 0.771875 0.790625
0 0.959375 0.634375 1.0 0.634375 1.0 0.715625 0.959375 0.715625
0 0.946875 0.534375 1.0 0.534375 1.0 0.615625 0.946875 0.615625
0 0.759375 0.084375 1.0 0.084375 1.0 0.353125 0.759375 0.353125
0 0.0 0.559375 0.053125 0.559375 0.053125 0.615625 0.0 0.615625
0 0.0 0.796875 0.053125 0.796875 0.053125 0.928125 0.0 0.928125
0 0.559375 0.0 0.803125 0.0 0.803125 0.228125 0.559375 0.228125
0 0.509375 0.371875 0.778125 0.371875 0.778125 0.603125 0.509375 0.603125
0 0.121875 0.971875 0.165625 0.971875 0.165625 1.0 0.121875 1.0
0 0.959375 0.059375 1.0 0.059375 1.0 0.103125 0.959375 0.103125
0 0.859375 0.134375 1.0 0.134375 1.0 0.465625 0.859375 0.465625
0 0.371875 0.109375 0.665625 0.109375 0.665625 0.403125 0.371875 0.403125
0 0.334375 0.509375 0.503125 0.509375 0.503125 0.665625 0.334375 0.665625
0 0.471875 0.896875 0.690625 0.896875 0.690625 1.0 0.471875 1.0
0 0.046875 0.446875 0.228125 0.446875 0.228125 0.615625 0.046875 0.615625
0 0.446875 0.546875 0.715625 0.546875 0.715625 0.790625 0.446875 0.790625
0 0.571875 0.434375 0.778125 0.434375 0.778125 0.665625 0.571875 0.665625
0 0.109375 0.0 0.340625 0.0 0.340625 0.253125 0.109375 0.253125
0 0.0 0.896875 0.103125 0.896875 0.103125 1.0 0.0 1.0
0 0.909375 0.721875 1.0 0.721875 1.0 0.903125 0.909375 0.903125
