0 0.0 0.896875 0.253125 0.896875 0.253125 1.0 0.0 1.0
0 0.546875 0.746875 0.803125 0.746875 0.803125 1.0 0.546875 1.0
0 0.434375 0.321875 0.728125 0.321875 0.728125 0.590625 0.434375 0.590625
0 0.846875 0.321875 1.0 0.321875 1.0 0.603125 0.846875 0.603125
0 0.796875 0.0 1.0 0.0 1.0 0.290625 0.796875 0.290625
0 0.646875 0.959375 0.715625 0.959375 0.715625 1.0 0.646875 1.0
0 0.609375 0.559375 0.953125 0.559375 0.953125 0.853125 0.609375 0.853125
0 0.0 0.384375 0.215625 0.384375 0.215625 0.678125 0.0 0.678125
0 0.334375 0.246875 0.628125 0.246875 0.628125 0.528125 0.334375 0.528125
0 0.934375 0.259375 1.0 0.259375 1.0 0.365625 0.934375 0.365625
0 0.334375 0.959375 0.415625 0.959375 0.415625 1.0 0.334375 1.0
0 0.934375 0.896875 1.0 0.896875 1.0 1.0 0.934375 1.0
0 0.634375 0.234375 0.890625 0.234375 0.890625 0.503125 0.634375 0.503125
0 0.634375 0.0 0.915625 0.0 0.915625 0.140625 0.634375 0.140625
0 0.0 0.796875 0.115625 0.796875 0.115625 1.0 0.0 1.0
0 0.409375 0.896875 0.678125 0.896875 0.678125 1.0 0.409375 1.0
