0 0.359375 0.221875 0.690625 0.221875 0.690625 0.540625 0.359375 0.540625
0 0.0 0.259375 0.265625 0.259375 0.265625 0.640625 0.0 0.640625
0 0.496875 0.659375 0.828125 0.659375 0.828125 0.865625 0.496875 0.865625
0 0.334375 0.284375 0.640625 0.284375 0.640625 0.603125 0.334375 0.603125
0 0.0 0.0 0.265625 0.0 0.265625 0.240625 0.0 0.240625
0 0.534375 0.259375 0.815625 0.259375 0.815625 0.590625 0.534375 0.590625
0 0.621875 0.396875 0.978125 0.396875 0.978125 0.678125 0.621875 0.678125
0 0.271875 0.0 0.540625 0.0 0.540625 0.278125 0.271875 0.278125
0 0.0 0.796875 0.153125 0.796875 0.153125 1.0 0.0 1.0
0 0.684375 0.984375 0.715625 0.984375 0.715625 1.0 0.684375 1.0
0 0.0 0.909375 0.115625 0.909375 0.115625 1.0 0.0 1.0
0 0.621875 0.746875 0.890625 0.746875 0.890625 1.0 0.621875 1.0
0 0.934375 0.796875 1.0 0.796875 1.0 0.903125 0.934375 0.903125
0 0.246875 0.921875 0.465625 0.921875 0.465625 1.0 0.246875 1.0
0 0.171875 0.771875 0.440625 0.771875 0.440625 1.0 0.171875 1.0
0 0.171875 0.571875 0.440625 0.571875 0.440625 0.803125 0.171875 0.803125
0 0.096875 0.734375 0.278125 0.734375 0.278125 0.965625 0.096875 0.965625
0 0.446875 0.971875 0.553125 0.971875 0.553125 1.0 0.446875 1.0
0 0.234375 0.321875 0.415625 0.321875 0.415625 0.565625 0.234375 0.565625
