0 0.459375 0.0 0.653125 0.0 0.653125 0.215625 0.459375 0.215625
0 0.246875 0.196875 0.503125 0.196875 0.503125 0.478125 0.246875 0.478125
0 0.0 0.796875 0.253125 0.796875 0.253125 1.0 0.0 1.0
0 0.196875 0.184375 0.378125 0.184375 0.378125 0.390625 0.196875 0.390625
0 0.0 0.0 0.190625 0.0 0.190625 0.178125 0.0 0.178125
0 0.709375 0.984375 0.740625 0.984375 0.740625 1.0 0.709375 1.0
0 0.409375 0.584375 0.665625 0.584375 0.665625 0.853125 0.409375 0.853125
0 0.796875 0.834375 1.0 0.834375 1.0 1.0 0.796875 1.0
0 0.384375 0.096875 0.590625 0.096875 0.590625 0.303125 0.384375 0.303125
0 0.596875 0.446875 0.790625 0.446875 0.790625 0.653125 0.596875 0.653125
0 0.171875 0.484375 0.365625 0.484375 0.365625 0.678125 0.171875 0.678125
0 0.246875 0.984375 0.278125 0.984375 0.278125 1.0 0.246875 1.0
0 0.046875 0.334375 0.240625 0.334375 0.240625 0.503125 0.046875 0.503125
0 0.0 0.534375 0.153125 0.534375 0.153125 0.715625 0.0 0.715625
0 0.0 0.621875 0.028125 0.621875 0.028125 0.665625 0.0 0.665625
0 0.984375 0.696875 1.0 0.696875 1.0 0.715625 0.984375 0.715625
0 0.909375 0.734375 1.0 0.734375 1.0 0.953125 0.909375 0.953125
0 0.696875 0.0 0.940625 0.0 0.940625 0.278125 0.696875 0.278125
