0 0.509375 0.096875 0.803125 0.096875 0.803125 0.328125 0.509375 0.328125
0 0.0 0.196875 0.090625 0.196875 0.090625 0.403125 0.0 0.403125
0 0.121875 0.0 0.328125 0.0 0.328125 0.203125 0.121875 0.203125
0 0.596875 0.0 0.890625 0.0 0.890625 0.240625 0.596875 0.240625
0 0.0 0.934375 0.165625 0.934375 0.165625 1.0 0.0 1.0
0 0.296875 0.359375 0.553125 0.359375 0.553125 0.628125 0.296875 0.628125
0 0.971875 0.171875 1.0 0.171875 1.0 0.190625 0.971875 0.190625
0 0.396875 0.0 0.640625 0.0 0.640625 0.215625 0.396875 0.215625
0 0.921875 0.046875 1.0 0.046875 1.0 0.290625 0.921875 0.290625
0 0.946875 0.709375 1.0 0.709375 1.0 0.853125 0.946875 0.853125
0 0.0 0.759375 0.228125 0.759375 0.228125 0.965625 0.0 0.965625
0 0.221875 0.184375 0.415625 0.184375 0.415625 0.403125 0.221875 0.403125
0 0.371875 0.859375 0.540625 0.859375 0.540625 1.0 0.371875 1.0
0 0.509375 0.571875 0.665625 0.571875 0.665625 0.765625 0.509375 0.765625
0 0.771875 0.371875 1.0 0.371875 1.0 0.628125 0.771875 0.628125
0 0.409375 0.234375 0.628125 0.234375 0.628125 0.453125 0.409375 0.453125
0 0.0 0.671875 0.215625 0.671875 0.215625 0.878125 0.0 0.878125
0 0.746875 0.671875 0.965625 0.671875 0.965625 0.915625 0.746875 0.915625
0 0.071875 0.0 0.228125 0.0 0.228125 0.190625 0.071875 0.190625
