0 0.684375 0.346875 0.928125 0.346875 0.928125 0.628125 0.684375 0.628125
0 0.034375 0.509375 0.240625 0.509375 0.240625 0.703125 0.034375 0.703125
0 0.721875 0.196875 0.940625 0.196875 0.940625 0.390625 0.721875 0.390625
0 0.034375 0.359375 0.278125 0.359375 0.278125 0.628125 0.034375 0.628125
0 0.046875 0.809375 0.290625 0.809375 0.290625 1.0 0.046875 1.0
0 0.909375 0.371875 1.0 0.371875 1.0 0.565625 0.909375 0.565625
0 0.821875 0.709375 1.0 0.709375 1.0 0.965625 0.821875 0.965625
0 0.0 0.521875 0.053125 0.521875 0.053125 0.740625 0.0 0.740625
0 0.159375 0.971875 0.328125 0.971875 0.328125 1.0 0.159375 1.0
0 0.0 0.709375 0.040625 0.709375 0.040625 0.790625 0.0 0.790625
0 0.634375 0.021875 0.803125 0.021875 0.803125 0.165625 0.634375 0.165625
0 0.0 0.0 0.078125 0.0 0.078125 0.128125 0.0 0.128125
0 0.384375 0.571875 0.565625 0.571875 0.565625 0.740625 0.384375 0.740625
0 0.434375 0.0 0.615625 0.0 0.615625 0.165625 0.434375 0.165625
0 0.884375 0.0 1.0 0.0 1.0 0.203125 0.884375 0.203125
0 0.284375 0.171875 0.503125 0.171875 0.503125 0.428125 0.284375 0.428125
0 0.746875 0.0 0.953125 0.0 0.953125 0.190625 0.746875 0.190625
0 0.0 0.671875 0.178125 0.671875 0.178125 0.853125 0.0 0.853125
0 0.609375 0.946875 0.765625 0.946875 0.765625 1.0 0.609375 1.0
0 0.471875 0.284375 0.690625 0.284375 0.690625 0.515625 0.471875 0.515625
