0 0.609375 0.109375 0.965625 0.109375 0.965625 0.503125 0.609375 0.503125
0 0.721875 0.646875 1.0 0.646875 1.0 0.928125 0.721875 0.928125
0 0.721875 0.471875 0.965625 0.471875 0.965625 0.715625 0.721875 0.715625
0 0.809375 0.0 1.0 0.0 1.0 0.140625 0.809375 0.140625
0 0.021875 0.746875 0.253125 0.746875 0.253125 0.928125 0.021875 0.928125
0 0.171875 0.471875 0.403125 0.471875 0.403125 0.678125 0.171875 0.678125
0 0.921875 0.546875 1.0 0.546875 1.0 0.740625 0.921875 0.740625
0 0.346875 0.009375 0.553125 0.009375 0.553125 0.240625 0.346875 0.240625
0 0.746875 0.221875 0.928125 0.221875 0.928125 0.490625 0.746875 0.490625
0 0.521875 0.534375 0.765625 0.534375 0.765625 0.803125 0.521875 0.803125
0 0.221875 0.246875 0.490625 0.246875 0.490625 0.540625 0.221875 0.540625
