0 0.859375 0.721875 1.0 0.721875 1.0 1.0 0.859375 1.0
0 0.821875 0.359375 1.0 0.359375 1.0 0.628125 0.821875 0.628125
0 0.0 0.046875 0.265625 0.046875 0.265625 0.353125 0.0 0.353125
0 0.671875 0.634375 0.965625 0.634375 0.965625 1.0 0.671875 1.0
0 0.959375 0.384375 1.0 0.384375 1.0 0.515625 0.959375 0.515625
0 0.184375 0.234375 0.465625 0.234375 0.465625 0.528125 0.184375 0.528125
0 0.546875 0.421875 0.840625 0.421875 0.840625 0.740625 0.546875 0.740625
0 0.046875 0.0 0.278125 0.0 0.278125 0.153125 0.046875 0.153125
0 0.721875 0.984375 0.753125 0.984375 0.753125 1.0 0.721875 1.0
0 0.284375 0.396875 0.565625 0.396875 0.565625 0.690625 0.284375 0.690625
