0 0.271875 0.0 0.490625 0.0 0.490625 0.203125 0.271875 0.203125
0 0.646875 0.671875 0.915625 0.671875 0.915625 1.0 0.646875 1.0
0 0.046875 0.684375 0.315625 0.684375 0.315625 0.928125 0.046875 0.928125
0 0.434375 0.0 0.628125 0.0 0.628125 0.128125 0.434375 0.128125
0 0.609375 0.0 0.890625 0.0 0.890625 0.153125 0.609375 0.153125
0 0.0 0.334375 0.253125 0.334375 0.253125 0.678125 0.0 0.678125
0 0.421875 0.034375 0.665625 0.034375 0.665625 0.265625 0.421875 0.265625
0 0.0 0.259375 0.090625 0.259375 0.090625 0.490625 0.0 0.490625
0 0.259375 0.809375 0.503125 0.809375 0.503125 1.0 0.259375 1.0
0 0.821875 0.721875 1.0 0.721875 1.0 0.978125 0.821875 0.978125
0 0.646875 0.221875 0.840625 0.221875 0.840625 0.428125 0.646875 0.428125
0 0.709375 0.259375 1.0 0.259375 1.0 0.578125 0.709375 0.578125
0 0.371875 0.271875 0.690625 0.271875 0.690625 0.540625 0.371875 0.540625
0 0.746875 0.884375 0.978125 0.884375 0.978125 1.0 0.746875 1.0
0 0.146875 0.334375 0.403125 0.334375 0.403125 0.540625 0.146875 0.540625
0 0.846875 0.509375 1.0 0.509375 1.0 0.765625 0.846875 0.765625
0 0.496875 0.0 0.703125 0.0 0.703125 0.190625 0.496875 0.190625
0 0.196875 0.396875 0.415625 0.396875 0.415625 0.603125 0.196875 0.603125
0 0.0 0.684375 0.065625 0.684375 0.065625 0.790625 0.0 0.790625
0 0.709375 0.084375 0.928125 0.084375 0.928125 0.315625 0.709375 0.315625
0 0.0 0.784375 0.128125 0.784375 0.128125 1.0 0.0 1.0
