0 0.196875 0.0 0.378125 0.0 0.378125 0.128125 0.196875 0.128125
0 0.146875 0.434375 0.440625 0.434375 0.440625 0.740625 0.146875 0.740625
0 0.846875 0.421875 1.0 0.421875 1.0 0.665625 0.846875 0.665625
0 0.984375 0.459375 1.0 0.459375 1.0 0.503125 0.984375 0.503125
0 0.859375 0.134375 1.0 0.134375 1.0 0.365625 0.859375 0.365625
0 0.0 0.709375 0.040625 0.709375 0.040625 0.840625 0.0 0.840625
0 0.259375 0.671875 0.465625 0.671875 0.465625 0.840625 0.259375 0.840625
0 0.346875 0.721875 0.590625 0.721875 0.590625 0.903125 0.346875 0.903125
0 0.309375 0.834375 0.565625 0.834375 0.565625 1.0 0.309375 1.0
0 0.221875 0.171875 0.428125 0.171875 0.428125 0.378125 0.221875 0.378125
0 0.784375 0.709375 1.0 0.709375 1.0 0.965625 0.784375 0.965625
0 0.0 0.909375 0.028125 0.909375 0.028125 1.0 0.0 1.0
0 0.459375 0.296875 0.653125 0.296875 0.653125 0.465625 0.459375 0.465625
0 0.421875 0.209375 0.603125 0.209375 0.603125 0.378125 0.421875 0.378125
0 0.0 0.446875 0.053125 0.446875 0.053125 0.565625 0.0 0.565625
0 0.721875 0.559375 0.890625 0.559375 0.890625 0.790625 0.721875 0.790625
0 0.409375 0.659375 0.615625 0.659375 0.615625 0.840625 0.409375 0.840625
0 0.559375 0.496875 0.778125 0.496875 0.778125 0.728125 0.559375 0.728125
0 0.134375 0.984375 0.153125 0.984375 0.153125 1.0 0.134375 1.0
0 0.509375 0.959375 0.653125 0.959375 0.653125 1.0 0.509375 1.0
0 0.959375 0.171875 1.0 0.171875 1.0 0.303125 0.959375 0.303125
0 0.096875 0.696875 0.328125 0.696875 0.328125 0.903125 0.096875 0.903125
