0 0.659375 0.759375 0.965625 0.759375 0.965625 1.0 0.659375 1.0
0 0.896875 0.909375 1.0 0.909375 1.0 1.0 0.896875 1.0
0 0.346875 0.159375 0.728125 0.159375 0.728125 0.540625 0.346875 0.540625
0 0.684375 0.334375 1.0 0.334375 1.0 0.665625 0.684375 0.665625
0 0.209375 0.984375 0.265625 0.984375 0.265625 1.0 0.209375 1.0
0 0.371875 0.421875 0.703125 0.421875 0.703125 0.765625 0.371875 0.765625
0 0.171875 0.784375 0.540625 0.784375 0.540625 1.0 0.171875 1.0
0 0.409375 0.696875 0.703125 0.696875 0.703125 0.965625 0.409375 0.965625
0 0.534375 0.0 0.753125 0.0 0.753125 0.115625 0.534375 0.115625
0 0.0 0.296875 0.053125 0.296875 0.053125 0.415625 0.0 0.415625
0 0.759375 0.159375 1.0 0.159375 1.0 0.428125 0.759375 0.428125
0 0.571875 0.846875 0.853125 0.846875 0.853125 1.0 0.571875 1.0
0 0.284375 0.571875 0.553125 0.571875 0.553125 0.828125 0.284375 0.828125
