0 0.509375 0.0 0.828125 0.0 0.828125 0.190625 0.509375 0.190625
0 0.409375 0.746875 0.828125 0.746875 0.828125 1.0 0.409375 1.0
0 0.396875 0.621875 0.715625 0.621875 0.715625 0.803125 0.396875 0.803125
0 0.721875 0.634375 1.0 0.634375 1.0 0.965625 0.721875 0.965625
0 0.259375 0.759375 0.490625 0.759375 0.490625 0.990625 0.259375 0.990625
0 0.784375 0.171875 1.0 0.171875 1.0 0.515625 0.784375 0.515625
0 0.0 0.259375 0.153125 0.259375 0.153125 0.565625 0.0 0.565625
0 0.971875 0.946875 1.0 0.946875 1.0 1.0 0.971875 1.0
0 0.409375 0.421875 0.653125 0.421875 0.653125 0.653125 0.409375 0.653125
0 0.984375 0.634375 1.0 0.634375 1.0 0.665625 0.984375 0.665625
0 0.821875 0.0 1.0 0.0 1.0 0.240625 0.821875 0.240625
