0 0.0 0.846875 0.240625 0.846875 0.240625 1.0 0.0 1.0
0 0.071875 0.296875 0.378125 0.296875 0.378125 0.515625 0.071875 0.515625
0 0.496875 0.221875 0.703125 0.221875 0.703125 0.465625 0.496875 0.465625
0 0.971875 0.684375 1.0 0.684375 1.0 0.728125 0.971875 0.728125
0 0.609375 0.346875 0.853125 0.346875 0.853125 0.590625 0.609375 0.590625
0 0.309375 0.446875 0.565625 0.446875 0.565625 0.703125 0.309375 0.703125
0 0.521875 0.421875 0.715625 0.421875 0.715625 0.590625 0.521875 0.590625
0 0.684375 0.121875 0.840625 0.121875 0.840625 0.303125 0.684375 0.303125
0 0.0 0.0 0.040625 0.0 0.040625 0.115625 0.0 0.115625
0 0.0 0.459375 0.078125 0.459375 0.078125 0.628125 0.0 0.628125
0 0.0 0.921875 0.040625 0.921875 0.040625 1.0 0.0 1.0
0 0.046875 0.759375 0.240625 0.759375 0.240625 0.928125 0.046875 0.928125
0 0.021875 0.184375 0.178125 0.184375 0.178125 0.390625 0.021875 0.390625
0 0.146875 0.159375 0.353125 0.159375 0.353125 0.353125 0.146875 0.353125
0 0.359375 0.734375 0.540625 0.734375 0.540625 0.978125 0.359375 0.978125
0 0.046875 0.584375 0.290625 0.584375 0.290625 0.778125 0.046875 0.778125
0 0.596875 0.0 0.828125 0.0 0.828125 0.128125 0.596875 0.128125
0 0.246875 0.734375 0.428125 0.734375 0.428125 0.965625 0.246875 0.965625
0 0.596875 0.221875 0.778125 0.221875 0.778125 0.403125 0.596875 0.403125
