0 0.771875 0.746875 1.0 0.746875 1.0 0.990625 0.771875 0.990625
0 0.159375 0.0 0.390625 0.0 0.390625 0.128125 0.159375 0.128125
0 0.309375 0.0 0.528125 0.0 0.528125 0.265625 0.309375 0.265625
0 0.0 0.634375 0.128125 0.634375 0.128125 0.803125 0.0 0.803125
0 0.946875 0.259375 1.0 0.259375 1.0 0.403125 0.946875 0.403125
0 0.0 0.146875 0.165625 0.146875 0.165625 0.378125 0.0 0.378125
0 0.971875 0.121875 1.0 0.121875 1.0 0.153125 0.971875 0.153125
0 0.0 0.559375 0.053125 0.559375 0.053125 0.678125 0.0 0.678125
0 0.696875 0.959375 0.803125 0.959375 0.803125 1.0 0.696875 1.0
0 0.196875 0.409375 0.440625 0.409375 0.440625 0.653125 0.196875 0.653125
