0 0.371875 0.0 0.715625 0.0 0.715625 0.353125 0.371875 0.353125
0 0.671875 0.296875 1.0 0.296875 1.0 0.590625 0.671875 0.590625
0 0.734375 0.109375 0.978125 0.109375 0.978125 0.390625 0.734375 0.390625
0 0.0 0.259375 0.115625 0.259375 0.115625 0.478125 0.0 0.478125
0 0.334375 0.534375 0.653125 0.534375 0.653125 0.915625 0.334375 0.915625
0 0.221875 0.484375 0.465625 0.484375 0.465625 0.765625 0.221875 0.765625
0 0.0 0.821875 0.028125 0.821875 0.028125 0.890625 0.0 0.890625
0 0.846875 0.0 1.0 0.0 1.0 0.290625 0.846875 0.290625
0 0.896875 0.759375 1.0 0.759375 1.0 1.0 0.896875 1.0
0 0.446875 0.346875 0.628125 0.346875 0.628125 0.603125 0.446875 0.603125
0 0.071875 0.621875 0.353125 0.621875 0.353125 0.853125 0.071875 0.853125
0 0.909375 0.421875 1.0 0.421875 1.0 0.690625 0.909375 0.690625
0 0.0 0.446875 0.240625 0.446875 0.240625 0.703125 0.0 0.703125
0 0.571875 0.434375 0.803125 0.434375 0.803125 0.715625 0.571875 0.715625
0 0.721875 0.821875 0.890625 0.821875 0.890625 1.0 0.721875 1.0
0 0.621875 0.821875 0.865625 0.821875 0.865625 0.990625 0.621875 0.990625
0 0.0 0.059375 0.228125 0.059375 0.228125 0.315625 0.0 0.315625
0 0.021875 0.0 0.278125 0.0 0.278125 0.190625 0.021875 0.190625
0 0.984375 0.396875 1.0 0.396875 1.0 0.428125 0.984375 0.428125
0 0.221875 0.371875 0.440625 0.371875 0.440625 0.565625 0.221875 0.565625
0 0.484375 0.296875 0.703125 0.296875 0.703125 0.528125 0.484375 0.528125
0 0.059375 0.784375 0.328125 0.784375 0.328125 1.0 0.059375 1.0
