0 0.259375 0.846875 0.478125 0.846875 0.478125 1.0 0.259375 1.0
0 0.0 0.671875 0.115625 0.671875 0.115625 1.0 0.0 1.0
0 0.534375 0.521875 0.878125 0.521875 0.878125 0.753125 0.534375 0.753125
0 0.921875 0.796875 1.0 0.796875 1.0 0.903125 0.921875 0.903125
0 0.859375 0.034375 1.0 0.034375 1.0 0.278125 0.859375 0.278125
0 0.721875 0.546875 1.0 0.546875 1.0 0.765625 0.721875 0.765625
0 0.446875 0.696875 0.765625 0.696875 0.765625 1.0 0.446875 1.0
0 0.0 0.534375 0.128125 0.534375 0.128125 0.728125 0.0 0.728125
0 0.684375 0.684375 0.978125 0.684375 0.978125 0.965625 0.684375 0.965625
0 0.221875 0.296875 0.553125 0.296875 0.553125 0.640625 0.221875 0.640625
0 0.0 0.359375 0.015625 0.359375 0.015625 0.403125 0.0 0.403125
0 0.0 0.121875 0.115625 0.121875 0.115625 0.328125 0.0 0.328125
0 0.071875 0.0 0.278125 0.0 0.278125 0.153125 0.071875 0.153125
0 0.384375 0.221875 0.565625 0.221875 0.565625 0.390625 0.384375 0.390625
0 0.546875 0.271875 0.828125 0.271875 0.828125 0.515625 0.546875 0.515625
0 0.946875 0.959375 1.0 0.959375 1.0 1.0 0.946875 1.0
0 0.009375 0.696875 0.278125 0.696875 0.278125 0.915625 0.009375 0.915625
0 0.934375 0.396875 1.0 0.396875 1.0 0.453125 0.934375 0.453125
0 0.834375 0.446875 1.0 0.446875 1.0 0.703125 0.834375 0.703125
0 0.171875 0.571875 0.428125 0.571875 0.428125 0.828125 0.171875 0.828125
0 0.471875 0.384375 0.728125 0.384375 0.728125 0.640625 0.471875 0.640625
