0 0.0 0.246875 0.015625 0.246875 0.015625 0.278125 0.0 0.278125
0 0.559375 0.0 0.853125 0.0 0.853125 0.240625 0.559375 0.240625
0 0.109375 0.071875 0.415625 0.071875 0.415625 0.378125 0.109375 0.378125
0 0.484375 0.0 0.703125 0.0 0.703125 0.240625 0.484375 0.240625
0 0.184375 0.346875 0.515625 0.346875 0.515625 0.653125 0.184375 0.653125
0 0.346875 0.096875 0.653125 0.096875 0.653125 0.453125 0.346875 0.453125
0 0.034375 0.634375 0.365625 0.634375 0.365625 0.940625 0.034375 0.940625
0 0.521875 0.334375 0.790625 0.334375 0.790625 0.603125 0.521875 0.603125
0 0.309375 0.696875 0.640625 0.696875 0.640625 0.990625 0.309375 0.990625
0 0.0 0.971875 0.053125 0.971875 0.053125 1.0 0.0 1.0
0 0.571875 0.534375 0.765625 0.534375 0.765625 0.740625 0.571875 0.740625
0 0.0 0.459375 0.190625 0.459375 0.190625 0.665625 0.0 0.665625
0 0.184375 0.534375 0.390625 0.534375 0.390625 0.715625 0.184375 0.715625
0 0.234375 0.884375 0.478125 0.884375 0.478125 1.0 0.234375 1.0
0 0.734375 0.396875 1.0 0.396875 1.0 0.703125 0.734375 0.703125
0 0.559375 0.196875 0.728125 0.196875 0.728125 0.440625 0.559375 0.440625
0 0.646875 0.184375 0.840625 0.184375 0.840625 0.415625 0.646875 0.415625
0 0.784375 0.009375 0.978125 0.009375 0.978125 0.328125 0.784375 0.328125
