0 0.0 0.621875 0.215625 0.621875 0.215625 0.965625 0.0 0.965625
0 0.434375 0.971875 0.465625 0.971875 0.465625 1.0 0.434375 1.0
0 0.946875 0.871875 1.0 0.871875 1.0 1.0 0.946875 1.0
0 0.0 0.884375 0.028125 0.884375 0.028125 0.953125 0.0 0.953125
0 0.496875 0.796875 0.765625 0.796875 0.765625 1.0 0.496875 1.0
0 0.809375 0.309375 1.0 0.309375 1.0 0.553125 0.809375 0.553125
0 0.0 0.646875 0.015625 0.646875 0.015625 0.678125 0.0 0.678125
0 0.559375 0.634375 0.778125 0.634375 0.778125 0.853125 0.559375 0.853125
0 0.371875 0.371875 0.540625 0.371875 0.540625 0.565625 0.371875 0.565625
0 0.184375 0.0 0.353125 0.0 0.353125 0.153125 0.184375 0.153125
0 0.259375 0.646875 0.415625 0.646875 0.415625 0.878125 0.259375 0.878125
0 0.321875 0.784375 0.515625 0.784375 0.515625 1.0 0.321875 1.0
