0 0.0 0.696875 0.090625 0.696875 0.090625 0.928125 0.0 0.928125
0 0.0 0.621875 0.015625 0.621875 0.015625 0.653125 0.0 0.653125
0 0.359375 0.171875 0.515625 0.171875 0.515625 0.353125 0.359375 0.353125
0 0.159375 0.0 0.428125 0.0 0.428125 0.203125 0.159375 0.203125
0 0.771875 0.246875 1.0 0.246875 1.0 0.503125 0.771875 0.503125
0 0.809375 0.409375 1.0 0.409375 1.0 0.640625 0.809375 0.640625
0 0.696875 0.546875 0.965625 0.546875 0.965625 0.840625 0.696875 0.840625
0 0.934375 0.0 1.0 0.0 1.0 0.065625 0.934375 0.065625
0 0.0 0.209375 0.228125 0.209375 0.228125 0.453125 0.0 0.453125
0 0.696875 0.159375 0.940625 0.159375 0.940625 0.340625 0.696875 0.340625
0 0.0 0.0 0.153125 0.0 0.153125 0.128125 0.0 0.128125
0 0.671875 0.734375 0.903125 0.734375 0.903125 0.928125 0.671875 0.928125
0 0.334375 0.884375 0.540625 0.884375 0.540625 1.0 0.334375 1.0
0 0.0 0.171875 0.040625 0.171875 0.040625 0.290625 0.0 0.290625
0 0.571875 0.309375 0.765625 0.309375 0.765625 0.453125 0.571875 0.453125
0 0.534375 0.634375 0.653125 0.634375 0.653125 0.828125 0.534375 0.828125
0 0.234375 0.146875 0.428125 0.146875 0.428125 0.415625 0.234375 0.415625
0 0.171875 0.784375 0.403125 0.784375 0.403125 1.0 0.171875 1.0
0 0.634375 0.0 0.878125 0.0 0.878125 0.165625 0.634375 0.165625
0 0.584375 0.484375 0.803125 0.484375 0.803125 0.665625 0.584375 0.665625
0 0.959375 0.159375 1.0 0.159375 1.0 0.253125 0.959375 0.253125
0 0.959375 0.409375 1.0 0.409375 1.0 0.503125 0.959375 0.503125
0 0.971875 0.909375 1.0 0.909375 1.0 0.953125 0.971875 0.953125
0 0.196875 0.459375 0.415625 0.459375 0.415625 0.703125 0.196875 0.703125
0 0.659375 0.371875 0.865625 0.371875 0.865625 0.540625 0.659375 0.540625
0 0.059375 0.346875 0.290625 0.346875 0.290625 0.603125 0.059375 0.603125
0 0.009375 0.746875 0.228125 0.746875 0.228125 0.940625 0.009375 0.940625
0 0.446875 0.071875 0.628125 0.071875 0.628125 0.328125 0.446875 0.328125
