0 0.471875 0.721875 0.728125 0.721875 0.728125 1.0 0.471875 1.0
0 0.784375 0.009375 1.0 0.009375 1.0 0.228125 0.784375 0.228125
0 0.109375 0.0 0.390625 0.0 0.390625 0.278125 0.109375 0.278125
0 0.421875 0.146875 0.728125 0.146875 0.728125 0.440625 0.421875 0.440625
0 0.971875 0.859375 1.0 0.859375 1.0 0.915625 0.971875 0.915625
0 0.846875 0.434375 1.0 0.434375 1.0 0.678125 0.846875 0.678125
0 0.184375 0.346875 0.378125 0.346875 0.378125 0.553125 0.184375 0.553125
0 0.109375 0.0 0.403125 0.0 0.403125 0.278125 0.109375 0.278125
0 0.746875 0.009375 1.0 0.009375 1.0 0.315625 0.746875 0.315625
0 0.796875 0.959375 0.878125 0.959375 0.878125 1.0 0.796875 1.0
0 0.846875 0.884375 1.0 0.884375 1.0 1.0 0.846875 1.0
0 0.0 0.909375 0.015625 0.909375 0.015625 0.953125 0.0 0.953125
0 0.421875 0.159375 0.678125 0.159375 0.678125 0.490625 0.421875 0.490625
