0 0.134375 0.884375 0.315625 0.884375 0.315625 1.0 0.134375 1.0
0 0.421875 0.671875 0.715625 0.671875 0.715625 1.0 0.421875 1.0
0 0.209375 0.696875 0.578125 0.696875 0.578125 1.0 0.209375 1.0
0 0.0 0.0 0.190625 0.0 0.190625 0.278125 0.0 0.278125
0 0.746875 0.0 1.0 0.0 1.0 0.265625 0.746875 0.265625
0 0.0 0.446875 0.215625 0.446875 0.215625 0.778125 0.0 0.778125
0 0.946875 0.134375 1.0 0.134375 1.0 0.215625 0.946875 0.215625
0 0.0 0.859375 0.128125 0.859375 0.128125 1.0 0.0 1.0
0 0.871875 0.709375 1.0 0.709375 1.0 0.953125 0.871875 0.953125
0 0.0 0.771875 0.190625 0.771875 0.190625 0.940625 0.0 0.940625
0 0.321875 0.421875 0.590625 0.421875 0.590625 0.615625 0.321875 0.615625
0 0.296875 0.159375 0.603125 0.159375 0.603125 0.503125 0.296875 0.503125
