0 0.946875 0.971875 1.0 0.971875 1.0 1.0 0.946875 1.0
0 0.346875 0.0 0.565625 0.0 0.565625 0.153125 0.346875 0.153125
0 0.734375 0.196875 1.0 0.196875 1.0 0.478125 0.734375 0.478125
0 0.871875 0.484375 1.0 0.484375 1.0 0.765625 0.871875 0.765625
0 0.284375 0.0 0.628125 0.0 0.628125 0.115625 0.284375 0.115625
0 0.246875 0.921875 0.440625 0.921875 0.440625 1.0 0.246875 1.0
0 0.984375 0.296875 1.0 0.296875 1.0 0.328125 0.984375 0.328125
0 0.0 0.809375 0.228125 0.809375 0.228125 0.990625 0.0 0.990625
0 0.0 0.946875 0.028125 0.946875 0.028125 0.990625 0.0 0.990625
0 0.321875 0.071875 0.578125 0.071875 0.578125 0.440625 0.321875 0.440625
0 0.634375 0.959375 0.678125 0.959375 0.678125 1.0 0.634375 1.0
0 0.034375 0.921875 0.253125 0.921875 0.253125 1.0 0.034375 1.0
0 0.0 0.459375 0.040625 0.459375 0.040625 0.503125 0.0 0.503125
0 0.521875 0.059375 0.765625 0.059375 0.765625 0.365625 0.521875 0.365625
0 0.346875 0.421875 0.628125 0.421875 0.628125 0.728125 0.346875 0.728125
0 0.271875 0.509375 0.540625 0.509375 0.540625 0.790625 0.271875 0.790625
