0 0.071875 0.271875 0.315625 0.271875 0.315625 0.515625 0.071875 0.515625
0 0.0 0.0 0.253125 0.0 0.253125 0.265625 0.0 0.265625
0 0.446875 0.009375 0.640625 0.009375 0.640625 0.315625 0.446875 0.315625
0 0.821875 0.846875 1.0 0.846875 1.0 1.0 0.821875 1.0
0 0.859375 0.234375 1.0 0.234375 1.0 0.515625 0.859375 0.515625
0 0.296875 0.271875 0.540625 0.271875 0.540625 0.565625 0.296875 0.565625
0 0.871875 0.471875 1.0 0.471875 1.0 0.640625 0.871875 0.640625
0 0.234375 0.796875 0.465625 0.796875 0.465625 0.978125 0.234375 0.978125
0 0.0 0.659375 0.140625 0.659375 0.140625 0.840625 0.0 0.840625
0 0.0 0.284375 0.015625 0.284375 0.015625 0.328125 0.0 0.328125
0 0.546875 0.446875 0.765625 0.446875 0.765625 0.665625 0.546875 0.665625
0 0.846875 0.659375 1.0 0.659375 1.0 0.890625 0.846875 0.890625
0 0.421875 0.346875 0.628125 0.346875 0.628125 0.628125 0.421875 0.628125
0 0.359375 0.096875 0.553125 0.096875 0.553125 0.315625 0.359375 0.315625
0 0.959375 0.121875 1.0 0.121875 1.0 0.190625 0.959375 0.190625
0 0.721875 0.746875 0.940625 0.746875 0.940625 0.965625 0.721875 0.965625
0 0.946875 0.234375 1.0 0.234375 1.0 0.290625 0.946875 0.290625
0 0.521875 0.0 0.765625 0.0 0.765625 0.153125 0.521875 0.153125
0 0.621875 0.596875 0.890625 0.596875 0.890625 0.803125 0.621875 0.803125
0 0.671875 0.021875 0.865625 0.021875 0.865625 0.303125 0.671875 0.303125
0 0.384375 0.696875 0.628125 0.696875 0.628125 0.940625 0.384375 0.940625
0 0.809375 0.0 1.0 0.0 1.0 0.290625 0.809375 0.290625
