0 0.796875 0.821875 1.0 0.821875 1.0 1.0 0.796875 1.0
0 0.071875 0.046875 0.315625 0.046875 0.315625 0.365625 0.071875 0.365625
0 0.846875 0.0 1.0 0.0 1.0 0.140625 0.846875 0.140625
0 0.709375 0.046875 0.965625 0.046875 0.965625 0.265625 0.709375 0.265625
0 0.796875 0.921875 0.940625 0.921875 0.940625 1.0 0.796875 1.0
0 0.646875 0.121875 0.840625 0.121875 0.840625 0.340625 0.646875 0.340625
0 0.0 0.0 0.203125 0.0 0.203125 0.178125 0.0 0.178125
0 0.146875 0.271875 0.403125 0.271875 0.403125 0.503125 0.146875 0.503125
0 0.0 0.659375 0.128125 0.659375 0.128125 0.928125 0.0 0.928125
0 0.559375 0.0 0.790625 0.0 0.790625 0.178125 0.559375 0.178125
0 0.0 0.334375 0.015625 0.334375 0.015625 0.365625 0.0 0.365625
0 0.184375 0.446875 0.440625 0.446875 0.440625 0.653125 0.184375 0.653125
0 0.0 0.871875 0.053125 0.871875 0.053125 1.0 0.0 1.0
0 0.246875 0.0 0.478125 0.0 0.478125 0.265625 0.246875 0.265625
0 0.346875 0.584375 0.528125 0.584375 0.528125 0.753125 0.346875 0.753125
0 0.409375 0.309375 0.615625 0.309375 0.615625 0.503125 0.409375 0.503125
0 0.921875 0.746875 1.0 0.746875 1.0 0.928125 0.921875 0.928125
0 0.484375 0.846875 0.653125 0.846875 0.653125 1.0 0.484375 1.0
0 0.884375 0.496875 1.0 0.496875 1.0 0.703125 0.884375 0.703125
0 0.0 0.146875 0.090625 0.146875 0.090625 0.353125 0.0 0.353125
0 0.984375 0.271875 1.0 0.271875 1.0 0.290625 0.984375 0.290625
0 0.571875 0.671875 0.790625 0.671875 0.790625 0.890625 0.571875 0.890625
0 0.221875 0.621875 0.453125 0.621875 0.453125 0.853125 0.221875 0.853125
0 0.584375 0.921875 0.765625 0.921875 0.765625 1.0 0.584375 1.0
0 0.0 0.309375 0.203125 0.309375 0.203125 0.565625 0.0 0.565625
