0 0.0 0.971875 0.015625 0.971875 0.015625 1.0 0.0 1.0
0 0.734375 0.271875 0.978125 0.271875 0.978125 0.553125 0.734375 0.553125
0 0.946875 0.209375 1.0 0.209375 1.0 0.415625 0.946875 0.415625
0 0.0 0.484375 0.103125 0.484375 0.103125 0.640625 0.0 0.640625
0 0.721875 0.684375 0.990625 0.684375 0.990625 0.978125 0.721875 0.978125
0 0.0 0.509375 0.240625 0.509375 0.240625 0.765625 0.0 0.765625
0 0.321875 0.259375 0.528125 0.259375 0.528125 0.465625 0.321875 0.465625
0 0.121875 0.471875 0.315625 0.471875 0.315625 0.665625 0.121875 0.665625
0 0.0 0.309375 0.128125 0.309375 0.128125 0.540625 0.0 0.540625
0 0.984375 0.646875 1.0 0.646875 1.0 0.678125 0.984375 0.678125
0 0.596875 0.134375 0.853125 0.134375 0.853125 0.403125 0.596875 0.403125
0 0.359375 0.0 0.628125 0.0 0.628125 0.290625 0.359375 0.290625
