0 0.246875 0.646875 0.540625 0.646875 0.540625 0.928125 0.246875 0.928125
0 0.0 0.771875 0.203125 0.771875 0.203125 1.0 0.0 1.0
0 0.0 0.796875 0.028125 0.796875 0.028125 0.840625 0.0 0.840625
0 0.584375 0.0 0.840625 0.0 0.840625 0.265625 0.584375 0.265625
0 0.0 0.534375 0.140625 0.534375 0.140625 0.765625 0.0 0.765625
0 0.821875 0.071875 1.0 0.071875 1.0 0.353125 0.821875 0.353125
0 0.346875 0.396875 0.590625 0.396875 0.590625 0.615625 0.346875 0.615625
0 0.984375 0.296875 1.0 0.296875 1.0 0.315625 0.984375 0.315625
0 0.409375 0.521875 0.615625 0.521875 0.615625 0.715625 0.409375 0.715625
0 0.634375 0.046875 0.840625 0.046875 0.840625 0.365625 0.634375 0.365625
0 0.309375 0.984375 0.340625 0.984375 0.340625 1.0 0.309375 1.0
0 0.009375 0.109375 0.303125 0.109375 0.303125 0.415625 0.009375 0.415625
0 0.146875 0.571875 0.365625 0.571875 0.365625 0.803125 0.146875 0.803125
0 0.0 0.409375 0.015625 0.409375 0.015625 0.440625 0.0 0.440625
