0 0.071875 0.884375 0.390625 0.884375 0.390625 1.0 0.071875 1.0
0 0.671875 0.0 0.965625 0.0 0.965625 0.340625 0.671875 0.340625
0 0.334375 0.559375 0.640625 0.559375 0.640625 0.878125 0.334375 0.878125
0 0.0 0.734375 0.128125 0.734375 0.128125 1.0 0.0 1.0
0 0.534375 0.446875 0.840625 0.446875 0.840625 0.753125 0.534375 0.753125
0 0.646875 0.384375 0.878125 0.384375 0.878125 0.603125 0.646875 0.603125
0 0.409375 0.0 0.615625 0.0 0.615625 0.203125 0.409375 0.203125
0 0.196875 0.346875 0.440625 0.346875 0.440625 0.540625 0.196875 0.540625
0 0.0 0.459375 0.015625 0.459375 0.015625 0.478125 0.0 0.478125
0 0.959375 0.384375 1.0 0.384375 1.0 0.415625 0.959375 0.415625
0 0.821875 0.896875 1.0 0.896875 1.0 1.0 0.821875 1.0
