0 0.184375 0.0 0.440625 0.0 0.440625 0.190625 0.184375 0.190625
0 0.384375 0.409375 0.678125 0.409375 0.678125 0.678125 0.384375 0.678125
0 0.771875 0.546875 1.0 0.546875 1.0 0.790625 0.771875 0.790625
0 0.421875 0.921875 0.640625 0.921875 0.640625 1.0 0.421875 1.0
0 0.496875 0.746875 0.703125 0.746875 0.703125 0.940625 0.496875 0.940625
0 0.634375 0.971875 0.703125 0.971875 0.703125 1.0 0.634375 1.0
0 0.0 0.171875 0.053125 0.171875 0.053125 0.303125 0.0 0.303125
0 0.809375 0.684375 1.0 0.684375 1.0 0.915625 0.809375 0.915625
0 0.371875 0.146875 0.603125 0.146875 0.603125 0.340625 0.371875 0.340625
0 0.871875 0.834375 1.0 0.834375 1.0 1.0 0.871875 1.0
0 0.259375 0.209375 0.503125 0.209375 0.503125 0.453125 0.259375 0.453125
0 0.946875 0.346875 1.0 0.346875 1.0 0.415625 0.946875 0.415625
0 0.571875 0.834375 0.765625 0.834375 0.765625 1.0 0.571875 1.0
0 0.0 0.0 0.140625 0.0 0.140625 0.128125 0.0 0.128125
0 0.0 0.384375 0.190625 0.384375 0.190625 0.553125 0.0 0.553125
0 0.371875 0.059375 0.565625 0.059375 0.565625 0.290625 0.371875 0.290625
0 0.146875 0.759375 0.378125 0.759375 0.378125 0.978125 0.146875 0.978125
0 0.834375 0.384375 1.0 0.384375 1.0 0.578125 0.834375 0.578125
0 0.771875 0.234375 0.990625 0.234375 0.990625 0.465625 0.771875 0.465625
0 0.734375 0.896875 0.915625 0.896875 0.915625 1.0 0.734375 1.0
0 0.134375 0.346875 0.353125 0.346875 0.353125 0.578125 0.134375 0.578125
