0 0.971875 0.934375 1.0 0.934375 1.0 1.0 0.971875 1.0
0 0.0 0.0 0.165625 0.0 0.165625 0.365625 0.0 0.365625
0 0.0 0.259375 0.290625 0.259375 0.290625 0.690625 0.0 0.690625
0 0.0 0.021875 0.028125 0.021875 0.028125 0.078125 0.0 0.078125
0 0.459375 0.646875 0.765625 0.646875 0.765625 0.928125 0.459375 0.928125
0 0.359375 0.0 0.653125 0.0 0.653125 0.115625 0.359375 0.115625
0 0.196875 0.884375 0.440625 0.884375 0.440625 1.0 0.196875 1.0
0 0.209375 0.396875 0.378125 0.396875 0.378125 0.578125 0.209375 0.578125
0 0.0 0.646875 0.228125 0.646875 0.228125 1.0 0.0 1.0
0 0.921875 0.209375 1.0 0.209375 1.0 0.353125 0.921875 0.353125
0 0.796875 0.0 1.0 0.0 1.0 0.153125 0.796875 0.153125
