0 0.346875 0.271875 0.565625 0.271875 0.565625 0.465625 0.346875 0.465625
0 0.634375 0.696875 0.853125 0.696875 0.853125 0.890625 0.634375 0.890625
0 0.834375 0.784375 1.0 0.784375 1.0 1.0 0.834375 1.0
0 0.384375 0.709375 0.640625 0.709375 0.640625 0.953125 0.384375 0.953125
0 0.546875 0.071875 0.765625 0.071875 0.765625 0.378125 0.546875 0.378125
0 0.634375 0.784375 0.815625 0.784375 0.815625 0.990625 0.634375 0.990625
0 0.559375 0.009375 0.778125 0.009375 0.778125 0.215625 0.559375 0.215625
0 0.496875 0.434375 0.715625 0.434375 0.715625 0.678125 0.496875 0.678125
0 0.084375 0.671875 0.328125 0.671875 0.328125 0.890625 0.084375 0.890625
0 0.734375 0.909375 0.890625 0.909375 0.890625 1.0 0.734375 1.0
0 0.084375 0.484375 0.340625 0.484375 0.340625 0.703125 0.084375 0.703125
0 0.0 0.721875 0.103125 0.721875 0.103125 0.965625 0.0 0.965625
0 0.496875 0.284375 0.665625 0.284375 0.665625 0.478125 0.496875 0.478125
0 0.959375 0.421875 1.0 0.421875 1.0 0.465625 0.959375 0.465625
0 0.0 0.259375 0.065625 0.259375 0.065625 0.440625 0.0 0.440625
0 0.746875 0.009375 0.990625 0.009375 0.990625 0.265625 0.746875 0.265625
0 0.946875 0.721875 1.0 0.721875 1.0 0.878125 0.946875 0.878125
0 0.009375 0.809375 0.253125 0.809375 0.253125 1.0 0.009375 1.0
0 0.884375 0.284375 1.0 0.284375 1.0 0.428125 0.884375 0.428125
0 0.921875 0.909375 1.0 0.909375 1.0 1.0 0.921875 1.0
0 0.271875 0.746875 0.453125 0.746875 0.453125 0.953125 0.271875 0.953125
0 0.646875 0.959375 0.715625 0.959375 0.715625 1.0 0.646875 1.0
0 0.971875 0.234375 1.0 0.234375 1.0 0.278125 0.971875 0.278125
0 0.671875 0.534375 0.890625 0.534375 0.890625 0.715625 0.671875 0.715625
0 0.334375 0.434375 0.503125 0.434375 0.503125 0.653125 0.334375 0.653125
0 0.396875 0.134375 0.590625 0.134375 0.590625 0.303125 0.396875 0.303125
0 0.134375 0.0 0.340625 0.0 0.340625 0.178125 0.134375 0.178125
