0 0.0 0.446875 0.178125 0.446875 0.178125 0.740625 0.0 0.740625
0 0.871875 0.0 1.0 0.0 1.0 0.178125 0.871875 0.178125
0 0.159375 0.284375 0.528125 0.284375 0.528125 0.565625 0.159375 0.565625
0 0.359375 0.784375 0.678125 0.784375 0.678125 1.0 0.359375 1.0
0 0.646875 0.371875 0.903125 0.371875 0.903125 0.715625 0.646875 0.715625
0 0.0 0.821875 0.140625 0.821875 0.140625 1.0 0.0 1.0
0 0.709375 0.759375 1.0 0.759375 1.0 1.0 0.709375 1.0
0 0.246875 0.496875 0.528125 0.496875 0.528125 0.778125 0.246875 0.778125
0 0.096875 0.171875 0.415625 0.171875 0.415625 0.403125 0.096875 0.403125
0 0.784375 0.459375 1.0 0.459375 1.0 0.765625 0.784375 0.765625
0 0.796875 0.184375 0.990625 0.184375 0.990625 0.428125 0.796875 0.428125
0 0.809375 0.709375 1.0 0.709375 1.0 0.965625 0.809375 0.965625
0 0.009375 0.659375 0.278125 0.659375 0.278125 0.940625 0.009375 0.940625
0 0.421875 0.221875 0.653125 0.221875 0.653125 0.465625 0.421875 0.465625
0 0.446875 0.0 0.765625 0.0 0.765625 0.290625 0.446875 0.290625
0 0.109375 0.534375 0.365625 0.534375 0.365625 0.815625 0.109375 0.815625
0 0.496875 0.434375 0.715625 0.434375 0.715625 0.690625 0.496875 0.690625
