0 0.209375 0.0 0.465625 0.0 0.465625 0.228125 0.209375 0.228125
0 0.346875 0.571875 0.628125 0.571875 0.628125 0.865625 0.346875 0.865625
0 0.671875 0.571875 1.0 0.571875 1.0 1.0 0.671875 1.0
0 0.0 0.534375 0.228125 0.534375 0.228125 0.840625 0.0 0.840625
0 0.0 0.196875 0.115625 0.196875 0.115625 0.465625 0.0 0.465625
0 0.884375 0.0 1.0 0.0 1.0 0.240625 0.884375 0.240625
0 0.746875 0.0 0.953125 0.0 0.953125 0.190625 0.746875 0.190625
0 0.046875 0.059375 0.240625 0.059375 0.240625 0.278125 0.046875 0.278125
0 0.034375 0.971875 0.178125 0.971875 0.178125 1.0 0.034375 1.0
0 0.134375 0.509375 0.378125 0.509375 0.378125 0.790625 0.134375 0.790625
