0 0.0 0.771875 0.053125 0.771875 0.053125 1.0 0.0 1.0
0 0.571875 0.396875 0.890625 0.396875 0.890625 0.665625 0.571875 0.665625
0 0.484375 0.709375 0.803125 0.709375 0.803125 0.978125 0.484375 0.978125
0 0.734375 0.721875 1.0 0.721875 1.0 1.0 0.734375 1.0
0 0.859375 0.059375 1.0 0.059375 1.0 0.315625 0.859375 0.315625
0 0.684375 0.659375 0.865625 0.659375 0.865625 0.915625 0.684375 0.915625
0 0.0 0.409375 0.015625 0.409375 0.015625 0.478125 0.0 0.478125
0 0.421875 0.221875 0.640625 0.221875 0.640625 0.465625 0.421875 0.465625
0 0.359375 0.109375 0.603125 0.109375 0.603125 0.315625 0.359375 0.315625
0 0.521875 0.946875 0.740625 0.946875 0.740625 1.0 0.521875 1.0
0 0.559375 0.0 0.728125 0.0 0.728125 0.165625 0.559375 0.165625
0 0.0 0.0 0.153125 0.0 0.153125 0.190625 0.0 0.190625
0 0.934375 0.296875 1.0 0.296875 1.0 0.490625 0.934375 0.490625
0 0.184375 0.246875 0.390625 0.246875 0.390625 0.503125 0.184375 0.503125
0 0.446875 0.634375 0.653125 0.634375 0.653125 0.815625 0.446875 0.815625
0 0.096875 0.984375 0.115625 0.984375 0.115625 1.0 0.096875 1.0
