0 0.309375 0.0 0.490625 0.0 0.490625 0.240625 0.309375 0.240625
0 0.646875 0.634375 0.903125 0.634375 0.903125 0.853125 0.646875 0.853125
0 0.771875 0.471875 0.940625 0.471875 0.940625 0.640625 0.771875 0.640625
0 0.0 0.184375 0.203125 0.184375 0.203125 0.403125 0.0 0.403125
0 0.296875 0.421875 0.715625 0.421875 0.715625 0.778125 0.296875 0.778125
0 0.121875 0.0 0.328125 0.0 0.328125 0.178125 0.121875 0.178125
0 0.596875 0.396875 0.928125 0.396875 0.928125 0.665625 0.596875 0.665625
0 0.409375 0.259375 0.715625 0.259375 0.715625 0.503125 0.409375 0.503125
0 0.009375 0.0 0.278125 0.0 0.278125 0.228125 0.009375 0.228125
0 0.184375 0.0 0.365625 0.0 0.365625 0.265625 0.184375 0.265625
0 0.296875 0.696875 0.603125 0.696875 0.603125 0.965625 0.296875 0.965625
0 0.0 0.934375 0.040625 0.934375 0.040625 1.0 0.0 1.0
0 0.834375 0.721875 1.0 0.721875 1.0 0.965625 0.834375 0.965625
0 0.034375 0.921875 0.240625 0.921875 0.240625 1.0 0.034375 1.0
0 0.0 0.696875 0.053125 0.696875 0.053125 0.790625 0.0 0.790625
0 0.359375 0.021875 0.615625 0.021875 0.615625 0.340625 0.359375 0.340625
0 0.0 0.959375 0.065625 0.959375 0.065625 1.0 0.0 1.0
0 0.0 0.0 0.165625 0.0 0.165625 0.203125 0.0 0.203125
