0 0.0 0.721875 0.378125 0.721875 0.378125 1.0 0.0 1.0
0 0.659375 0.284375 1.0 0.284375 1.0 0.690625 0.659375 0.690625
0 0.521875 0.396875 0.865625 0.396875 0.865625 0.815625 0.521875 0.815625
0 0.0 0.0 0.128125 0.0 0.128125 0.090625 0.0 0.090625
0 0.0 0.809375 0.028125 0.809375 0.028125 0.865625 0.0 0.865625
0 0.246875 0.0 0.478125 0.0 0.478125 0.115625 0.246875 0.115625
0 0.896875 0.309375 1.0 0.309375 1.0 0.540625 0.896875 0.540625
0 0.771875 0.221875 0.953125 0.221875 0.953125 0.390625 0.771875 0.390625
0 0.0 0.309375 0.140625 0.309375 0.140625 0.603125 0.0 0.603125
0 0.359375 0.0 0.590625 0.0 0.590625 0.278125 0.359375 0.278125
0 0.0 0.434375 0.365625 0.434375 0.365625 0.753125 0.0 0.753125
0 0.084375 0.171875 0.453125 0.171875 0.453125 0.540625 0.084375 0.540625
