0 0.0 0.109375 0.090625 0.109375 0.090625 0.215625 0.0 0.215625
0 0.059375 0.209375 0.353125 0.209375 0.353125 0.553125 0.059375 0.553125
0 0.284375 0.234375 0.465625 0.234375 0.465625 0.453125 0.284375 0.453125
0 0.746875 0.134375 0.965625 0.134375 0.965625 0.340625 0.746875 0.340625
0 0.634375 0.671875 0.878125 0.671875 0.878125 0.990625 0.634375 0.990625
0 0.271875 0.409375 0.478125 0.409375 0.478125 0.653125 0.271875 0.653125
0 0.946875 0.196875 1.0 0.196875 1.0 0.353125 0.946875 0.353125
0 0.0 0.509375 0.165625 0.509375 0.165625 0.778125 0.0 0.778125
0 0.284375 0.909375 0.465625 0.909375 0.465625 1.0 0.284375 1.0
0 0.134375 0.859375 0.353125 0.859375 0.353125 1.0 0.134375 1.0
0 0.946875 0.071875 1.0 0.071875 1.0 0.215625 0.946875 0.215625
0 0.484375 0.0 0.653125 0.0 0.653125 0.178125 0.484375 0.178125
0 0.584375 0.021875 0.765625 0.021875 0.765625 0.190625 0.584375 0.190625
0 0.446875 0.471875 0.603125 0.471875 0.603125 0.640625 0.446875 0.640625
0 0.0 0.721875 0.115625 0.721875 0.115625 0.928125 0.0 0.928125
0 0.709375 0.509375 0.953125 0.509375 0.953125 0.728125 0.709375 0.728125
0 0.746875 0.284375 1.0 0.284375 1.0 0.515625 0.746875 0.515625
