0 0.884375 0.959375 1.0 0.959375 1.0 1.0 0.884375 1.0
0 0.634375 0.0 0.965625 0.0 0.965625 0.265625 0.634375 0.265625
0 0.0 0.859375 0.215625 0.859375 0.215625 1.0 0.0 1.0
0 0.746875 0.959375 0.803125 0.959375 0.803125 1.0 0.746875 1.0
0 0.0 0.259375 0.140625 0.259375 0.140625 0.528125 0.0 0.528125
0 0.071875 0.346875 0.303125 0.346875 0.303125 0.640625 0.071875 0.640625
0 0.559375 0.871875 0.790625 0.871875 0.790625 1.0 0.559375 1.0
0 0.671875 0.696875 0.953125 0.696875 0.953125 0.965625 0.671875 0.965625
0 0.584375 0.259375 0.865625 0.259375 0.865625 0.515625 0.584375 0.515625
0 0.059375 0.009375 0.328125 0.009375 0.328125 0.278125 0.059375 0.278125
0 0.171875 0.321875 0.403125 0.321875 0.403125 0.528125 0.171875 0.528125
0 0.946875 0.884375 1.0 0.884375 1.0 1.0 0.946875 1.0
0 0.484375 0.371875 0.715625 0.371875 0.715625 0.603125 0.484375 0.603125
0 0.021875 0.546875 0.240625 0.546875 0.240625 0.740625 0.021875 0.740625
0 0.496875 0.621875 0.740625 0.621875 0.740625 0.828125 0.496875 0.828125
0 0.0 0.521875 0.015625 0.521875 0.015625 0.540625 0.0 0.540625
0 0.0 0.621875 0.140625 0.621875 0.140625 0.828125 0.0 0.828125
