0 0.284375 0.921875 0.578125 0.921875 0.578125 1.0 0.284375 1.0
0 0.184375 0.096875 0.528125 0.096875 0.528125 0.428125 0.184375 0.428125
0 0.946875 0.734375 1.0 0.734375 1.0 0.915625 0.946875 0.915625
0 0.859375 0.259375 1.0 0.259375 1.0 0.565625 0.859375 0.565625
0 0.096875 0.0 0.328125 0.0 0.328125 0.203125 0.096875 0.203125
0 0.234375 0.684375 0.578125 0.684375 0.578125 0.990625 0.234375 0.990625
0 0.709375 0.884375 0.878125 0.884375 0.878125 1.0 0.709375 1.0
0 0.021875 0.846875 0.215625 0.846875 0.215625 1.0 0.021875 1.0
0 0.0 0.346875 0.190625 0.346875 0.190625 0.678125 0.0 0.678125
0 0.471875 0.146875 0.740625 0.146875 0.740625 0.490625 0.471875 0.490625
0 0.346875 0.034375 0.590625 0.034375 0.590625 0.328125 0.346875 0.328125
