0 0.446875 0.0 0.678125 0.0 0.678125 0.278125 0.446875 0.278125
0 0.196875 0.734375 0.528125 0.734375 0.528125 1.0 0.196875 1.0
0 0.0 0.646875 0.365625 0.646875 0.365625 1.0 0.0 1.0
0 0.171875 0.184375 0.453125 0.184375 0.453125 0.553125 0.171875 0.553125
0 0.134375 0.084375 0.415625 0.084375 0.415625 0.390625 0.134375 0.390625
0 0.0 0.184375 0.228125 0.184375 0.228125 0.515625 0.0 0.515625
0 0.434375 0.371875 0.728125 0.371875 0.728125 0.740625 0.434375 0.740625
0 0.971875 0.009375 1.0 0.009375 1.0 0.078125 0.971875 0.078125
0 0.309375 0.459375 0.528125 0.459375 0.528125 0.678125 0.309375 0.678125
0 0.496875 0.696875 0.828125 0.696875 0.828125 1.0 0.496875 1.0
0 0.609375 0.396875 0.903125 0.396875 0.903125 0.678125 0.609375 0.678125
0 0.0 0.709375 0.040625 0.709375 0.040625 0.903125 0.0 0.903125
0 0.334375 0.0 0.565625 0.0 0.565625 0.153125 0.334375 0.153125
0 0.734375 0.496875 0.965625 0.496875 0.965625 0.815625 0.734375 0.815625
