0 0.459375 0.934375 0.540625 0.934375 0.540625 1.0 0.459375 1.0
0 0.971875 0.884375 1.0 0.884375 1.0 0.940625 0.971875 0.940625
0 0.471875 0.959375 0.515625 0.959375 0.515625 1.0 0.471875 1.0
0 0.659375 0.934375 0.915625 0.934375 0.915625 1.0 0.659375 1.0
0 0.284375 0.196875 0.578125 0.196875 0.578125 0.503125 0.284375 0.503125
0 0.646875 0.384375 0.915625 0.384375 0.915625 0.690625 0.646875 0.690625
0 0.034375 0.896875 0.265625 0.896875 0.265625 1.0 0.034375 1.0
0 0.846875 0.121875 1.0 0.121875 1.0 0.353125 0.846875 0.353125
0 0.0 0.071875 0.128125 0.071875 0.128125 0.340625 0.0 0.340625
0 0.0 0.634375 0.190625 0.634375 0.190625 0.915625 0.0 0.915625
0 0.684375 0.709375 0.953125 0.709375 0.953125 0.965625 0.684375 0.965625
0 0.421875 0.0 0.665625 0.0 0.665625 0.178125 0.421875 0.178125
0 0.0 0.859375 0.240625 0.859375 0.240625 1.0 0.0 1.0
0 0.809375 0.321875 1.0 0.321875 1.0 0.503125 0.809375 0.503125
0 0.646875 0.046875 0.828125 0.046875 0.828125 0.215625 0.646875 0.215625
0 0.809375 0.159375 1.0 0.159375 1.0 0.453125 0.809375 0.453125
0 0.396875 0.159375 0.603125 0.159375 0.603125 0.478125 0.396875 0.478125
0 0.146875 0.0 0.403125 0.0 0.403125 0.253125 0.146875 0.253125
0 0.509375 0.071875 0.715625 0.071875 0.715625 0.328125 0.509375 0.328125
0 0.221875 0.871875 0.428125 0.871875 0.428125 1.0 0.221875 1.0
0 0.584375 0.184375 0.815625 0.184375 0.815625 0.440625 0.584375 0.440625
