0 0.346875 0.0 0.690625 0.0 0.690625 0.303125 0.346875 0.303125
0 0.071875 0.971875 0.165625 0.971875 0.165625 1.0 0.071875 1.0
0 0.334375 0.071875 0.815625 0.071875 0.815625 0.478125 0.334375 0.478125
0 0.334375 0.0 0.653125 0.0 0.653125 0.165625 0.334375 0.165625
0 0.134375 0.734375 0.340625 0.734375 0.340625 0.940625 0.134375 0.940625
0 0.0 0.509375 0.153125 0.509375 0.153125 0.853125 0.0 0.853125
0 0.409375 0.409375 0.565625 0.409375 0.565625 0.603125 0.409375 0.603125
0 0.884375 0.0 1.0 0.0 1.0 0.115625 0.884375 0.115625
0 0.646875 0.0 1.0 0.0 1.0 0.378125 0.646875 0.378125
0 0.984375 0.209375 1.0 0.209375 1.0 0.253125 0.984375 0.253125
0 0.0 0.759375 0.278125 0.759375 0.278125 1.0 0.0 1.0
0 0.634375 0.896875 0.890625 0.896875 0.890625 1.0 0.634375 1.0
0 0.859375 0.234375 1.0 0.234375 1.0 0.415625 0.859375 0.415625
0 0.384375 0.846875 0.678125 0.846875 0.678125 1.0 0.384375 1.0
0 0.084375 0.471875 0.415625 0.471875 0.415625 0.778125 0.084375 0.778125
0 0.0 0.284375 0.190625 0.284375 0.190625 0.553125 0.0 0.553125
0 0.071875 0.221875 0.353125 0.221875 0.353125 0.503125 0.071875 0.503125
0 0.0 0.321875 0.040625 0.321875 0.040625 0.390625 0.0 0.390625
0 0.909375 0.446875 1.0 0.446875 1.0 0.603125 0.909375 0.603125
0 0.134375 0.071875 0.415625 0.071875 0.415625 0.340625 0.134375 0.340625
