0 0.409375 0.0 0.678125 0.0 0.678125 0.253125 0.409375 0.253125
0 0.546875 0.021875 0.915625 0.021875 0.915625 0.365625 0.546875 0.365625
0 0.396875 0.209375 0.615625 0.209375 0.615625 0.528125 0.396875 0.528125
0 0.784375 0.809375 1.0 0.809375 1.0 1.0 0.784375 1.0
0 0.0 0.771875 0.203125 0.771875 0.203125 1.0 0.0 1.0
0 0.159375 0.309375 0.403125 0.309375 0.403125 0.540625 0.159375 0.540625
0 0.0 0.021875 0.178125 0.021875 0.178125 0.253125 0.0 0.253125
0 0.646875 0.0 0.940625 0.0 0.940625 0.178125 0.646875 0.178125
0 0.071875 0.184375 0.353125 0.184375 0.353125 0.465625 0.071875 0.465625
0 0.284375 0.209375 0.453125 0.209375 0.453125 0.428125 0.284375 0.428125
0 0.971875 0.746875 1.0 0.746875 1.0 0.840625 0.971875 0.840625
0 0.871875 0.484375 1.0 0.484375 1.0 0.728125 0.871875 0.728125
0 0.0 0.159375 0.090625 0.159375 0.090625 0.403125 0.0 0.403125
0 0.0 0.596875 0.215625 0.596875 0.215625 0.815625 0.0 0.815625
