0 0.0 0.846875 0.128125 0.846875 0.128125 1.0 0.0 1.0
0 0.509375 0.659375 0.815625 0.659375 0.815625 0.990625 0.509375 0.990625
0 0.0 0.271875 0.215625 0.271875 0.215625 0.553125 0.0 0.553125
0 0.309375 0.946875 0.403125 0.946875 0.403125 1.0 0.309375 1.0
0 0.371875 0.0 0.615625 0.0 0.615625 0.115625 0.371875 0.115625
0 0.159375 0.746875 0.365625 0.746875 0.365625 0.978125 0.159375 0.978125
0 0.359375 0.146875 0.640625 0.146875 0.640625 0.428125 0.359375 0.428125
0 0.846875 0.559375 1.0 0.559375 1.0 0.840625 0.846875 0.840625
0 0.284375 0.646875 0.515625 0.646875 0.515625 0.915625 0.284375 0.915625
0 0.059375 0.834375 0.228125 0.834375 0.228125 1.0 0.059375 1.0
