0 0.0 0.909375 0.053125 0.909375 0.053125 1.0 0.0 1.0
0 0.909375 0.959375 1.0 0.959375 1.0 1.0 0.909375 1.0
0 0.621875 0.0 0.978125 0.0 0.978125 0.353125 0.621875 0.353125
0 0.0 0.246875 0.290625 0.246875 0.290625 0.603125 0.0 0.603125
0 0.0 0.509375 0.253125 0.509375 0.253125 0.853125 0.0 0.853125
0 0.084375 0.134375 0.265625 0.134375 0.265625 0.340625 0.084375 0.340625
0 0.434375 0.159375 0.715625 0.159375 0.715625 0.378125 0.434375 0.378125
0 0.159375 0.721875 0.415625 0.721875 0.415625 0.915625 0.159375 0.915625
0 0.184375 0.0 0.478125 0.0 0.478125 0.215625 0.184375 0.215625
0 0.034375 0.896875 0.340625 0.896875 0.340625 1.0 0.034375 1.0
0 0.184375 0.134375 0.503125 0.134375 0.503125 0.490625 0.184375 0.490625
