0 0.759375 0.0 1.0 0.0 1.0 0.165625 0.759375 0.165625
0 0.0 0.0 0.253125 0.0 0.253125 0.265625 0.0 0.265625
0 0.471875 0.821875 0.853125 0.821875 0.853125 1.0 0.471875 1.0
0 0.0 0.734375 0.203125 0.734375 0.203125 1.0 0.0 1.0
0 0.034375 0.834375 0.128125 0.834375 0.128125 0.953125 0.034375 0.953125
0 0.821875 0.871875 0.965625 0.871875 0.965625 1.0 0.821875 1.0
0 0.559375 0.634375 1.0 0.634375 1.0 1.0 0.559375 1.0
0 0.959375 0.671875 1.0 0.671875 1.0 0.765625 0.959375 0.765625
0 0.884375 0.109375 1.0 0.109375 1.0 0.328125 0.884375 0.328125
0 0.934375 0.896875 1.0 0.896875 1.0 1.0 0.934375 1.0
0 0.0 0.384375 0.128125 0.384375 0.128125 0.678125 0.0 0.678125
0 0.284375 0.171875 0.515625 0.171875 0.515625 0.453125 0.284375 0.453125
0 0.246875 0.484375 0.540625 0.484375 0.540625 0.790625 0.246875 0.790625
0 0.609375 0.246875 0.903125 0.246875 0.903125 0.578125 0.609375 0.578125
