0 0.371875 0.571875 0.640625 0.571875 0.640625 0.878125 0.371875 0.878125
0 0.446875 0.246875 0.728125 0.246875 0.728125 0.528125 0.446875 0.528125
0 0.721875 0.496875 1.0 0.496875 1.0 0.765625 0.721875 0.765625
0 0.584375 0.671875 0.728125 0.671875 0.728125 0.903125 0.584375 0.903125
0 0.0 0.0 0.165625 0.0 0.165625 0.178125 0.0 0.178125
0 0.959375 0.446875 1.0 0.446875 1.0 0.515625 0.959375 0.515625
0 0.134375 0.521875 0.378125 0.521875 0.378125 0.753125 0.134375 0.753125
0 0.309375 0.209375 0.503125 0.209375 0.503125 0.415625 0.309375 0.415625
0 0.359375 0.096875 0.640625 0.096875 0.640625 0.265625 0.359375 0.265625
0 0.896875 0.209375 1.0 0.209375 1.0 0.415625 0.896875 0.415625
0 0.171875 0.896875 0.365625 0.896875 0.365625 1.0 0.171875 1.0
0 0.071875 0.921875 0.240625 0.921875 0.240625 1.0 0.071875 1.0
0 0.0 0.234375 0.078125 0.234375 0.078125 0.353125 0.0 0.353125
0 0.0 0.309375 0.140625 0.309375 0.140625 0.515625 0.0 0.515625
0 0.021875 0.159375 0.278125 0.159375 0.278125 0.428125 0.021875 0.428125
0 0.434375 0.184375 0.628125 0.184375 0.628125 0.378125 0.434375 0.378125
0 0.134375 0.396875 0.340625 0.396875 0.340625 0.553125 0.134375 0.553125
0 0.259375 0.0 0.503125 0.0 0.503125 0.203125 0.259375 0.203125
0 0.871875 0.0 1.0 0.0 1.0 0.128125 0.871875 0.128125
0 0.0 0.521875 0.165625 0.521875 0.165625 0.753125 0.0 0.753125
0 0.696875 0.809375 0.928125 0.809375 0.928125 1.0 0.696875 1.0
