0 0.659375 0.084375 0.865625 0.084375 0.865625 0.290625 0.659375 0.290625
0 0.821875 0.0 1.0 0.0 1.0 0.178125 0.821875 0.178125
0 0.021875 0.221875 0.228125 0.221875 0.228125 0.503125 0.021875 0.503125
0 0.0 0.071875 0.065625 0.071875 0.065625 0.228125 0.0 0.228125
0 0.0 0.946875 0.015625 0.946875 0.015625 1.0 0.0 1.0
0 0.334375 0.309375 0.490625 0.309375 0.490625 0.515625 0.334375 0.515625
0 0.596875 0.246875 0.878125 0.246875 0.878125 0.428125 0.596875 0.428125
0 0.884375 0.084375 1.0 0.084375 1.0 0.378125 0.884375 0.378125
0 0.134375 0.334375 0.353125 0.334375 0.353125 0.578125 0.134375 0.578125
0 0.134375 0.634375 0.340625 0.634375 0.340625 0.878125 0.134375 0.878125
0 0.496875 0.821875 0.728125 0.821875 0.728125 1.0 0.496875 1.0
0 0.159375 0.0 0.415625 0.0 0.415625 0.215625 0.159375 0.215625
0 0.984375 0.884375 1.0 0.884375 1.0 0.915625 0.984375 0.915625
0 0.371875 0.746875 0.540625 0.746875 0.540625 0.940625 0.371875 0.940625
0 0.946875 0.371875 1.0 0.371875 1.0 0.503125 0.946875 0.503125
0 0.484375 0.096875 0.690625 0.096875 0.690625 0.278125 0.484375 0.278125
0 0.409375 0.521875 0.603125 0.521875 0.603125 0.690625 0.409375 0.690625
0 0.421875 0.409375 0.628125 0.409375 0.628125 0.565625 0.421875 0.565625
0 0.0 0.509375 0.153125 0.509375 0.153125 0.753125 0.0 0.753125
0 0.971875 0.709375 1.0 0.709375 1.0 0.765625 0.971875 0.765625
0 0.646875 0.0 0.853125 0.0 0.853125 0.140625 0.646875 0.140625
0 0.959375 0.909375 1.0 0.909375 1.0 0.953125 0.959375 0.953125
0 0.784375 0.809375 1.0 0.809375 1.0 1.0 0.784375 1.0
0 0.671875 0.384375 0.890625 0.384375 0.890625 0.615625 0.671875 0.615625
0 0.396875 0.246875 0.565625 0.246875 0.565625 0.428125 0.396875 0.428125
0 0.246875 0.571875 0.403125 0.571875 0.403125 0.765625 0.246875 0.765625
0 0.0 0.246875 0.115625 0.246875 0.115625 0.428125 0.0 0.428125
