0 0.271875 0.009375 0.540625 0.009375 0.540625 0.253125 0.271875 0.253125
0 0.621875 0.496875 0.865625 0.496875 0.865625 0.703125 0.621875 0.703125
0 0.209375 0.084375 0.415625 0.084375 0.415625 0.340625 0.209375 0.340625
0 0.0 0.746875 0.140625 0.746875 0.140625 0.928125 0.0 0.928125
0 0.221875 0.796875 0.453125 0.796875 0.453125 1.0 0.221875 1.0
0 0.921875 0.109375 1.0 0.109375 1.0 0.315625 0.921875 0.315625
0 0.659375 0.534375 0.828125 0.534375 0.828125 0.790625 0.659375 0.790625
0 0.421875 0.921875 0.628125 0.921875 0.628125 1.0 0.421875 1.0
0 0.309375 0.321875 0.503125 0.321875 0.503125 0.590625 0.309375 0.590625
0 0.0 0.334375 0.203125 0.334375 0.203125 0.565625 0.0 0.565625
0 0.784375 0.609375 1.0 0.609375 1.0 0.840625 0.784375 0.840625
0 0.409375 0.196875 0.653125 0.196875 0.653125 0.453125 0.409375 0.453125
0 0.0 0.121875 0.215625 0.121875 0.215625 0.365625 0.0 0.365625
0 0.146875 0.0 0.353125 0.0 0.353125 0.178125 0.146875 0.178125
0 0.834375 0.946875 1.0 0.946875 1.0 1.0 0.834375 1.0
0 0.834375 0.021875 1.0 0.021875 1.0 0.240625 0.834375 0.240625
0 0.0 0.584375 0.078125 0.584375 0.078125 0.753125 0.0 0.753125
0 0.634375 0.046875 0.890625 0.046875 0.890625 0.303125 0.634375 0.303125
0 0.984375 0.984375 1.0 0.984375 1.0 1.0 0.984375 1.0
0 0.0 0.521875 0.228125 0.521875 0.228125 0.715625 0.0 0.715625
