0 0.0 0.796875 0.053125 0.796875 0.053125 0.903125 0.0 0.903125
0 0.884375 0.496875 1.0 0.496875 1.0 0.640625 0.884375 0.640625
0 0.321875 0.959375 0.390625 0.959375 0.390625 1.0 0.321875 1.0
0 0.434375 0.471875 0.678125 0.471875 0.678125 0.678125 0.434375 0.678125
0 0.759375 0.096875 1.0 0.096875 1.0 0.378125 0.759375 0.378125
0 0.459375 0.759375 0.740625 0.759375 0.740625 1.0 0.459375 1.0
0 0.984375 0.984375 1.0 0.984375 1.0 1.0 0.984375 1.0
0 0.709375 0.909375 0.990625 0.909375 0.990625 1.0 0.709375 1.0
0 0.796875 0.0 1.0 0.0 1.0 0.165625 0.796875 0.165625
0 0.909375 0.784375 1.0 0.784375 1.0 1.0 0.909375 1.0
0 0.259375 0.334375 0.565625 0.334375 0.565625 0.665625 0.259375 0.665625
0 0.146875 0.734375 0.328125 0.734375 0.328125 0.915625 0.146875 0.915625
0 0.684375 0.684375 0.890625 0.684375 0.890625 0.903125 0.684375 0.903125
0 0.0 0.009375 0.290625 0.009375 0.290625 0.403125 0.0 0.403125
0 0.0 0.984375 0.028125 0.984375 0.028125 1.0 0.0 1.0
0 0.0 0.421875 0.028125 0.421875 0.028125 0.478125 0.0 0.478125
0 0.321875 0.734375 0.590625 0.734375 0.590625 1.0 0.321875 1.0
0 0.346875 0.259375 0.603125 0.259375 0.603125 0.503125 0.346875 0.503125
0 0.496875 0.134375 0.803125 0.134375 0.803125 0.453125 0.496875 0.453125
0 0.609375 0.0 0.928125 0.0 0.928125 0.153125 0.609375 0.153125
