0 0.384375 0.534375 0.728125 0.534375 0.728125 0.840625 0.384375 0.840625
0 0.0 0.846875 0.153125 0.846875 0.153125 1.0 0.0 1.0
0 0.721875 0.684375 1.0 0.684375 1.0 1.0 0.721875 1.0
0 0.634375 0.884375 0.903125 0.884375 0.903125 1.0 0.634375 1.0
0 0.0 0.821875 0.015625 0.821875 0.015625 0.903125 0.0 0.903125
0 0.046875 0.0 0.378125 0.0 0.378125 0.365625 0.046875 0.365625
0 0.984375 0.671875 1.0 0.671875 1.0 0.703125 0.984375 0.703125
0 0.346875 0.946875 0.503125 0.946875 0.503125 1.0 0.346875 1.0
0 0.446875 0.121875 0.728125 0.121875 0.728125 0.315625 0.446875 0.315625
0 0.734375 0.521875 0.915625 0.521875 0.915625 0.740625 0.734375 0.740625
0 0.334375 0.809375 0.565625 0.809375 0.565625 1.0 0.334375 1.0
0 0.046875 0.521875 0.353125 0.521875 0.353125 0.803125 0.046875 0.803125
0 0.309375 0.321875 0.590625 0.321875 0.590625 0.603125 0.309375 0.603125
0 0.159375 0.246875 0.415625 0.246875 0.415625 0.553125 0.159375 0.553125
