0 0.0 0.746875 0.215625 0.746875 0.215625 1.0 0.0 1.0
0 0.421875 0.0 0.765625 0.0 0.765625 0.278125 0.421875 0.278125
0 0.571875 0.234375 0.728125 0.234375 0.728125 0.453125 0.571875 0.453125
0 0.0 0.621875 0.178125 0.621875 0.178125 0.965625 0.0 0.965625
0 0.259375 0.509375 0.528125 0.509375 0.528125 1.0 0.259375 1.0
0 0.109375 0.596875 0.428125 0.596875 0.428125 0.978125 0.109375 0.978125
0 0.284375 0.071875 0.528125 0.071875 0.528125 0.378125 0.284375 0.378125
0 0.859375 0.346875 1.0 0.346875 1.0 0.640625 0.859375 0.640625
0 0.0 0.246875 0.328125 0.246875 0.328125 0.540625 0.0 0.540625
0 0.884375 0.584375 1.0 0.584375 1.0 0.803125 0.884375 0.803125
0 0.0 0.0 0.265625 0.0 0.265625 0.265625 0.0 0.265625
0 0.521875 0.496875 0.778125 0.496875 0.778125 0.753125 0.521875 0.753125
0 0.0 0.509375 0.015625 0.509375 0.015625 0.553125 0.0 0.553125
0 0.471875 0.359375 0.728125 0.359375 0.728125 0.578125 0.471875 0.578125
0 0.209375 0.359375 0.453125 0.359375 0.453125 0.615625 0.209375 0.615625
