0 0.459375 0.246875 0.778125 0.246875 0.778125 0.590625 0.459375 0.590625
0 0.384375 0.784375 0.565625 0.784375 0.565625 0.978125 0.384375 0.978125
0 0.246875 0.0 0.415625 0.0 0.415625 0.228125 0.246875 0.228125
0 0.334375 0.471875 0.590625 0.471875 0.590625 0.790625 0.334375 0.790625
0 0.246875 0.459375 0.490625 0.459375 0.490625 0.740625 0.246875 0.740625
0 0.0 0.809375 0.103125 0.809375 0.103125 0.915625 0.0 0.915625
0 0.084375 0.0 0.290625 0.0 0.290625 0.228125 0.084375 0.228125
0 0.871875 0.309375 1.0 0.309375 1.0 0.503125 0.871875 0.503125
0 0.009375 0.971875 0.065625 0.971875 0.065625 1.0 0.009375 1.0
0 0.0 0.171875 0.090625 0.171875 0.090625 0.403125 0.0 0.403125
0 0.109375 0.721875 0.340625 0.721875 0.340625 0.965625 0.109375 0.965625
0 0.146875 0.859375 0.403125 0.859375 0.403125 1.0 0.146875 1.0
0 0.921875 0.471875 1.0 0.471875 1.0 0.603125 0.921875 0.603125
0 0.009375 0.346875 0.290625 0.346875 0.290625 0.603125 0.009375 0.603125
0 0.146875 0.271875 0.390625 0.271875 0.390625 0.478125 0.146875 0.478125
0 0.946875 0.584375 1.0 0.584375 1.0 0.703125 0.946875 0.703125
0 0.0 0.484375 0.015625 0.484375 0.015625 0.515625 0.0 0.515625
0 0.946875 0.121875 1.0 0.121875 1.0 0.290625 0.946875 0.290625
0 0.0 0.0 0.140625 0.0 0.140625 0.190625 0.0 0.190625
0 0.0 0.634375 0.178125 0.634375 0.178125 0.828125 0.0 0.828125
0 0.071875 0.834375 0.240625 0.834375 0.240625 1.0 0.071875 1.0
0 0.134375 0.171875 0.315625 0.171875 0.315625 0.390625 0.134375 0.390625
0 0.509375 0.759375 0.690625 0.759375 0.690625 0.940625 0.509375 0.940625
0 0.646875 0.659375 0.815625 0.659375 0.815625 0.853125 0.646875 0.853125
0 0.634375 0.421875 0.840625 0.421875 0.840625 0.653125 0.634375 0.653125
0 0.559375 0.921875 0.765625 0.921875 0.765625 1.0 0.559375 1.0
0 0.0 0.521875 0.128125 0.521875 0.128125 0.678125 0.0 0.678125
