0 0.246875 0.284375 0.553125 0.284375 0.553125 0.578125 0.246875 0.578125
0 0.0 0.0 0.015625 0.0 0.015625 0.040625 0.0 0.040625
0 0.571875 0.946875 0.665625 0.946875 0.665625 1.0 0.571875 1.0
0 0.0 0.146875 0.153125 0.146875 0.153125 0.315625 0.0 0.315625
0 0.259375 0.0 0.503125 0.0 0.503125 0.178125 0.259375 0.178125
0 0.784375 0.559375 1.0 0.559375 1.0 0.740625 0.784375 0.740625
0 0.359375 0.534375 0.590625 0.534375 0.590625 0.790625 0.359375 0.790625
0 0.0 0.559375 0.140625 0.559375 0.140625 0.840625 0.0 0.840625
0 0.234375 0.484375 0.528125 0.484375 0.528125 0.740625 0.234375 0.740625
0 0.934375 0.321875 1.0 0.321875 1.0 0.428125 0.934375 0.428125
0 0.721875 0.359375 0.978125 0.359375 0.978125 0.590625 0.721875 0.590625
0 0.809375 0.034375 1.0 0.034375 1.0 0.328125 0.809375 0.328125
0 0.246875 0.834375 0.490625 0.834375 0.490625 1.0 0.246875 1.0
0 0.096875 0.609375 0.315625 0.609375 0.315625 0.853125 0.096875 0.853125
0 0.484375 0.484375 0.715625 0.484375 0.715625 0.753125 0.484375 0.753125
0 0.0 0.471875 0.103125 0.471875 0.103125 0.615625 0.0 0.615625
0 0.459375 0.096875 0.703125 0.096875 0.703125 0.378125 0.459375 0.378125
0 0.121875 0.396875 0.340625 0.396875 0.340625 0.653125 0.121875 0.653125
0 0.446875 0.971875 0.515625 0.971875 0.515625 1.0 0.446875 1.0
0 0.859375 0.409375 1.0 0.409375 1.0 0.603125 0.859375 0.603125
0 0.659375 0.859375 0.878125 0.859375 0.878125 1.0 0.659375 1.0
