0 0.971875 0.771875 1.0 0.771875 1.0 0.803125 0.971875 0.803125
0 0.159375 0.546875 0.378125 0.546875 0.378125 0.740625 0.159375 0.740625
0 0.046875 0.171875 0.328125 0.171875 0.328125 0.453125 0.046875 0.453125
0 0.321875 0.271875 0.590625 0.271875 0.590625 0.540625 0.321875 0.540625
0 0.771875 0.0 1.0 0.0 1.0 0.128125 0.771875 0.128125
0 0.0 0.509375 0.215625 0.509375 0.215625 0.765625 0.0 0.765625
0 0.096875 0.0 0.290625 0.0 0.290625 0.153125 0.096875 0.153125
0 0.059375 0.446875 0.290625 0.446875 0.290625 0.653125 0.059375 0.653125
0 0.571875 0.459375 0.840625 0.459375 0.840625 0.703125 0.571875 0.703125
0 0.0 0.146875 0.065625 0.146875 0.065625 0.303125 0.0 0.303125
0 0.896875 0.946875 0.990625 0.946875 0.990625 1.0 0.896875 1.0
0 0.684375 0.609375 0.953125 0.609375 0.953125 0.865625 0.684375 0.865625
0 0.859375 0.034375 1.0 0.034375 1.0 0.215625 0.859375 0.215625
0 0.0 0.834375 0.240625 0.834375 0.240625 1.0 0.0 1.0
0 0.271875 0.0 0.528125 0.0 0.528125 0.215625 0.271875 0.215625
0 0.346875 0.059375 0.578125 0.059375 0.578125 0.315625 0.346875 0.315625
0 0.0 0.759375 0.053125 0.759375 0.053125 0.865625 0.0 0.865625
0 0.684375 0.321875 0.865625 0.321875 0.865625 0.528125 0.684375 0.528125
0 0.721875 0.871875 0.878125 0.871875 0.878125 1.0 0.721875 1.0
0 0.0 0.421875 0.015625 0.421875 0.015625 0.453125 0.0 0.453125
0 0.209375 0.346875 0.390625 0.346875 0.390625 0.540625 0.209375 0.540625
0 0.409375 0.909375 0.578125 0.909375 0.578125 1.0 0.409375 1.0
0 0.346875 0.521875 0.553125 0.521875 0.553125 0.753125 0.346875 0.753125
0 0.834375 0.109375 1.0 0.109375 1.0 0.365625 0.834375 0.365625
0 0.571875 0.0 0.803125 0.0 0.803125 0.165625 0.571875 0.165625
0 0.0 0.0 0.140625 0.0 0.140625 0.253125 0.0 0.253125
0 0.134375 0.759375 0.390625 0.759375 0.390625 0.978125 0.134375 0.978125
0 0.559375 0.821875 0.778125 0.821875 0.778125 1.0 0.559375 1.0
