0 0.134375 0.0 0.453125 0.0 0.453125 0.278125 0.134375 0.278125
0 0.0 0.171875 0.153125 0.171875 0.153125 0.515625 0.0 0.515625
0 0.584375 0.059375 0.853125 0.059375 0.853125 0.278125 0.584375 0.278125
0 0.221875 0.609375 0.503125 0.609375 0.503125 0.828125 0.221875 0.828125
0 0.734375 0.859375 0.940625 0.859375 0.940625 1.0 0.734375 1.0
0 0.634375 0.884375 0.840625 0.884375 0.840625 1.0 0.634375 1.0
0 0.0 0.559375 0.240625 0.559375 0.240625 0.828125 0.0 0.828125
0 0.159375 0.209375 0.415625 0.209375 0.415625 0.490625 0.159375 0.490625
0 0.159375 0.471875 0.390625 0.471875 0.390625 0.678125 0.159375 0.678125
0 0.809375 0.034375 1.0 0.034375 1.0 0.353125 0.809375 0.353125
