0 0.296875 0.371875 0.740625 0.371875 0.740625 0.753125 0.296875 0.753125
0 0.734375 0.0 1.0 0.0 1.0 0.203125 0.734375 0.203125
0 0.0 0.734375 0.053125 0.734375 0.053125 0.865625 0.0 0.865625
0 0.771875 0.659375 1.0 0.659375 1.0 0.853125 0.771875 0.853125
0 0.046875 0.946875 0.190625 0.946875 0.190625 1.0 0.046875 1.0
0 0.509375 0.0 0.803125 0.0 0.803125 0.265625 0.509375 0.265625
0 0.934375 0.096875 1.0 0.096875 1.0 0.353125 0.934375 0.353125
0 0.509375 0.709375 0.878125 0.709375 0.878125 1.0 0.509375 1.0
0 0.134375 0.709375 0.515625 0.709375 0.515625 1.0 0.134375 1.0
0 0.0 0.021875 0.065625 0.021875 0.065625 0.203125 0.0 0.203125
