0 0.646875 0.196875 0.965625 0.196875 0.965625 0.553125 0.646875 0.553125
0 0.246875 0.246875 0.528125 0.246875 0.528125 0.603125 0.246875 0.603125
0 0.0 0.484375 0.128125 0.484375 0.128125 0.715625 0.0 0.715625
0 0.0 0.209375 0.128125 0.209375 0.128125 0.428125 0.0 0.428125
0 0.759375 0.0 1.0 0.0 1.0 0.165625 0.759375 0.165625
0 0.909375 0.621875 1.0 0.621875 1.0 0.853125 0.909375 0.853125
0 0.959375 0.934375 1.0 0.934375 1.0 0.978125 0.959375 0.978125
0 0.971875 0.834375 1.0 0.834375 1.0 0.890625 0.971875 0.890625
0 0.0 0.371875 0.278125 0.371875 0.278125 0.578125 0.0 0.578125
0 0.459375 0.671875 0.640625 0.671875 0.640625 0.853125 0.459375 0.853125
0 0.484375 0.859375 0.665625 0.859375 0.665625 1.0 0.484375 1.0
0 0.659375 0.759375 0.878125 0.759375 0.878125 0.928125 0.659375 0.928125
0 0.134375 0.746875 0.340625 0.746875 0.340625 0.940625 0.134375 0.940625
0 0.134375 0.534375 0.353125 0.534375 0.353125 0.753125 0.134375 0.753125
0 0.0 0.034375 0.215625 0.034375 0.215625 0.265625 0.0 0.265625
0 0.859375 0.946875 1.0 0.946875 1.0 1.0 0.859375 1.0
