0 0.909375 0.834375 1.0 0.834375 1.0 1.0 0.909375 1.0
0 0.971875 0.359375 1.0 0.359375 1.0 0.403125 0.971875 0.403125
0 0.959375 0.296875 1.0 0.296875 1.0 0.328125 0.959375 0.328125
0 0.0 0.821875 0.015625 0.821875 0.015625 0.853125 0.0 0.853125
0 0.634375 0.646875 0.903125 0.646875 0.903125 0.903125 0.634375 0.903125
0 0.959375 0.971875 1.0 0.971875 1.0 1.0 0.959375 1.0
0 0.084375 0.946875 0.178125 0.946875 0.178125 1.0 0.084375 1.0
0 0.184375 0.546875 0.415625 0.546875 0.415625 0.853125 0.184375 0.853125
0 0.034375 0.421875 0.290625 0.421875 0.290625 0.690625 0.034375 0.690625
0 0.559375 0.184375 0.815625 0.184375 0.815625 0.478125 0.559375 0.478125
0 0.971875 0.509375 1.0 0.509375 1.0 0.553125 0.971875 0.553125
0 0.084375 0.359375 0.265625 0.359375 0.265625 0.503125 0.084375 0.503125
0 0.921875 0.696875 1.0 0.696875 1.0 0.765625 0.921875 0.765625
0 0.334375 0.759375 0.553125 0.759375 0.553125 0.953125 0.334375 0.953125
0 0.0 0.834375 0.165625 0.834375 0.165625 1.0 0.0 1.0
0 0.934375 0.646875 1.0 0.646875 1.0 0.728125 0.934375 0.728125
