0 0.0 0.234375 0.065625 0.234375 0.065625 0.378125 0.0 0.378125
0 0.721875 0.771875 1.0 0.771875 1.0 1.0 0.721875 1.0
0 0.221875 0.909375 0.515625 0.909375 0.515625 1.0 0.221875 1.0
0 0.0 0.821875 0.240625 0.821875 0.240625 1.0 0.0 1.0
0 0.059375 0.0 0.378125 0.0 0.378125 0.290625 0.059375 0.290625
0 0.421875 0.696875 0.740625 0.696875 0.740625 1.0 0.421875 1.0
0 0.0 0.284375 0.265625 0.284375 0.265625 0.653125 0.0 0.653125
0 0.559375 0.121875 0.878125 0.121875 0.878125 0.478125 0.559375 0.478125
0 0.896875 0.621875 1.0 0.621875 1.0 0.853125 0.896875 0.853125
0 0.434375 0.884375 0.678125 0.884375 0.678125 1.0 0.434375 1.0
0 0.671875 0.484375 0.978125 0.484375 0.978125 0.753125 0.671875 0.753125
