0 0.346875 0.546875 0.590625 0.546875 0.590625 0.790625 0.346875 0.790625
0 0.0 0.496875 0.078125 0.496875 0.078125 0.678125 0.0 0.678125
0 0.434375 0.546875 0.690625 0.546875 0.690625 0.790625 0.434375 0.790625
0 0.0 0.721875 0.278125 0.721875 0.278125 1.0 0.0 1.0
0 0.734375 0.784375 0.990625 0.784375 0.990625 1.0 0.734375 1.0
0 0.421875 0.971875 0.453125 0.971875 0.453125 1.0 0.421875 1.0
0 0.909375 0.246875 1.0 0.246875 1.0 0.490625 0.909375 0.490625
0 0.971875 0.096875 0.990625 0.096875 0.990625 0.128125 0.971875 0.128125
0 0.209375 0.759375 0.428125 0.759375 0.428125 1.0 0.209375 1.0
0 0.134375 0.634375 0.378125 0.634375 0.378125 0.853125 0.134375 0.853125
0 0.921875 0.871875 1.0 0.871875 1.0 1.0 0.921875 1.0
0 0.346875 0.246875 0.590625 0.246875 0.590625 0.490625 0.346875 0.490625
0 0.234375 0.346875 0.378125 0.346875 0.378125 0.553125 0.234375 0.553125
0 0.0 0.284375 0.153125 0.284375 0.153125 0.490625 0.0 0.490625
0 0.134375 0.484375 0.353125 0.484375 0.353125 0.678125 0.134375 0.678125
0 0.559375 0.684375 0.790625 0.684375 0.790625 0.928125 0.559375 0.928125
0 0.096875 0.434375 0.303125 0.434375 0.303125 0.628125 0.096875 0.628125
0 0.021875 0.971875 0.090625 0.971875 0.090625 1.0 0.021875 1.0
0 0.684375 0.284375 0.940625 0.284375 0.940625 0.540625 0.684375 0.540625
0 0.234375 0.109375 0.465625 0.109375 0.465625 0.365625 0.234375 0.365625
0 0.809375 0.059375 1.0 0.059375 1.0 0.315625 0.809375 0.315625
0 0.359375 0.409375 0.590625 0.409375 0.590625 0.590625 0.359375 0.590625
