0 0.321875 0.284375 0.503125 0.284375 0.503125 0.478125 0.321875 0.478125
0 0.734375 0.721875 1.0 0.721875 1.0 0.940625 0.734375 0.940625
0 0.659375 0.571875 0.903125 0.571875 0.903125 0.815625 0.659375 0.815625
0 0.871875 0.646875 1.0 0.646875 1.0 0.865625 0.871875 0.865625
0 0.0 0.771875 0.228125 0.771875 0.228125 1.0 0.0 1.0
0 0.684375 0.934375 0.890625 0.934375 0.890625 1.0 0.684375 1.0
0 0.746875 0.609375 0.965625 0.609375 0.965625 0.815625 0.746875 0.815625
0 0.971875 0.371875 1.0 0.371875 1.0 0.465625 0.971875 0.465625
0 0.309375 0.0 0.490625 0.0 0.490625 0.153125 0.309375 0.153125
0 0.946875 0.196875 1.0 0.196875 1.0 0.340625 0.946875 0.340625
0 0.596875 0.0 0.803125 0.0 0.803125 0.128125 0.596875 0.128125
0 0.0 0.271875 0.015625 0.271875 0.015625 0.303125 0.0 0.303125
0 0.434375 0.0 0.665625 0.0 0.665625 0.215625 0.434375 0.215625
0 0.346875 0.446875 0.553125 0.446875 0.553125 0.678125 0.346875 0.678125
0 0.446875 0.334375 0.640625 0.334375 0.640625 0.578125 0.446875 0.578125
0 0.634375 0.084375 0.865625 0.084375 0.865625 0.378125 0.634375 0.378125
0 0.934375 0.021875 1.0 0.021875 1.0 0.153125 0.934375 0.153125
