0 0.0 0.0 0.103125 0.0 0.103125 0.128125 0.0 0.128125
0 0.371875 0.509375 0.628125 0.509375 0.628125 0.740625 0.371875 0.740625
0 0.0 0.934375 0.103125 0.934375 0.103125 1.0 0.0 1.0
0 0.459375 0.784375 0.640625 0.784375 0.640625 1.0 0.459375 1.0
0 0.234375 0.746875 0.465625 0.746875 0.465625 1.0 0.234375 1.0
0 0.521875 0.0 0.790625 0.0 0.790625 0.165625 0.521875 0.165625
0 0.0 0.221875 0.190625 0.221875 0.190625 0.478125 0.0 0.478125
0 0.734375 0.796875 0.915625 0.796875 0.915625 0.940625 0.734375 0.940625
0 0.684375 0.584375 0.903125 0.584375 0.903125 0.778125 0.684375 0.778125
0 0.971875 0.0 1.0 0.0 1.0 0.053125 0.971875 0.053125
0 0.584375 0.834375 0.778125 0.834375 0.778125 1.0 0.584375 1.0
