0 0.271875 0.784375 0.453125 0.784375 0.453125 0.928125 0.271875 0.928125
0 0.009375 0.0 0.278125 0.0 0.278125 0.215625 0.009375 0.215625
0 0.496875 0.296875 0.778125 0.296875 0.778125 0.540625 0.496875 0.540625
0 0.534375 0.121875 0.790625 0.121875 0.790625 0.378125 0.534375 0.378125
0 0.921875 0.034375 1.0 0.034375 1.0 0.228125 0.921875 0.228125
0 0.0 0.271875 0.340625 0.271875 0.340625 0.628125 0.0 0.628125
0 0.196875 0.609375 0.415625 0.609375 0.415625 0.790625 0.196875 0.790625
0 0.821875 0.359375 1.0 0.359375 1.0 0.665625 0.821875 0.665625
0 0.421875 0.734375 0.690625 0.734375 0.690625 1.0 0.421875 1.0
0 0.296875 0.896875 0.553125 0.896875 0.553125 1.0 0.296875 1.0
0 0.771875 0.946875 0.878125 0.946875 0.878125 1.0 0.771875 1.0
0 0.0 0.796875 0.115625 0.796875 0.115625 1.0 0.0 1.0
0 0.959375 0.309375 1.0 0.309375 1.0 0.365625 0.959375 0.365625
0 0.859375 0.934375 1.0 0.934375 1.0 1.0 0.859375 1.0
0 0.0 0.209375 0.115625 0.209375 0.115625 0.403125 0.0 0.403125
0 0.634375 0.834375 0.853125 0.834375 0.853125 1.0 0.634375 1.0
0 0.621875 0.0 0.878125 0.0 0.878125 0.215625 0.621875 0.215625
0 0.071875 0.771875 0.315625 0.771875 0.315625 1.0 0.071875 1.0
