0 0.921875 0.396875 1.0 0.396875 1.0 0.578125 0.921875 0.578125
0 0.296875 0.771875 0.678125 0.771875 0.678125 1.0 0.296875 1.0
0 0.0 0.846875 0.253125 0.846875 0.253125 1.0 0.0 1.0
0 0.0 0.534375 0.015625 0.534375 0.015625 0.578125 0.0 0.578125
0 0.096875 0.646875 0.553125 0.646875 0.553125 0.940625 0.096875 0.940625
0 0.209375 0.046875 0.515625 0.046875 0.515625 0.328125 0.209375 0.328125
0 0.284375 0.971875 0.328125 0.971875 0.328125 1.0 0.284375 1.0
0 0.0 0.671875 0.190625 0.671875 0.190625 0.928125 0.0 0.928125
0 0.359375 0.0 0.715625 0.0 0.715625 0.228125 0.359375 0.228125
0 0.296875 0.321875 0.515625 0.321875 0.515625 0.565625 0.296875 0.565625
