0 0.509375 0.184375 0.828125 0.184375 0.828125 0.515625 0.509375 0.515625
0 0.434375 0.709375 0.640625 0.709375 0.640625 0.978125 0.434375 0.978125
0 0.971875 0.0 1.0 0.0 1.0 0.053125 0.971875 0.053125
0 0.0 0.696875 0.028125 0.696875 0.028125 0.790625 0.0 0.790625
0 0.159375 0.0 0.440625 0.0 0.440625 0.140625 0.159375 0.140625
0 0.109375 0.0 0.428125 0.0 0.428125 0.303125 0.109375 0.303125
0 0.209375 0.496875 0.465625 0.496875 0.465625 0.790625 0.209375 0.790625
0 0.0 0.834375 0.090625 0.834375 0.090625 1.0 0.0 1.0
0 0.871875 0.659375 1.0 0.659375 1.0 0.903125 0.871875 0.903125
0 0.571875 0.0 0.865625 0.0 0.865625 0.203125 0.571875 0.203125
0 0.0 0.146875 0.190625 0.146875 0.190625 0.465625 0.0 0.465625
0 0.171875 0.309375 0.453125 0.309375 0.453125 0.578125 0.171875 0.578125
0 0.509375 0.859375 0.715625 0.859375 0.715625 1.0 0.509375 1.0
0 0.234375 0.821875 0.515625 0.821875 0.515625 1.0 0.234375 1.0
0 0.421875 0.559375 0.665625 0.559375 0.665625 0.778125 0.421875 0.778125
0 0.0 0.959375 0.065625 0.959375 0.065625 1.0 0.0 1.0
0 0.0 0.534375 0.203125 0.534375 0.203125 0.765625 0.0 0.765625
0 0.671875 0.696875 0.903125 0.696875 0.903125 0.928125 0.671875 0.928125
0 0.784375 0.546875 1.0 0.546875 1.0 0.765625 0.784375 0.765625
