0 0.409375 0.559375 0.928125 0.559375 0.928125 1.0 0.409375 1.0
0 0.834375 0.384375 1.0 0.384375 1.0 0.603125 0.834375 0.603125
0 0.246875 0.0 0.640625 0.0 0.640625 0.215625 0.246875 0.215625
0 0.296875 0.0 0.740625 0.0 0.740625 0.315625 0.296875 0.315625
0 0.759375 0.759375 1.0 0.759375 1.0 1.0 0.759375 1.0
0 0.284375 0.234375 0.728125 0.234375 0.728125 0.653125 0.284375 0.653125
0 0.371875 0.959375 0.453125 0.959375 0.453125 1.0 0.371875 1.0
0 0.646875 0.109375 0.915625 0.109375 0.915625 0.415625 0.646875 0.415625
0 0.046875 0.184375 0.403125 0.184375 0.403125 0.628125 0.046875 0.628125
0 0.0 0.0 0.103125 0.0 0.103125 0.340625 0.0 0.340625
