0 0.0 0.0 0.278125 0.0 0.278125 0.140625 0.0 0.140625
0 0.596875 0.234375 0.765625 0.234375 0.765625 0.490625 0.596875 0.490625
0 0.796875 0.571875 1.0 0.571875 1.0 0.790625 0.796875 0.790625
0 0.884375 0.721875 1.0 0.721875 1.0 0.865625 0.884375 0.865625
0 0.709375 0.871875 0.915625 0.871875 0.915625 1.0 0.709375 1.0
0 0.0 0.634375 0.065625 0.634375 0.065625 0.803125 0.0 0.803125
0 0.971875 0.521875 1.0 0.521875 1.0 0.628125 0.971875 0.628125
0 0.134375 0.346875 0.390625 0.346875 0.390625 0.578125 0.134375 0.578125
0 0.796875 0.334375 1.0 0.334375 1.0 0.615625 0.796875 0.615625
0 0.409375 0.909375 0.590625 0.909375 0.590625 1.0 0.409375 1.0
0 0.509375 0.471875 0.740625 0.471875 0.740625 0.728125 0.509375 0.728125
0 0.0 0.434375 0.015625 0.434375 0.015625 0.490625 0.0 0.490625
0 0.046875 0.859375 0.328125 0.859375 0.328125 1.0 0.046875 1.0
0 0.959375 0.921875 1.0 0.921875 1.0 1.0 0.959375 1.0
0 0.721875 0.0 0.953125 0.0 0.953125 0.190625 0.721875 0.190625
0 0.434375 0.221875 0.578125 0.221875 0.578125 0.403125 0.434375 0.403125
0 0.221875 0.784375 0.390625 0.784375 0.390625 0.953125 0.221875 0.953125
0 0.271875 0.059375 0.490625 0.059375 0.490625 0.328125 0.271875 0.328125
0 0.859375 0.796875 1.0 0.796875 1.0 0.978125 0.859375 0.978125
0 0.546875 0.684375 0.740625 0.684375 0.740625 0.878125 0.546875 0.878125
0 0.709375 0.271875 0.890625 0.271875 0.890625 0.503125 0.709375 0.503125
0 0.0 0.209375 0.040625 0.209375 0.040625 0.328125 0.0 0.328125
0 0.046875 0.184375 0.278125 0.184375 0.278125 0.428125 0.046875 0.428125
0 0.296875 0.596875 0.540625 0.596875 0.540625 0.815625 0.296875 0.815625
0 0.521875 0.846875 0.715625 0.846875 0.715625 1.0 0.521875 1.0
0 0.384375 0.734375 0.578125 0.734375 0.578125 0.940625 0.384375 0.940625
