0 0.0 0.321875 0.215625 0.321875 0.215625 0.690625 0.0 0.690625
0 0.009375 0.0 0.340625 0.0 0.340625 0.165625 0.009375 0.165625
0 0.784375 0.159375 1.0 0.159375 1.0 0.440625 0.784375 0.440625
0 0.009375 0.584375 0.265625 0.584375 0.265625 0.853125 0.009375 0.853125
0 0.196875 0.359375 0.453125 0.359375 0.453125 0.590625 0.196875 0.590625
0 0.871875 0.0 1.0 0.0 1.0 0.178125 0.871875 0.178125
0 0.0 0.846875 0.028125 0.846875 0.028125 0.940625 0.0 0.940625
0 0.796875 0.409375 1.0 0.409375 1.0 0.653125 0.796875 0.653125
0 0.0 0.109375 0.128125 0.109375 0.128125 0.290625 0.0 0.290625
0 0.921875 0.934375 1.0 0.934375 1.0 1.0 0.921875 1.0
0 0.471875 0.409375 0.653125 0.409375 0.653125 0.578125 0.471875 0.578125
0 0.384375 0.846875 0.615625 0.846875 0.615625 1.0 0.384375 1.0
0 0.309375 0.721875 0.528125 0.721875 0.528125 0.940625 0.309375 0.940625
0 0.834375 0.759375 1.0 0.759375 1.0 0.978125 0.834375 0.978125
0 0.659375 0.859375 0.903125 0.859375 0.903125 1.0 0.659375 1.0
0 0.946875 0.371875 1.0 0.371875 1.0 0.478125 0.946875 0.478125
0 0.359375 0.0 0.578125 0.0 0.578125 0.203125 0.359375 0.203125
0 0.721875 0.0 0.965625 0.0 0.965625 0.165625 0.721875 0.165625
0 0.184375 0.684375 0.390625 0.684375 0.390625 0.915625 0.184375 0.915625
0 0.759375 0.459375 0.990625 0.459375 0.990625 0.703125 0.759375 0.703125
0 0.284375 0.259375 0.490625 0.259375 0.490625 0.453125 0.284375 0.453125
0 0.109375 0.096875 0.340625 0.096875 0.340625 0.340625 0.109375 0.340625
