0 0.0 0.609375 0.115625 0.609375 0.115625 0.778125 0.0 0.778125
0 0.0 0.034375 0.028125 0.034375 0.028125 0.090625 0.0 0.090625
0 0.359375 0.709375 0.603125 0.709375 0.603125 0.990625 0.359375 0.990625
0 0.284375 0.0 0.465625 0.0 0.465625 0.115625 0.284375 0.115625
0 0.246875 0.909375 0.428125 0.909375 0.428125 1.0 0.246875 1.0
0 0.409375 0.046875 0.640625 0.046875 0.640625 0.278125 0.409375 0.278125
0 0.709375 0.0 0.928125 0.0 0.928125 0.128125 0.709375 0.128125
0 0.021875 0.271875 0.215625 0.271875 0.215625 0.478125 0.021875 0.478125
0 0.234375 0.484375 0.415625 0.484375 0.415625 0.678125 0.234375 0.678125
0 0.084375 0.971875 0.128125 0.971875 0.128125 1.0 0.084375 1.0
0 0.046875 0.496875 0.203125 0.496875 0.203125 0.653125 0.046875 0.653125
0 0.821875 0.984375 0.840625 0.984375 0.840625 1.0 0.821875 1.0
0 0.884375 0.559375 1.0 0.559375 1.0 0.765625 0.884375 0.765625
0 0.0 0.759375 0.128125 0.759375 0.128125 0.953125 0.0 0.953125
0 0.409375 0.459375 0.640625 0.459375 0.640625 0.690625 0.409375 0.690625
0 0.859375 0.371875 1.0 0.371875 1.0 0.590625 0.859375 0.590625
