0 0.209375 0.0 0.515625 0.0 0.515625 0.253125 0.209375 0.253125
0 0.896875 0.459375 1.0 0.459375 1.0 0.728125 0.896875 0.728125
0 0.0 0.396875 0.178125 0.396875 0.178125 0.765625 0.0 0.765625
0 0.021875 0.921875 0.128125 0.921875 0.128125 1.0 0.021875 1.0
0 0.659375 0.584375 1.0 0.584375 1.0 0.940625 0.659375 0.940625
0 0.434375 0.146875 0.803125 0.146875 0.803125 0.490625 0.434375 0.490625
0 0.296875 0.434375 0.665625 0.434375 0.665625 0.803125 0.296875 0.803125
0 0.0 0.209375 0.065625 0.209375 0.065625 0.315625 0.0 0.315625
0 0.0 0.821875 0.190625 0.821875 0.190625 1.0 0.0 1.0
0 0.934375 0.071875 1.0 0.071875 1.0 0.228125 0.934375 0.228125
0 0.359375 0.771875 0.640625 0.771875 0.640625 1.0 0.359375 1.0
0 0.296875 0.946875 0.415625 0.946875 0.415625 1.0 0.296875 1.0
0 0.721875 0.209375 1.0 0.209375 1.0 0.553125 0.721875 0.553125
0 0.721875 0.0 1.0 0.0 1.0 0.253125 0.721875 0.253125
0 0.509375 0.034375 0.753125 0.034375 0.753125 0.290625 0.509375 0.290625
