0 0.921875 0.959375 1.0 0.959375 1.0 1.0 0.921875 1.0
0 0.871875 0.609375 1.0 0.609375 1.0 0.828125 0.871875 0.828125
0 0.496875 0.821875 0.778125 0.821875 0.778125 1.0 0.496875 1.0
0 0.709375 0.534375 0.940625 0.534375 0.940625 0.753125 0.709375 0.753125
0 0.171875 0.821875 0.453125 0.821875 0.453125 1.0 0.171875 1.0
0 0.796875 0.709375 0.965625 0.709375 0.965625 0.903125 0.796875 0.903125
0 0.834375 0.309375 1.0 0.309375 1.0 0.578125 0.834375 0.578125
0 0.271875 0.446875 0.515625 0.446875 0.515625 0.678125 0.271875 0.678125
0 0.271875 0.309375 0.540625 0.309375 0.540625 0.553125 0.271875 0.553125
0 0.721875 0.059375 0.928125 0.059375 0.928125 0.328125 0.721875 0.328125
0 0.0 0.709375 0.153125 0.709375 0.153125 0.953125 0.0 0.953125
0 0.121875 0.159375 0.353125 0.159375 0.353125 0.365625 0.121875 0.365625
0 0.371875 0.646875 0.565625 0.646875 0.565625 0.840625 0.371875 0.840625
0 0.0 0.259375 0.090625 0.259375 0.090625 0.428125 0.0 0.428125
0 0.271875 0.646875 0.440625 0.646875 0.440625 0.815625 0.271875 0.815625
0 0.0 0.634375 0.140625 0.634375 0.140625 0.828125 0.0 0.828125
0 0.746875 0.859375 0.965625 0.859375 0.965625 1.0 0.746875 1.0
0 0.596875 0.084375 0.840625 0.084375 0.840625 0.365625 0.596875 0.365625
0 0.0 0.846875 0.028125 0.846875 0.028125 0.878125 0.0 0.878125
0 0.0 0.0 0.178125 0.0 0.178125 0.153125 0.0 0.153125
0 0.0 0.059375 0.153125 0.059375 0.153125 0.303125 0.0 0.303125
0 0.309375 0.084375 0.578125 0.084375 0.578125 0.365625 0.309375 0.365625
