0 0.0 0.896875 0.015625 0.896875 0.015625 0.915625 0.0 0.915625
0 0.0 0.384375 0.240625 0.384375 0.240625 0.778125 0.0 0.778125
0 0.309375 0.334375 0.640625 0.334375 0.640625 0.703125 0.309375 0.703125
0 0.834375 0.571875 1.0 0.571875 1.0 0.803125 0.834375 0.803125
0 0.346875 0.021875 0.678125 0.021875 0.678125 0.365625 0.346875 0.365625
0 0.746875 0.396875 1.0 0.396875 1.0 0.703125 0.746875 0.703125
0 0.984375 0.984375 1.0 0.984375 1.0 1.0 0.984375 1.0
0 0.859375 0.959375 0.928125 0.959375 0.928125 1.0 0.859375 1.0
0 0.0 0.084375 0.265625 0.084375 0.265625 0.315625 0.0 0.315625
0 0.446875 0.746875 0.653125 0.746875 0.653125 0.953125 0.446875 0.953125
0 0.646875 0.646875 0.853125 0.646875 0.853125 0.840625 0.646875 0.840625
0 0.021875 0.259375 0.290625 0.259375 0.290625 0.465625 0.021875 0.465625
0 0.921875 0.759375 1.0 0.759375 1.0 0.978125 0.921875 0.978125
0 0.696875 0.771875 0.990625 0.771875 0.990625 1.0 0.696875 1.0
0 0.759375 0.209375 1.0 0.209375 1.0 0.465625 0.759375 0.465625
0 0.671875 0.946875 0.778125 0.946875 0.778125 1.0 0.671875 1.0
