0 0.809375 0.0 1.0 0.0 1.0 0.328125 0.809375 0.328125
0 0.409375 0.0 0.790625 0.0 0.790625 0.090625 0.409375 0.090625
0 0.0 0.709375 0.153125 0.709375 0.153125 1.0 0.0 1.0
0 0.359375 0.721875 0.778125 0.721875 0.778125 1.0 0.359375 1.0
0 0.371875 0.0 0.840625 0.0 0.840625 0.390625 0.371875 0.390625
0 0.721875 0.384375 1.0 0.384375 1.0 0.665625 0.721875 0.665625
0 0.734375 0.259375 1.0 0.259375 1.0 0.528125 0.734375 0.528125
0 0.334375 0.584375 0.528125 0.584375 0.528125 0.815625 0.334375 0.815625
0 0.584375 0.571875 0.815625 0.571875 0.815625 0.790625 0.584375 0.790625
0 0.0 0.334375 0.065625 0.334375 0.065625 0.428125 0.0 0.428125
0 0.984375 0.396875 1.0 0.396875 1.0 0.440625 0.984375 0.440625
0 0.296875 0.671875 0.690625 0.671875 0.690625 0.978125 0.296875 0.978125
0 0.0 0.409375 0.240625 0.409375 0.240625 0.778125 0.0 0.778125
