0 0.0 0.246875 0.215625 0.246875 0.215625 0.590625 0.0 0.590625
0 0.0 0.346875 0.290625 0.346875 0.290625 0.565625 0.0 0.565625
0 0.671875 0.571875 0.953125 0.571875 0.953125 0.878125 0.671875 0.878125
0 0.884375 0.909375 1.0 0.909375 1.0 1.0 0.884375 1.0
0 0.271875 0.334375 0.465625 0.334375 0.465625 0.553125 0.271875 0.553125
0 0.484375 0.834375 0.665625 0.834375 0.665625 1.0 0.484375 1.0
0 0.509375 0.321875 0.715625 0.321875 0.715625 0.553125 0.509375 0.553125
0 0.859375 0.0 1.0 0.0 1.0 0.178125 0.859375 0.178125
0 0.109375 0.0 0.353125 0.0 0.353125 0.140625 0.109375 0.140625
0 0.0 0.796875 0.053125 0.796875 0.053125 0.890625 0.0 0.890625
0 0.846875 0.071875 1.0 0.071875 1.0 0.340625 0.846875 0.340625
