0 0.621875 0.709375 0.840625 0.709375 0.840625 0.915625 0.621875 0.915625
0 0.371875 0.784375 0.615625 0.784375 0.615625 1.0 0.371875 1.0
0 0.884375 0.0 1.0 0.0 1.0 0.240625 0.884375 0.240625
0 0.659375 0.609375 0.903125 0.609375 0.903125 0.853125 0.659375 0.853125
0 0.209375 0.959375 0.315625 0.959375 0.315625 1.0 0.209375 1.0
0 0.746875 0.334375 0.990625 0.334375 0.990625 0.565625 0.746875 0.565625
0 0.921875 0.446875 1.0 0.446875 1.0 0.665625 0.921875 0.665625
0 0.009375 0.221875 0.290625 0.221875 0.290625 0.540625 0.009375 0.540625
0 0.959375 0.246875 1.0 0.246875 1.0 0.303125 0.959375 0.303125
0 0.196875 0.621875 0.453125 0.621875 0.453125 0.840625 0.196875 0.840625
0 0.0 0.0 0.140625 0.0 0.140625 0.128125 0.0 0.128125
0 0.084375 0.0 0.290625 0.0 0.290625 0.128125 0.084375 0.128125
0 0.759375 0.0 0.940625 0.0 0.940625 0.165625 0.759375 0.165625
0 0.296875 0.0 0.515625 0.0 0.515625 0.215625 0.296875 0.215625
0 0.0 0.371875 0.178125 0.371875 0.178125 0.565625 0.0 0.565625
0 0.509375 0.421875 0.703125 0.421875 0.703125 0.640625 0.509375 0.640625
0 0.396875 0.959375 0.615625 0.959375 0.615625 1.0 0.396875 1.0
0 0.521875 0.696875 0.665625 0.696875 0.665625 0.890625 0.521875 0.890625
0 0.0 0.084375 0.203125 0.084375 0.203125 0.303125 0.0 0.303125
0 0.859375 0.246875 1.0 0.246875 1.0 0.453125 0.859375 0.453125
0 0.796875 0.771875 1.0 0.771875 1.0 1.0 0.796875 1.0
0 0.421875 0.321875 0.603125 0.321875 0.603125 0.515625 0.421875 0.515625
0 0.146875 0.859375 0.328125 0.859375 0.328125 1.0 0.146875 1.0
0 0.0 0.734375 0.240625 0.734375 0.240625 0.953125 0.0 0.953125
0 0.471875 0.084375 0.678125 0.084375 0.678125 0.328125 0.471875 0.328125
0 0.421875 0.0 0.603125 0.0 0.603125 0.165625 0.421875 0.165625
0 0.609375 0.146875 0.815625 0.146875 0.815625 0.403125 0.609375 0.403125
0 0.584375 0.471875 0.753125 0.471875 0.753125 0.640625 0.584375 0.640625
0 0.409375 0.584375 0.603125 0.584375 0.603125 0.790625 0.409375 0.790625
0 0.596875 0.0 0.790625 0.0 0.790625 0.153125 0.596875 0.153125
