0 0.0 0.834375 0.015625 0.834375 0.015625 0.865625 0.0 0.865625
0 0.171875 0.534375 0.478125 0.534375 0.478125 0.853125 0.171875 0.853125
0 0.109375 0.884375 0.340625 0.884375 0.340625 1.0 0.109375 1.0
0 0.759375 0.284375 1.0 0.284375 1.0 0.553125 0.759375 0.553125
0 0.059375 0.809375 0.290625 0.809375 0.290625 1.0 0.059375 1.0
0 0.209375 0.246875 0.540625 0.246875 0.540625 0.503125 0.209375 0.503125
0 0.0 0.984375 0.053125 0.984375 0.053125 1.0 0.0 1.0
0 0.421875 0.121875 0.678125 0.121875 0.678125 0.378125 0.421875 0.378125
0 0.034375 0.509375 0.253125 0.509375 0.253125 0.765625 0.034375 0.765625
0 0.0 0.184375 0.215625 0.184375 0.215625 0.428125 0.0 0.428125
0 0.609375 0.221875 0.865625 0.221875 0.865625 0.403125 0.609375 0.403125
0 0.271875 0.0 0.478125 0.0 0.478125 0.128125 0.271875 0.128125
0 0.0 0.334375 0.240625 0.334375 0.240625 0.565625 0.0 0.565625
0 0.0 0.396875 0.090625 0.396875 0.090625 0.628125 0.0 0.628125
0 0.471875 0.296875 0.690625 0.296875 0.690625 0.515625 0.471875 0.515625
0 0.871875 0.684375 1.0 0.684375 1.0 0.853125 0.871875 0.853125
0 0.671875 0.0 0.915625 0.0 0.915625 0.278125 0.671875 0.278125
0 0.234375 0.209375 0.403125 0.209375 0.403125 0.403125 0.234375 0.403125
0 0.459375 0.671875 0.678125 0.671875 0.678125 0.903125 0.459375 0.903125
0 0.909375 0.0 1.0 0.0 1.0 0.128125 0.909375 0.128125
0 0.771875 0.721875 1.0 0.721875 1.0 0.965625 0.771875 0.965625
0 0.621875 0.321875 0.828125 0.321875 0.828125 0.553125 0.621875 0.553125
