0 0.196875 0.346875 0.403125 0.346875 0.403125 0.565625 0.196875 0.565625
0 0.284375 0.896875 0.528125 0.896875 0.528125 1.0 0.284375 1.0
0 0.0 0.0 0.228125 0.0 0.228125 0.165625 0.0 0.165625
0 0.984375 0.134375 1.0 0.134375 1.0 0.178125 0.984375 0.178125
0 0.346875 0.484375 0.603125 0.484375 0.603125 0.728125 0.346875 0.728125
0 0.434375 0.0 0.690625 0.0 0.690625 0.153125 0.434375 0.153125
0 0.0 0.909375 0.028125 0.909375 0.028125 0.978125 0.0 0.978125
0 0.034375 0.121875 0.315625 0.121875 0.315625 0.403125 0.034375 0.403125
0 0.471875 0.634375 0.765625 0.634375 0.765625 0.928125 0.471875 0.928125
0 0.559375 0.396875 0.740625 0.396875 0.740625 0.565625 0.559375 0.565625
0 0.296875 0.246875 0.515625 0.246875 0.515625 0.440625 0.296875 0.440625
0 0.334375 0.171875 0.540625 0.171875 0.540625 0.328125 0.334375 0.328125
0 0.0 0.584375 0.115625 0.584375 0.115625 0.790625 0.0 0.790625
0 0.809375 0.0 1.0 0.0 1.0 0.165625 0.809375 0.165625
0 0.371875 0.734375 0.553125 0.734375 0.553125 0.940625 0.371875 0.940625
0 0.209375 0.0 0.440625 0.0 0.440625 0.190625 0.209375 0.190625
0 0.096875 0.846875 0.315625 0.846875 0.315625 1.0 0.096875 1.0
0 0.496875 0.084375 0.753125 0.084375 0.753125 0.378125 0.496875 0.378125
0 0.096875 0.371875 0.303125 0.371875 0.303125 0.653125 0.096875 0.653125
0 0.409375 0.359375 0.653125 0.359375 0.653125 0.553125 0.409375 0.553125
0 0.934375 0.921875 1.0 0.921875 1.0 1.0 0.934375 1.0
