0 0.846875 0.671875 1.0 0.671875 1.0 0.903125 0.846875 0.903125
0 0.034375 0.0 0.228125 0.0 0.228125 0.228125 0.034375 0.228125
0 0.134375 0.534375 0.315625 0.534375 0.315625 0.765625 0.134375 0.765625
0 0.321875 0.871875 0.553125 0.871875 0.553125 1.0 0.321875 1.0
0 0.721875 0.809375 0.978125 0.809375 0.978125 1.0 0.721875 1.0
0 0.134375 0.0 0.315625 0.0 0.315625 0.165625 0.134375 0.165625
0 0.746875 0.596875 0.965625 0.596875 0.965625 0.828125 0.746875 0.828125
0 0.0 0.259375 0.153125 0.259375 0.153125 0.465625 0.0 0.465625
0 0.396875 0.671875 0.615625 0.671875 0.615625 0.878125 0.396875 0.878125
0 0.0 0.584375 0.090625 0.584375 0.090625 0.765625 0.0 0.765625
0 0.509375 0.184375 0.753125 0.184375 0.753125 0.440625 0.509375 0.440625
0 0.734375 0.0 0.953125 0.0 0.953125 0.103125 0.734375 0.103125
0 0.0 0.721875 0.153125 0.721875 0.153125 0.853125 0.0 0.853125
0 0.971875 0.209375 1.0 0.209375 1.0 0.240625 0.971875 0.240625
0 0.196875 0.471875 0.415625 0.471875 0.415625 0.665625 0.196875 0.665625
0 0.659375 0.346875 0.890625 0.346875 0.890625 0.590625 0.659375 0.590625
0 0.309375 0.759375 0.515625 0.759375 0.515625 0.928125 0.309375 0.928125
0 0.0 0.609375 0.178125 0.609375 0.178125 0.790625 0.0 0.790625
0 0.559375 0.809375 0.765625 0.809375 0.765625 1.0 0.559375 1.0
0 0.496875 0.396875 0.703125 0.396875 0.703125 0.603125 0.496875 0.603125
0 0.446875 0.559375 0.665625 0.559375 0.665625 0.740625 0.446875 0.740625
