0 0.734375 0.209375 0.965625 0.209375 0.965625 0.465625 0.734375 0.465625
0 0.196875 0.909375 0.440625 0.909375 0.440625 1.0 0.196875 1.0
0 0.559375 0.484375 0.778125 0.484375 0.778125 0.728125 0.559375 0.728125
0 0.759375 0.546875 0.990625 0.546875 0.990625 0.815625 0.759375 0.815625
0 0.259375 0.0 0.503125 0.0 0.503125 0.140625 0.259375 0.140625
0 0.0 0.0 0.103125 0.0 0.103125 0.253125 0.0 0.253125
0 0.396875 0.096875 0.653125 0.096875 0.653125 0.315625 0.396875 0.315625
0 0.0 0.571875 0.103125 0.571875 0.103125 0.840625 0.0 0.840625
0 0.921875 0.209375 1.0 0.209375 1.0 0.453125 0.921875 0.453125
0 0.109375 0.596875 0.315625 0.596875 0.315625 0.865625 0.109375 0.865625
0 0.146875 0.196875 0.328125 0.196875 0.328125 0.390625 0.146875 0.390625
0 0.046875 0.446875 0.253125 0.446875 0.253125 0.640625 0.046875 0.640625
0 0.346875 0.709375 0.565625 0.709375 0.565625 0.940625 0.346875 0.940625
0 0.834375 0.209375 0.978125 0.209375 0.978125 0.353125 0.834375 0.353125
0 0.059375 0.821875 0.265625 0.821875 0.265625 1.0 0.059375 1.0
0 0.809375 0.0 1.0 0.0 1.0 0.215625 0.809375 0.215625
0 0.271875 0.184375 0.490625 0.184375 0.490625 0.453125 0.271875 0.453125
0 0.021875 0.584375 0.215625 0.584375 0.215625 0.778125 0.021875 0.778125
0 0.671875 0.646875 0.853125 0.646875 0.853125 0.828125 0.671875 0.828125
0 0.909375 0.846875 1.0 0.846875 1.0 0.978125 0.909375 0.978125
