0 0.0 0.696875 0.315625 0.696875 0.315625 1.0 0.0 1.0
0 0.509375 0.584375 0.840625 0.584375 0.840625 0.878125 0.509375 0.878125
0 0.334375 0.696875 0.778125 0.696875 0.778125 1.0 0.334375 1.0
0 0.984375 0.471875 1.0 0.471875 1.0 0.515625 0.984375 0.515625
0 0.246875 0.134375 0.553125 0.134375 0.553125 0.503125 0.246875 0.503125
0 0.021875 0.184375 0.328125 0.184375 0.328125 0.528125 0.021875 0.528125
0 0.0 0.334375 0.053125 0.334375 0.053125 0.490625 0.0 0.490625
0 0.134375 0.0 0.365625 0.0 0.365625 0.128125 0.134375 0.128125
0 0.946875 0.459375 1.0 0.459375 1.0 0.528125 0.946875 0.528125
0 0.734375 0.534375 1.0 0.534375 1.0 0.828125 0.734375 0.828125
