0 0.359375 0.634375 0.565625 0.634375 0.565625 0.903125 0.359375 0.903125
0 0.384375 0.0 0.603125 0.0 0.603125 0.178125 0.384375 0.178125
0 0.621875 0.284375 0.940625 0.284375 0.940625 0.590625 0.621875 0.590625
0 0.521875 0.446875 0.853125 0.446875 0.853125 0.690625 0.521875 0.690625
0 0.0 0.884375 0.103125 0.884375 0.103125 1.0 0.0 1.0
0 0.0 0.696875 0.153125 0.696875 0.153125 0.915625 0.0 0.915625
0 0.546875 0.134375 0.778125 0.134375 0.778125 0.378125 0.546875 0.378125
0 0.0 0.596875 0.140625 0.596875 0.140625 0.778125 0.0 0.778125
0 0.484375 0.734375 0.690625 0.734375 0.690625 0.953125 0.484375 0.953125
0 0.371875 0.809375 0.603125 0.809375 0.603125 1.0 0.371875 1.0
0 0.434375 0.959375 0.628125 0.959375 0.628125 1.0 0.434375 1.0
0 0.584375 0.621875 0.853125 0.621875 0.853125 0.878125 0.584375 0.878125
