0 0.471875 0.146875 0.690625 0.146875 0.690625 0.390625 0.471875 0.390625
0 0.534375 0.571875 0.765625 0.571875 0.765625 0.778125 0.534375 0.778125
0 0.0 0.146875 0.178125 0.146875 0.178125 0.353125 0.0 0.353125
0 0.771875 0.546875 1.0 0.546875 1.0 0.778125 0.771875 0.778125
0 0.184375 0.746875 0.415625 0.746875 0.415625 0.953125 0.184375 0.953125
0 0.046875 0.284375 0.278125 0.284375 0.278125 0.503125 0.046875 0.503125
0 0.546875 0.509375 0.790625 0.509375 0.790625 0.665625 0.546875 0.665625
0 0.0 0.346875 0.103125 0.346875 0.103125 0.515625 0.0 0.515625
0 0.871875 0.0 1.0 0.0 1.0 0.178125 0.871875 0.178125
0 0.484375 0.0 0.665625 0.0 0.665625 0.165625 0.484375 0.165625
0 0.334375 0.709375 0.490625 0.709375 0.490625 0.878125 0.334375 0.878125
0 0.884375 0.196875 1.0 0.196875 1.0 0.365625 0.884375 0.365625
0 0.296875 0.859375 0.478125 0.859375 0.478125 1.0 0.296875 1.0
0 0.034375 0.971875 0.090625 0.971875 0.090625 1.0 0.034375 1.0
0 0.471875 0.946875 0.590625 0.946875 0.590625 1.0 0.471875 1.0
0 0.0 0.884375 0.065625 0.884375 0.065625 1.0 0.0 1.0
0 0.446875 0.321875 0.615625 0.321875 0.615625 0.490625 0.446875 0.490625
0 0.896875 0.884375 1.0 0.884375 1.0 1.0 0.896875 1.0
