0 0.434375 0.584375 0.715625 0.584375 0.715625 0.865625 0.434375 0.865625
0 0.0 0.046875 0.340625 0.046875 0.340625 0.378125 0.0 0.378125
0 0.0 0.0 0.053125 0.0 0.053125 0.128125 0.0 0.128125
0 0.259375 0.696875 0.678125 0.696875 0.678125 0.978125 0.259375 0.978125
0 0.584375 0.034375 0.928125 0.034375 0.928125 0.353125 0.584375 0.353125
0 0.246875 0.109375 0.503125 0.109375 0.503125 0.428125 0.246875 0.428125
0 0.734375 0.434375 1.0 0.434375 1.0 0.753125 0.734375 0.753125
0 0.209375 0.871875 0.528125 0.871875 0.528125 1.0 0.209375 1.0
0 0.659375 0.671875 0.853125 0.671875 0.853125 0.915625 0.659375 0.915625
0 0.109375 0.771875 0.303125 0.771875 0.303125 1.0 0.109375 1.0
0 0.0 0.109375 0.053125 0.109375 0.053125 0.303125 0.0 0.303125
0 0.196875 0.971875 0.228125 0.971875 0.228125 1.0 0.196875 1.0
0 0.921875 0.834375 1.0 0.834375 1.0 1.0 0.921875 1.0
0 0.459375 0.321875 0.740625 0.321875 0.740625 0.615625 0.459375 0.615625
