0 0.546875 0.021875 0.765625 0.021875 0.765625 0.290625 0.546875 0.290625
0 0.134375 0.834375 0.340625 0.834375 0.340625 1.0 0.134375 1.0
0 0.971875 0.871875 1.0 0.871875 1.0 0.915625 0.971875 0.915625
0 0.0 0.0 0.228125 0.0 0.228125 0.190625 0.0 0.190625
0 0.371875 0.021875 0.603125 0.021875 0.603125 0.265625 0.371875 0.265625
0 0.846875 0.196875 1.0 0.196875 1.0 0.340625 0.846875 0.340625
0 0.346875 0.496875 0.590625 0.496875 0.590625 0.703125 0.346875 0.703125
0 0.0 0.771875 0.103125 0.771875 0.103125 0.928125 0.0 0.928125
0 0.196875 0.896875 0.403125 0.896875 0.403125 1.0 0.196875 1.0
0 0.059375 0.484375 0.215625 0.484375 0.215625 0.715625 0.059375 0.715625
0 0.671875 0.746875 0.940625 0.746875 0.940625 1.0 0.671875 1.0
0 0.121875 0.346875 0.340625 0.346875 0.340625 0.565625 0.121875 0.565625
0 0.034375 0.184375 0.228125 0.184375 0.228125 0.403125 0.034375 0.403125
0 0.446875 0.409375 0.715625 0.409375 0.715625 0.653125 0.446875 0.653125
0 0.0 0.196875 0.065625 0.196875 0.065625 0.328125 0.0 0.328125
0 0.909375 0.484375 1.0 0.484375 1.0 0.615625 0.909375 0.615625
0 0.884375 0.534375 1.0 0.534375 1.0 0.715625 0.884375 0.715625
0 0.0 0.259375 0.078125 0.259375 0.078125 0.340625 0.0 0.340625
0 0.0 0.971875 0.053125 0.971875 0.053125 1.0 0.0 1.0
0 0.0 0.471875 0.128125 0.471875 0.128125 0.653125 0.0 0.653125
0 0.721875 0.534375 0.903125 0.534375 0.903125 0.715625 0.721875 0.715625
0 0.759375 0.446875 0.928125 0.446875 0.928125 0.628125 0.759375 0.628125
0 0.0 0.609375 0.153125 0.609375 0.153125 0.803125 0.0 0.803125
0 0.584375 0.871875 0.790625 0.871875 0.790625 1.0 0.584375 1.0
0 0.0 0.809375 0.153125 0.809375 0.153125 1.0 0.0 1.0
0 0.384375 0.759375 0.553125 0.759375 0.553125 0.990625 0.384375 0.990625
0 0.146875 0.259375 0.353125 0.259375 0.353125 0.415625 0.146875 0.415625
0 0.296875 0.796875 0.453125 0.796875 0.453125 0.990625 0.296875 0.990625
0 0.0 0.009375 0.028125 0.009375 0.028125 0.078125 0.0 0.078125
0 0.521875 0.759375 0.715625 0.759375 0.715625 0.990625 0.521875 0.990625
0 0.196875 0.971875 0.290625 0.971875 0.290625 1.0 0.196875 1.0
