0 0.984375 0.721875 1.0 0.721875 1.0 0.753125 0.984375 0.753125
0 0.934375 0.184375 1.0 0.184375 1.0 0.365625 0.934375 0.365625
0 0.096875 0.359375 0.415625 0.359375 0.415625 0.653125 0.096875 0.653125
0 0.746875 0.084375 0.990625 0.084375 0.990625 0.353125 0.746875 0.353125
0 0.584375 0.596875 0.840625 0.596875 0.840625 0.803125 0.584375 0.803125
0 0.559375 0.471875 0.815625 0.471875 0.815625 0.728125 0.559375 0.728125
0 0.121875 0.259375 0.403125 0.259375 0.403125 0.440625 0.121875 0.440625
0 0.0 0.809375 0.215625 0.809375 0.215625 1.0 0.0 1.0
0 0.346875 0.484375 0.615625 0.484375 0.615625 0.803125 0.346875 0.803125
0 0.509375 0.871875 0.753125 0.871875 0.753125 1.0 0.509375 1.0
0 0.496875 0.971875 0.528125 0.971875 0.528125 1.0 0.496875 1.0
0 0.771875 0.571875 0.978125 0.571875 0.978125 0.828125 0.771875 0.828125
0 0.446875 0.446875 0.653125 0.446875 0.653125 0.653125 0.446875 0.653125
0 0.009375 0.796875 0.253125 0.796875 0.253125 1.0 0.009375 1.0
0 0.021875 0.0 0.253125 0.0 0.253125 0.190625 0.021875 0.190625
0 0.359375 0.221875 0.603125 0.221875 0.603125 0.490625 0.359375 0.490625
0 0.559375 0.771875 0.790625 0.771875 0.790625 0.990625 0.559375 0.990625
