0 0.484375 0.284375 0.715625 0.284375 0.715625 0.590625 0.484375 0.590625
0 0.196875 0.546875 0.578125 0.546875 0.578125 0.815625 0.196875 0.815625
0 0.0 0.971875 0.028125 0.971875 0.028125 1.0 0.0 1.0
0 0.059375 0.396875 0.265625 0.396875 0.265625 0.653125 0.059375 0.653125
0 0.0 0.809375 0.040625 0.809375 0.040625 0.865625 0.0 0.865625
0 0.884375 0.296875 1.0 0.296875 1.0 0.490625 0.884375 0.490625
0 0.684375 0.134375 0.990625 0.134375 0.990625 0.440625 0.684375 0.440625
0 0.0 0.159375 0.115625 0.159375 0.115625 0.415625 0.0 0.415625
0 0.859375 0.921875 1.0 0.921875 1.0 1.0 0.859375 1.0
0 0.409375 0.421875 0.578125 0.421875 0.578125 0.628125 0.409375 0.628125
0 0.434375 0.096875 0.603125 0.096875 0.603125 0.353125 0.434375 0.353125
0 0.971875 0.709375 1.0 0.709375 1.0 0.765625 0.971875 0.765625
0 0.034375 0.034375 0.315625 0.034375 0.315625 0.340625 0.034375 0.340625
0 0.834375 0.734375 1.0 0.734375 1.0 0.890625 0.834375 0.890625
0 0.0 0.0 0.065625 0.0 0.065625 0.153125 0.0 0.153125
0 0.271875 0.884375 0.453125 0.884375 0.453125 1.0 0.271875 1.0
0 0.0 0.384375 0.090625 0.384375 0.090625 0.553125 0.0 0.553125
0 0.621875 0.959375 0.765625 0.959375 0.765625 1.0 0.621875 1.0
0 0.471875 0.146875 0.715625 0.146875 0.715625 0.365625 0.471875 0.365625
0 0.509375 0.784375 0.728125 0.784375 0.728125 1.0 0.509375 1.0
0 0.271875 0.434375 0.478125 0.434375 0.478125 0.615625 0.271875 0.615625
0 0.034375 0.896875 0.215625 0.896875 0.215625 1.0 0.034375 1.0
0 0.884375 0.009375 1.0 0.009375 1.0 0.265625 0.884375 0.265625
0 0.271875 0.084375 0.515625 0.084375 0.515625 0.353125 0.271875 0.353125
0 0.671875 0.746875 0.878125 0.746875 0.878125 0.990625 0.671875 0.990625
0 0.321875 0.296875 0.528125 0.296875 0.528125 0.503125 0.321875 0.503125
0 0.009375 0.0 0.228125 0.0 0.228125 0.215625 0.009375 0.215625
