0 0.771875 0.796875 1.0 0.796875 1.0 1.0 0.771875 1.0
0 0.409375 0.696875 0.765625 0.696875 0.765625 1.0 0.409375 1.0
0 0.796875 0.534375 1.0 0.534375 1.0 0.865625 0.796875 0.865625
0 0.571875 0.0 1.0 0.0 1.0 0.365625 0.571875 0.365625
0 0.246875 0.396875 0.640625 0.396875 0.640625 0.803125 0.246875 0.803125
0 0.0 0.759375 0.365625 0.759375 0.365625 1.0 0.0 1.0
0 0.096875 0.0 0.515625 0.0 0.515625 0.328125 0.096875 0.328125
0 0.0 0.821875 0.028125 0.821875 0.028125 0.878125 0.0 0.878125
0 0.196875 0.0 0.565625 0.0 0.565625 0.265625 0.196875 0.265625
0 0.721875 0.859375 0.978125 0.859375 0.978125 1.0 0.721875 1.0
0 0.834375 0.296875 1.0 0.296875 1.0 0.553125 0.834375 0.553125
0 0.921875 0.0 1.0 0.0 1.0 0.215625 0.921875 0.215625
