0 0.0 0.584375 0.115625 0.584375 0.115625 0.790625 0.0 0.790625
0 0.684375 0.546875 1.0 0.546875 1.0 0.878125 0.684375 0.878125
0 0.934375 0.934375 1.0 0.934375 1.0 1.0 0.934375 1.0
0 0.259375 0.809375 0.528125 0.809375 0.528125 1.0 0.259375 1.0
0 0.0 0.884375 0.178125 0.884375 0.178125 1.0 0.0 1.0
0 0.071875 0.759375 0.328125 0.759375 0.328125 1.0 0.071875 1.0
0 0.0 0.084375 0.165625 0.084375 0.165625 0.378125 0.0 0.378125
0 0.971875 0.571875 1.0 0.571875 1.0 0.628125 0.971875 0.628125
0 0.809375 0.084375 1.0 0.084375 1.0 0.328125 0.809375 0.328125
0 0.084375 0.384375 0.278125 0.384375 0.278125 0.590625 0.084375 0.590625
0 0.384375 0.571875 0.590625 0.571875 0.590625 0.753125 0.384375 0.753125
0 0.671875 0.0 0.865625 0.0 0.865625 0.215625 0.671875 0.215625
0 0.184375 0.359375 0.440625 0.359375 0.440625 0.653125 0.184375 0.653125
0 0.784375 0.309375 1.0 0.309375 1.0 0.578125 0.784375 0.578125
0 0.509375 0.896875 0.740625 0.896875 0.740625 1.0 0.509375 1.0
0 0.946875 0.309375 1.0 0.309375 1.0 0.353125 0.946875 0.353125
