0 0.0 0.271875 0.178125 0.271875 0.178125 0.490625 0.0 0.490625
0 0.121875 0.959375 0.215625 0.959375 0.215625 1.0 0.121875 1.0
0 0.696875 0.171875 0.940625 0.171875 0.940625 0.415625 0.696875 0.415625
0 0.871875 0.309375 1.0 0.309375 1.0 0.515625 0.871875 0.515625
0 0.071875 0.359375 0.303125 0.359375 0.303125 0.628125 0.071875 0.628125
0 0.284375 0.884375 0.453125 0.884375 0.453125 1.0 0.284375 1.0
0 0.0 0.684375 0.053125 0.684375 0.053125 0.778125 0.0 0.778125
0 0.0 0.759375 0.090625 0.759375 0.090625 0.965625 0.0 0.965625
0 0.584375 0.371875 0.803125 0.371875 0.803125 0.640625 0.584375 0.640625
0 0.959375 0.934375 1.0 0.934375 1.0 1.0 0.959375 1.0
0 0.0 0.134375 0.153125 0.134375 0.153125 0.328125 0.0 0.328125
0 0.596875 0.609375 0.753125 0.609375 0.753125 0.778125 0.596875 0.778125
0 0.109375 0.234375 0.290625 0.234375 0.290625 0.390625 0.109375 0.390625
0 0.084375 0.0 0.253125 0.0 0.253125 0.178125 0.084375 0.178125
0 0.609375 0.871875 0.828125 0.871875 0.828125 1.0 0.609375 1.0
0 0.771875 0.496875 1.0 0.496875 1.0 0.728125 0.771875 0.728125
0 0.0 0.496875 0.103125 0.496875 0.103125 0.640625 0.0 0.640625
0 0.359375 0.421875 0.590625 0.421875 0.590625 0.665625 0.359375 0.665625
0 0.446875 0.871875 0.653125 0.871875 0.653125 1.0 0.446875 1.0
0 0.346875 0.209375 0.590625 0.209375 0.590625 0.440625 0.346875 0.440625
0 0.321875 0.784375 0.503125 0.784375 0.503125 0.978125 0.321875 0.978125
0 0.684375 0.596875 0.928125 0.596875 0.928125 0.815625 0.684375 0.815625
0 0.971875 0.684375 1.0 0.684375 1.0 0.765625 0.971875 0.765625
0 0.534375 0.0 0.765625 0.0 0.765625 0.165625 0.534375 0.165625
