0 0.509375 0.434375 0.740625 0.434375 0.740625 0.728125 0.509375 0.728125
0 0.059375 0.259375 0.365625 0.259375 0.365625 0.528125 0.059375 0.528125
0 0.0 0.0 0.153125 0.0 0.153125 0.353125 0.0 0.353125
0 0.859375 0.021875 1.0 0.021875 1.0 0.303125 0.859375 0.303125
0 0.084375 0.684375 0.378125 0.684375 0.378125 0.903125 0.084375 0.903125
0 0.284375 0.846875 0.503125 0.846875 0.503125 1.0 0.284375 1.0
0 0.446875 0.971875 0.490625 0.971875 0.490625 1.0 0.446875 1.0
0 0.784375 0.284375 1.0 0.284375 1.0 0.578125 0.784375 0.578125
0 0.609375 0.784375 0.890625 0.784375 0.890625 1.0 0.609375 1.0
0 0.0 0.834375 0.115625 0.834375 0.115625 1.0 0.0 1.0
0 0.0 0.671875 0.078125 0.671875 0.078125 0.840625 0.0 0.840625
0 0.371875 0.0 0.603125 0.0 0.603125 0.090625 0.371875 0.090625
0 0.771875 0.621875 0.990625 0.621875 0.990625 0.878125 0.771875 0.878125
0 0.046875 0.971875 0.128125 0.971875 0.128125 1.0 0.046875 1.0
0 0.109375 0.0 0.353125 0.0 0.353125 0.240625 0.109375 0.240625
0 0.471875 0.546875 0.678125 0.546875 0.678125 0.765625 0.471875 0.765625
0 0.859375 0.896875 1.0 0.896875 1.0 1.0 0.859375 1.0
0 0.396875 0.584375 0.590625 0.584375 0.590625 0.828125 0.396875 0.828125
0 0.284375 0.459375 0.503125 0.459375 0.503125 0.678125 0.284375 0.678125
