0 0.846875 0.334375 1.0 0.334375 1.0 0.603125 0.846875 0.603125
0 0.0 0.721875 0.265625 0.721875 0.265625 1.0 0.0 1.0
0 0.0 0.759375 0.040625 0.759375 0.040625 0.853125 0.0 0.853125
0 0.884375 0.546875 1.0 0.546875 1.0 0.678125 0.884375 0.678125
0 0.534375 0.334375 0.803125 0.334375 0.803125 0.578125 0.534375 0.578125
0 0.0 0.646875 0.078125 0.646875 0.078125 0.778125 0.0 0.778125
0 0.0 0.134375 0.153125 0.134375 0.153125 0.353125 0.0 0.353125
0 0.021875 0.259375 0.278125 0.259375 0.278125 0.503125 0.021875 0.503125
0 0.634375 0.284375 0.840625 0.284375 0.840625 0.453125 0.634375 0.453125
0 0.946875 0.109375 1.0 0.109375 1.0 0.240625 0.946875 0.240625
0 0.621875 0.0 0.803125 0.0 0.803125 0.115625 0.621875 0.115625
0 0.259375 0.084375 0.453125 0.084375 0.453125 0.265625 0.259375 0.265625
0 0.484375 0.746875 0.665625 0.746875 0.665625 0.940625 0.484375 0.940625
0 0.0 0.396875 0.015625 0.396875 0.015625 0.428125 0.0 0.428125
0 0.409375 0.034375 0.640625 0.034375 0.640625 0.303125 0.409375 0.303125
0 0.621875 0.746875 0.865625 0.746875 0.865625 0.990625 0.621875 0.990625
0 0.521875 0.184375 0.753125 0.184375 0.753125 0.415625 0.521875 0.415625
