0 0.309375 0.746875 0.578125 0.746875 0.578125 1.0 0.309375 1.0
0 0.696875 0.321875 0.953125 0.321875 0.953125 0.565625 0.696875 0.565625
0 0.0 0.009375 0.265625 0.009375 0.265625 0.265625 0.0 0.265625
0 0.196875 0.434375 0.490625 0.434375 0.490625 0.790625 0.196875 0.790625
0 0.971875 0.346875 1.0 0.346875 1.0 0.428125 0.971875 0.428125
0 0.946875 0.734375 1.0 0.734375 1.0 0.940625 0.946875 0.940625
0 0.746875 0.709375 1.0 0.709375 1.0 0.978125 0.746875 0.978125
0 0.234375 0.896875 0.478125 0.896875 0.478125 1.0 0.234375 1.0
0 0.621875 0.0 0.903125 0.0 0.903125 0.128125 0.621875 0.128125
0 0.484375 0.234375 0.753125 0.234375 0.753125 0.515625 0.484375 0.515625
0 0.0 0.271875 0.278125 0.271875 0.278125 0.540625 0.0 0.540625
0 0.0 0.184375 0.165625 0.184375 0.165625 0.390625 0.0 0.390625
0 0.796875 0.946875 0.928125 0.946875 0.928125 1.0 0.796875 1.0
0 0.234375 0.346875 0.403125 0.346875 0.403125 0.515625 0.234375 0.515625
0 0.171875 0.0 0.353125 0.0 0.353125 0.115625 0.171875 0.115625
0 0.921875 0.621875 1.0 0.621875 1.0 0.790625 0.921875 0.790625
0 0.0 0.084375 0.028125 0.084375 0.028125 0.128125 0.0 0.128125
0 0.521875 0.071875 0.740625 0.071875 0.740625 0.290625 0.521875 0.290625
0 0.0 0.0 0.040625 0.0 0.040625 0.078125 0.0 0.078125
0 0.321875 0.196875 0.540625 0.196875 0.540625 0.465625 0.321875 0.465625
0 0.309375 0.0 0.553125 0.0 0.553125 0.265625 0.309375 0.265625
