0 0.434375 0.959375 0.528125 0.959375 0.528125 1.0 0.434375 1.0
0 0.0 0.471875 0.040625 0.471875 0.040625 0.603125 0.0 0.603125
0 0.571875 0.834375 0.828125 0.834375 0.828125 1.0 0.571875 1.0
0 0.746875 0.046875 1.0 0.046875 1.0 0.353125 0.746875 0.353125
0 0.496875 0.684375 0.728125 0.684375 0.728125 0.990625 0.496875 0.990625
0 0.0 0.084375 0.015625 0.084375 0.015625 0.115625 0.0 0.115625
0 0.959375 0.046875 1.0 0.046875 1.0 0.140625 0.959375 0.140625
0 0.609375 0.571875 0.865625 0.571875 0.865625 0.878125 0.609375 0.878125
0 0.034375 0.584375 0.290625 0.584375 0.290625 0.840625 0.034375 0.840625
0 0.459375 0.034375 0.690625 0.034375 0.690625 0.340625 0.459375 0.340625
0 0.0 0.909375 0.065625 0.909375 0.065625 1.0 0.0 1.0
0 0.259375 0.009375 0.490625 0.009375 0.490625 0.303125 0.259375 0.303125
0 0.0 0.771875 0.178125 0.771875 0.178125 0.978125 0.0 0.978125
0 0.034375 0.084375 0.240625 0.084375 0.240625 0.315625 0.034375 0.315625
0 0.746875 0.0 0.903125 0.0 0.903125 0.228125 0.746875 0.228125
0 0.171875 0.559375 0.428125 0.559375 0.428125 0.815625 0.171875 0.815625
0 0.621875 0.021875 0.815625 0.021875 0.815625 0.265625 0.621875 0.265625
0 0.959375 0.484375 1.0 0.484375 1.0 0.540625 0.959375 0.540625
