0 0.821875 0.346875 1.0 0.346875 1.0 0.753125 0.821875 0.753125
0 0.0 0.0 0.328125 0.0 0.328125 0.215625 0.0 0.215625
0 0.334375 0.471875 0.640625 0.471875 0.640625 0.765625 0.334375 0.765625
0 0.134375 0.696875 0.503125 0.696875 0.503125 0.990625 0.134375 0.990625
0 0.0 0.821875 0.040625 0.821875 0.040625 0.915625 0.0 0.915625
0 0.346875 0.896875 0.665625 0.896875 0.665625 1.0 0.346875 1.0
0 0.884375 0.221875 1.0 0.221875 1.0 0.453125 0.884375 0.453125
0 0.071875 0.646875 0.365625 0.646875 0.365625 0.928125 0.071875 0.928125
0 0.421875 0.196875 0.740625 0.196875 0.740625 0.540625 0.421875 0.540625
0 0.471875 0.634375 0.803125 0.634375 0.803125 0.928125 0.471875 0.928125
0 0.634375 0.0 0.878125 0.0 0.878125 0.178125 0.634375 0.178125
0 0.921875 0.0 1.0 0.0 1.0 0.165625 0.921875 0.165625
0 0.471875 0.721875 0.740625 0.721875 0.740625 0.990625 0.471875 0.990625
0 0.0 0.234375 0.290625 0.234375 0.290625 0.553125 0.0 0.553125
0 0.0 0.209375 0.028125 0.209375 0.028125 0.278125 0.0 0.278125
