0 0.0 0.159375 0.253125 0.159375 0.253125 0.440625 0.0 0.440625
0 0.709375 0.209375 0.940625 0.209375 0.940625 0.465625 0.709375 0.465625
0 0.571875 0.084375 0.828125 0.084375 0.828125 0.315625 0.571875 0.315625
0 0.446875 0.584375 0.678125 0.584375 0.678125 0.840625 0.446875 0.840625
0 0.309375 0.759375 0.565625 0.759375 0.565625 0.940625 0.309375 0.940625
0 0.384375 0.959375 0.490625 0.959375 0.490625 1.0 0.384375 1.0
0 0.859375 0.446875 1.0 0.446875 1.0 0.628125 0.859375 0.628125
0 0.484375 0.859375 0.678125 0.859375 0.678125 1.0 0.484375 1.0
0 0.246875 0.521875 0.478125 0.521875 0.478125 0.715625 0.246875 0.715625
0 0.0 0.721875 0.153125 0.721875 0.153125 0.965625 0.0 0.965625
0 0.271875 0.359375 0.503125 0.359375 0.503125 0.565625 0.271875 0.565625
0 0.0 0.434375 0.240625 0.434375 0.240625 0.665625 0.0 0.665625
0 0.284375 0.646875 0.490625 0.646875 0.490625 0.828125 0.284375 0.828125
