0 0.0 0.696875 0.165625 0.696875 0.165625 1.0 0.0 1.0
0 0.796875 0.134375 1.0 0.134375 1.0 0.540625 0.796875 0.540625
0 0.071875 0.596875 0.490625 0.596875 0.490625 1.0 0.071875 1.0
0 0.0 0.009375 0.328125 0.009375 0.328125 0.453125 0.0 0.453125
0 0.421875 0.646875 0.853125 0.646875 0.853125 1.0 0.421875 1.0
0 0.321875 0.921875 0.490625 0.921875 0.490625 1.0 0.321875 1.0
0 0.834375 0.471875 1.0 0.471875 1.0 0.615625 0.834375 0.615625
0 0.959375 0.509375 1.0 0.509375 1.0 0.590625 0.959375 0.590625
0 0.359375 0.034375 0.703125 0.034375 0.703125 0.428125 0.359375 0.428125
0 0.071875 0.284375 0.453125 0.284375 0.453125 0.690625 0.071875 0.690625
0 0.434375 0.071875 0.790625 0.071875 0.790625 0.540625 0.434375 0.540625
0 0.471875 0.484375 0.840625 0.484375 0.840625 0.865625 0.471875 0.865625
