0 0.171875 0.596875 0.490625 0.596875 0.490625 0.965625 0.171875 0.965625
0 0.346875 0.196875 0.678125 0.196875 0.678125 0.540625 0.346875 0.540625
0 0.0 0.146875 0.015625 0.146875 0.015625 0.190625 0.0 0.190625
0 0.746875 0.959375 0.903125 0.959375 0.903125 1.0 0.746875 1.0
0 0.009375 0.571875 0.265625 0.571875 0.265625 0.915625 0.009375 0.915625
0 0.059375 0.759375 0.278125 0.759375 0.278125 0.990625 0.059375 0.990625
0 0.696875 0.146875 0.903125 0.146875 0.903125 0.328125 0.696875 0.328125
0 0.609375 0.621875 0.840625 0.621875 0.840625 0.828125 0.609375 0.828125
0 0.0 0.0 0.153125 0.0 0.153125 0.140625 0.0 0.140625
0 0.571875 0.771875 0.790625 0.771875 0.790625 0.940625 0.571875 0.940625
0 0.909375 0.559375 1.0 0.559375 1.0 0.765625 0.909375 0.765625
0 0.521875 0.109375 0.778125 0.109375 0.778125 0.340625 0.521875 0.340625
0 0.646875 0.334375 0.940625 0.334375 0.940625 0.628125 0.646875 0.628125
0 0.146875 0.934375 0.315625 0.934375 0.315625 1.0 0.146875 1.0
0 0.0 0.696875 0.040625 0.696875 0.040625 0.778125 0.0 0.778125
0 0.896875 0.071875 1.0 0.071875 1.0 0.240625 0.896875 0.240625
0 0.871875 0.309375 1.0 0.309375 1.0 0.490625 0.871875 0.490625
