0 0.309375 0.584375 0.615625 0.584375 0.615625 0.903125 0.309375 0.903125
0 0.0 0.0 0.253125 0.0 0.253125 0.303125 0.0 0.303125
0 0.821875 0.434375 1.0 0.434375 1.0 0.690625 0.821875 0.690625
0 0.934375 0.659375 1.0 0.659375 1.0 0.878125 0.934375 0.878125
0 0.446875 0.0 0.703125 0.0 0.703125 0.190625 0.446875 0.190625
0 0.109375 0.909375 0.340625 0.909375 0.340625 1.0 0.109375 1.0
0 0.559375 0.609375 0.840625 0.609375 0.840625 0.865625 0.559375 0.865625
0 0.521875 0.446875 0.815625 0.446875 0.815625 0.703125 0.521875 0.703125
0 0.209375 0.0 0.503125 0.0 0.503125 0.278125 0.209375 0.278125
0 0.859375 0.284375 1.0 0.284375 1.0 0.528125 0.859375 0.528125
0 0.534375 0.084375 0.815625 0.084375 0.815625 0.378125 0.534375 0.378125
0 0.859375 0.896875 1.0 0.896875 1.0 1.0 0.859375 1.0
0 0.034375 0.559375 0.253125 0.559375 0.253125 0.765625 0.034375 0.765625
0 0.109375 0.371875 0.315625 0.371875 0.315625 0.603125 0.109375 0.603125
0 0.809375 0.171875 1.0 0.171875 1.0 0.415625 0.809375 0.415625
0 0.0 0.971875 0.028125 0.971875 0.028125 1.0 0.0 1.0
0 0.609375 0.809375 0.890625 0.809375 0.890625 1.0 0.609375 1.0
0 0.646875 0.309375 0.928125 0.309375 0.928125 0.590625 0.646875 0.590625
0 0.0 0.771875 0.253125 0.771875 0.253125 1.0 0.0 1.0
0 0.0 0.234375 0.040625 0.234375 0.040625 0.315625 0.0 0.315625
