0 0.384375 0.359375 0.728125 0.359375 0.728125 0.740625 0.384375 0.740625
0 0.734375 0.546875 1.0 0.546875 1.0 1.0 0.734375 1.0
0 0.309375 0.434375 0.528125 0.434375 0.528125 0.665625 0.309375 0.665625
0 0.809375 0.321875 1.0 0.321875 1.0 0.653125 0.809375 0.653125
0 0.0 0.496875 0.203125 0.496875 0.203125 0.765625 0.0 0.765625
0 0.184375 0.596875 0.528125 0.596875 0.528125 0.928125 0.184375 0.928125
0 0.921875 0.296875 1.0 0.296875 1.0 0.403125 0.921875 0.403125
0 0.334375 0.0 0.590625 0.0 0.590625 0.240625 0.334375 0.240625
0 0.0 0.0 0.278125 0.0 0.278125 0.228125 0.0 0.228125
0 0.034375 0.346875 0.328125 0.346875 0.328125 0.653125 0.034375 0.653125
0 0.521875 0.184375 0.815625 0.184375 0.815625 0.478125 0.521875 0.478125
