0 0.196875 0.921875 0.353125 0.921875 0.353125 1.0 0.196875 1.0
0 0.396875 0.984375 0.440625 0.984375 0.440625 1.0 0.396875 1.0
0 0.421875 0.021875 0.703125 0.021875 0.703125 0.215625 0.421875 0.215625
0 0.0 0.884375 0.153125 0.884375 0.153125 1.0 0.0 1.0
0 0.0 0.0 0.065625 0.0 0.065625 0.203125 0.0 0.203125
0 0.771875 0.734375 1.0 0.734375 1.0 1.0 0.771875 1.0
0 0.559375 0.109375 0.790625 0.109375 0.790625 0.353125 0.559375 0.353125
0 0.796875 0.609375 1.0 0.609375 1.0 0.790625 0.796875 0.790625
0 0.059375 0.684375 0.290625 0.684375 0.290625 0.915625 0.059375 0.915625
0 0.0 0.371875 0.103125 0.371875 0.103125 0.578125 0.0 0.578125
0 0.009375 0.409375 0.215625 0.409375 0.215625 0.653125 0.009375 0.653125
0 0.021875 0.384375 0.203125 0.384375 0.203125 0.615625 0.021875 0.615625
0 0.171875 0.196875 0.378125 0.196875 0.378125 0.453125 0.171875 0.453125
0 0.196875 0.559375 0.440625 0.559375 0.440625 0.803125 0.196875 0.803125
0 0.984375 0.246875 1.0 0.246875 1.0 0.290625 0.984375 0.290625
0 0.871875 0.334375 1.0 0.334375 1.0 0.553125 0.871875 0.553125
0 0.059375 0.271875 0.240625 0.271875 0.240625 0.478125 0.059375 0.478125
0 0.821875 0.059375 1.0 0.059375 1.0 0.253125 0.821875 0.253125
0 0.634375 0.571875 0.865625 0.571875 0.865625 0.765625 0.634375 0.765625
0 0.684375 0.034375 0.890625 0.034375 0.890625 0.278125 0.684375 0.278125
0 0.321875 0.209375 0.540625 0.209375 0.540625 0.465625 0.321875 0.465625
0 0.271875 0.646875 0.490625 0.646875 0.490625 0.865625 0.271875 0.865625
