0 0.909375 0.296875 1.0 0.296875 1.0 0.578125 0.909375 0.578125
0 0.0 0.746875 0.215625 0.746875 0.215625 0.990625 0.0 0.990625
0 0.0 0.0 0.240625 0.0 0.240625 0.240625 0.0 0.240625
0 0.0 0.121875 0.178125 0.121875 0.178125 0.415625 0.0 0.415625
0 0.634375 0.796875 0.940625 0.796875 0.940625 1.0 0.634375 1.0
0 0.509375 0.171875 0.765625 0.171875 0.765625 0.465625 0.509375 0.465625
0 0.796875 0.0 1.0 0.0 1.0 0.115625 0.796875 0.115625
0 0.759375 0.584375 1.0 0.584375 1.0 0.828125 0.759375 0.828125
0 0.846875 0.196875 1.0 0.196875 1.0 0.453125 0.846875 0.453125
0 0.0 0.771875 0.065625 0.771875 0.065625 0.978125 0.0 0.978125
0 0.196875 0.309375 0.415625 0.309375 0.415625 0.515625 0.196875 0.515625
0 0.634375 0.659375 0.790625 0.659375 0.790625 0.853125 0.634375 0.853125
0 0.721875 0.134375 0.953125 0.134375 0.953125 0.378125 0.721875 0.378125
0 0.296875 0.459375 0.540625 0.459375 0.540625 0.690625 0.296875 0.690625
0 0.671875 0.384375 0.903125 0.384375 0.903125 0.628125 0.671875 0.628125
0 0.0 0.521875 0.153125 0.521875 0.153125 0.740625 0.0 0.740625
0 0.134375 0.359375 0.328125 0.359375 0.328125 0.615625 0.134375 0.615625
0 0.771875 0.0 1.0 0.0 1.0 0.228125 0.771875 0.228125
