0 0.984375 0.946875 1.0 0.946875 1.0 0.990625 0.984375 0.990625
0 0.121875 0.121875 0.453125 0.121875 0.453125 0.428125 0.121875 0.428125
0 0.0 0.0 0.115625 0.0 0.115625 0.315625 0.0 0.315625
0 0.046875 0.909375 0.215625 0.909375 0.215625 1.0 0.046875 1.0
0 0.359375 0.696875 0.653125 0.696875 0.653125 0.978125 0.359375 0.978125
0 0.221875 0.0 0.515625 0.0 0.515625 0.165625 0.221875 0.165625
0 0.846875 0.671875 1.0 0.671875 1.0 0.915625 0.846875 0.915625
0 0.521875 0.359375 0.690625 0.359375 0.690625 0.515625 0.521875 0.515625
0 0.821875 0.959375 0.953125 0.959375 0.953125 1.0 0.821875 1.0
0 0.896875 0.284375 1.0 0.284375 1.0 0.515625 0.896875 0.515625
0 0.796875 0.0 1.0 0.0 1.0 0.178125 0.796875 0.178125
0 0.384375 0.159375 0.603125 0.159375 0.603125 0.453125 0.384375 0.453125
0 0.559375 0.109375 0.803125 0.109375 0.803125 0.428125 0.559375 0.428125
