0 0.671875 0.0 0.965625 0.0 0.965625 0.240625 0.671875 0.240625
0 0.109375 0.821875 0.378125 0.821875 0.378125 1.0 0.109375 1.0
0 0.321875 0.021875 0.603125 0.021875 0.603125 0.353125 0.321875 0.353125
0 0.359375 0.884375 0.628125 0.884375 0.628125 1.0 0.359375 1.0
0 0.909375 0.246875 1.0 0.246875 1.0 0.440625 0.909375 0.440625
0 0.696875 0.846875 0.978125 0.846875 0.978125 1.0 0.696875 1.0
0 0.971875 0.984375 1.0 0.984375 1.0 1.0 0.971875 1.0
0 0.846875 0.734375 1.0 0.734375 1.0 0.978125 0.846875 0.978125
0 0.021875 0.434375 0.315625 0.434375 0.315625 0.740625 0.021875 0.740625
0 0.0 0.221875 0.078125 0.221875 0.078125 0.353125 0.0 0.353125
0 0.846875 0.059375 1.0 0.059375 1.0 0.315625 0.846875 0.315625
