0 0.0 0.546875 0.115625 0.546875 0.115625 0.778125 0.0 0.778125
0 0.684375 0.284375 0.953125 0.284375 0.953125 0.540625 0.684375 0.540625
0 0.109375 0.496875 0.353125 0.496875 0.353125 0.753125 0.109375 0.753125
0 0.146875 0.834375 0.428125 0.834375 0.428125 1.0 0.146875 1.0
0 0.684375 0.0 0.928125 0.0 0.928125 0.128125 0.684375 0.128125
0 0.121875 0.684375 0.365625 0.684375 0.365625 0.890625 0.121875 0.890625
0 0.084375 0.271875 0.303125 0.271875 0.303125 0.528125 0.084375 0.528125
0 0.259375 0.096875 0.515625 0.096875 0.515625 0.315625 0.259375 0.315625
0 0.459375 0.646875 0.678125 0.646875 0.678125 0.890625 0.459375 0.890625
0 0.296875 0.659375 0.528125 0.659375 0.528125 0.878125 0.296875 0.878125
0 0.046875 0.784375 0.278125 0.784375 0.278125 0.978125 0.046875 0.978125
0 0.546875 0.909375 0.703125 0.909375 0.703125 1.0 0.546875 1.0
0 0.346875 0.521875 0.553125 0.521875 0.553125 0.728125 0.346875 0.728125
0 0.784375 0.734375 1.0 0.734375 1.0 0.965625 0.784375 0.965625
0 0.346875 0.021875 0.553125 0.021875 0.553125 0.203125 0.346875 0.203125
0 0.309375 0.246875 0.528125 0.246875 0.528125 0.503125 0.309375 0.503125
