0 0.371875 0.0 0.740625 0.0 0.740625 0.140625 0.371875 0.140625
0 0.421875 0.396875 0.803125 0.396875 0.803125 0.715625 0.421875 0.715625
0 0.0 0.159375 0.190625 0.159375 0.190625 0.415625 0.0 0.415625
0 0.0 0.0 0.153125 0.0 0.153125 0.228125 0.0 0.228125
0 0.721875 0.396875 0.990625 0.396875 0.990625 0.815625 0.721875 0.815625
0 0.321875 0.171875 0.640625 0.171875 0.640625 0.515625 0.321875 0.515625
0 0.871875 0.721875 1.0 0.721875 1.0 0.890625 0.871875 0.890625
0 0.571875 0.721875 0.903125 0.721875 0.903125 1.0 0.571875 1.0
0 0.0 0.359375 0.315625 0.359375 0.315625 0.715625 0.0 0.715625
0 0.084375 0.009375 0.403125 0.009375 0.403125 0.390625 0.084375 0.390625
0 0.921875 0.634375 1.0 0.634375 1.0 0.815625 0.921875 0.815625
0 0.546875 0.234375 0.803125 0.234375 0.803125 0.478125 0.546875 0.478125
