0 0.0 0.421875 0.303125 0.421875 0.303125 0.828125 0.0 0.828125
0 0.221875 0.371875 0.603125 0.371875 0.603125 0.778125 0.221875 0.778125
0 0.521875 0.309375 0.815625 0.309375 0.815625 0.503125 0.521875 0.503125
0 0.346875 0.134375 0.678125 0.134375 0.678125 0.428125 0.346875 0.428125
0 0.646875 0.596875 0.978125 0.596875 0.978125 0.928125 0.646875 0.928125
0 0.396875 0.621875 0.715625 0.621875 0.715625 0.928125 0.396875 0.928125
0 0.0 0.159375 0.140625 0.159375 0.140625 0.515625 0.0 0.515625
0 0.0 0.0 0.040625 0.0 0.040625 0.078125 0.0 0.078125
0 0.734375 0.271875 1.0 0.271875 1.0 0.628125 0.734375 0.628125
0 0.946875 0.459375 1.0 0.459375 1.0 0.565625 0.946875 0.565625
0 0.634375 0.859375 1.0 0.859375 1.0 1.0 0.634375 1.0
0 0.684375 0.721875 0.940625 0.721875 0.940625 0.940625 0.684375 0.940625
0 0.559375 0.209375 0.790625 0.209375 0.790625 0.415625 0.559375 0.415625
0 0.621875 0.0 0.965625 0.0 0.965625 0.215625 0.621875 0.215625
0 0.109375 0.734375 0.378125 0.734375 0.378125 1.0 0.109375 1.0
0 0.946875 0.284375 1.0 0.284375 1.0 0.490625 0.946875 0.490625
