0 0.734375 0.709375 1.0 0.709375 1.0 1.0 0.734375 1.0
0 0.971875 0.971875 1.0 0.971875 1.0 1.0 0.971875 1.0
0 0.0 0.221875 0.378125 0.221875 0.378125 0.565625 0.0 0.565625
0 0.0 0.121875 0.215625 0.121875 0.215625 0.340625 0.0 0.340625
0 0.234375 0.646875 0.440625 0.646875 0.440625 0.878125 0.234375 0.878125
0 0.0 0.0 0.228125 0.0 0.228125 0.215625 0.0 0.215625
0 0.946875 0.109375 1.0 0.109375 1.0 0.165625 0.946875 0.165625
0 0.671875 0.509375 0.928125 0.509375 0.928125 0.765625 0.671875 0.765625
0 0.884375 0.246875 1.0 0.246875 1.0 0.503125 0.884375 0.503125
0 0.0 0.609375 0.053125 0.609375 0.053125 0.690625 0.0 0.690625
0 0.0 0.684375 0.278125 0.684375 0.278125 0.965625 0.0 0.965625
0 0.584375 0.921875 0.753125 0.921875 0.753125 1.0 0.584375 1.0
0 0.846875 0.146875 1.0 0.146875 1.0 0.290625 0.846875 0.290625
0 0.446875 0.746875 0.653125 0.746875 0.653125 0.978125 0.446875 0.978125
0 0.521875 0.759375 0.715625 0.759375 0.715625 0.940625 0.521875 0.940625
0 0.746875 0.509375 0.940625 0.509375 0.940625 0.703125 0.746875 0.703125
0 0.796875 0.0 1.0 0.0 1.0 0.215625 0.796875 0.215625
0 0.371875 0.309375 0.628125 0.309375 0.628125 0.565625 0.371875 0.565625
0 0.334375 0.0 0.578125 0.0 0.578125 0.228125 0.334375 0.228125
0 0.0 0.0 0.040625 0.0 0.040625 0.115625 0.0 0.115625
0 0.221875 0.121875 0.403125 0.121875 0.403125 0.365625 0.221875 0.365625
0 0.321875 0.084375 0.540625 0.084375 0.540625 0.365625 0.321875 0.365625
