0 0.0 0.246875 0.065625 0.246875 0.065625 0.428125 0.0 0.428125
0 0.0 0.846875 0.128125 0.846875 0.128125 1.0 0.0 1.0
0 0.209375 0.0 0.603125 0.0 0.603125 0.140625 0.209375 0.140625
0 0.771875 0.621875 1.0 0.621875 1.0 1.0 0.771875 1.0
0 0.771875 0.0 1.0 0.0 1.0 0.365625 0.771875 0.365625
0 0.859375 0.296875 1.0 0.296875 1.0 0.715625 0.859375 0.715625
0 0.0 0.009375 0.053125 0.009375 0.053125 0.128125 0.0 0.128125
0 0.171875 0.359375 0.540625 0.359375 0.540625 0.778125 0.171875 0.778125
0 0.484375 0.609375 0.853125 0.609375 0.853125 0.965625 0.484375 0.965625
0 0.734375 0.0 1.0 0.0 1.0 0.290625 0.734375 0.290625
0 0.371875 0.909375 0.703125 0.909375 0.703125 1.0 0.371875 1.0
