0 0.259375 0.859375 0.553125 0.859375 0.553125 1.0 0.259375 1.0
0 0.634375 0.321875 0.953125 0.321875 0.953125 0.653125 0.634375 0.653125
0 0.709375 0.671875 0.965625 0.671875 0.965625 0.953125 0.709375 0.953125
0 0.021875 0.271875 0.265625 0.271875 0.265625 0.603125 0.021875 0.603125
0 0.046875 0.146875 0.303125 0.146875 0.303125 0.353125 0.046875 0.353125
0 0.0 0.959375 0.103125 0.959375 0.103125 1.0 0.0 1.0
0 0.809375 0.0 1.0 0.0 1.0 0.103125 0.809375 0.103125
0 0.0 0.696875 0.203125 0.696875 0.203125 0.878125 0.0 0.878125
0 0.309375 0.309375 0.503125 0.309375 0.503125 0.578125 0.309375 0.578125
0 0.921875 0.721875 1.0 0.721875 1.0 0.928125 0.921875 0.928125
0 0.596875 0.271875 0.828125 0.271875 0.828125 0.465625 0.596875 0.465625
0 0.796875 0.046875 1.0 0.046875 1.0 0.240625 0.796875 0.240625
0 0.509375 0.809375 0.703125 0.809375 0.703125 0.978125 0.509375 0.978125
0 0.071875 0.571875 0.290625 0.571875 0.290625 0.778125 0.071875 0.778125
0 0.0 0.484375 0.115625 0.484375 0.115625 0.653125 0.0 0.653125
0 0.859375 0.109375 1.0 0.109375 1.0 0.365625 0.859375 0.365625
0 0.034375 0.009375 0.178125 0.009375 0.178125 0.190625 0.034375 0.190625
0 0.434375 0.284375 0.640625 0.284375 0.640625 0.540625 0.434375 0.540625
