0 0.784375 0.0 1.0 0.0 1.0 0.178125 0.784375 0.178125
0 0.634375 0.859375 0.840625 0.859375 0.840625 1.0 0.634375 1.0
0 0.321875 0.171875 0.528125 0.171875 0.528125 0.403125 0.321875 0.403125
0 0.146875 0.671875 0.440625 0.671875 0.440625 0.965625 0.146875 0.965625
0 0.284375 0.359375 0.590625 0.359375 0.590625 0.653125 0.284375 0.653125
0 0.821875 0.321875 1.0 0.321875 1.0 0.565625 0.821875 0.565625
0 0.446875 0.0 0.690625 0.0 0.690625 0.140625 0.446875 0.140625
0 0.959375 0.171875 1.0 0.171875 1.0 0.315625 0.959375 0.315625
0 0.0 0.559375 0.090625 0.559375 0.090625 0.765625 0.0 0.765625
0 0.596875 0.284375 0.790625 0.284375 0.790625 0.465625 0.596875 0.465625
0 0.546875 0.621875 0.740625 0.621875 0.740625 0.828125 0.546875 0.828125
0 0.0 0.071875 0.265625 0.071875 0.265625 0.365625 0.0 0.365625
0 0.0 0.009375 0.053125 0.009375 0.053125 0.078125 0.0 0.078125
0 0.646875 0.659375 0.928125 0.659375 0.928125 0.903125 0.646875 0.903125
0 0.446875 0.146875 0.640625 0.146875 0.640625 0.365625 0.446875 0.365625
0 0.0 0.834375 0.203125 0.834375 0.203125 1.0 0.0 1.0
