0 0.0 0.134375 0.090625 0.134375 0.090625 0.215625 0.0 0.215625
0 0.0 0.371875 0.128125 0.371875 0.128125 0.590625 0.0 0.590625
0 0.559375 0.0 0.790625 0.0 0.790625 0.165625 0.559375 0.165625
0 0.0 0.834375 0.028125 0.834375 0.028125 0.865625 0.0 0.865625
0 0.884375 0.734375 1.0 0.734375 1.0 1.0 0.884375 1.0
0 0.834375 0.546875 1.0 0.546875 1.0 0.765625 0.834375 0.765625
0 0.359375 0.421875 0.590625 0.421875 0.590625 0.640625 0.359375 0.640625
0 0.146875 0.084375 0.378125 0.084375 0.378125 0.303125 0.146875 0.303125
0 0.196875 0.0 0.403125 0.0 0.403125 0.128125 0.196875 0.128125
0 0.834375 0.396875 1.0 0.396875 1.0 0.578125 0.834375 0.578125
0 0.346875 0.696875 0.503125 0.696875 0.503125 0.903125 0.346875 0.903125
0 0.334375 0.896875 0.553125 0.896875 0.553125 1.0 0.334375 1.0
0 0.934375 0.009375 1.0 0.009375 1.0 0.153125 0.934375 0.153125
0 0.446875 0.684375 0.603125 0.684375 0.603125 0.903125 0.446875 0.903125
0 0.659375 0.971875 0.778125 0.971875 0.778125 1.0 0.659375 1.0
0 0.0 0.271875 0.040625 0.271875 0.040625 0.378125 0.0 0.378125
0 0.146875 0.296875 0.378125 0.296875 0.378125 0.540625 0.146875 0.540625
