0 0.396875 0.0 0.728125 0.0 0.728125 0.153125 0.396875 0.153125
0 0.084375 0.121875 0.465625 0.121875 0.465625 0.490625 0.084375 0.490625
0 0.896875 0.0 1.0 0.0 1.0 0.265625 0.896875 0.265625
0 0.946875 0.246875 1.0 0.246875 1.0 0.315625 0.946875 0.315625
0 0.346875 0.334375 0.678125 0.334375 0.678125 0.640625 0.346875 0.640625
0 0.671875 0.771875 0.953125 0.771875 0.953125 1.0 0.671875 1.0
0 0.884375 0.821875 1.0 0.821875 1.0 1.0 0.884375 1.0
0 0.0 0.0 0.115625 0.0 0.115625 0.115625 0.0 0.115625
0 0.109375 0.621875 0.390625 0.621875 0.390625 0.928125 0.109375 0.928125
0 0.0 0.246875 0.078125 0.246875 0.078125 0.440625 0.0 0.440625
0 0.509375 0.046875 0.678125 0.046875 0.678125 0.253125 0.509375 0.253125
0 0.759375 0.359375 0.965625 0.359375 0.965625 0.540625 0.759375 0.540625
0 0.0 0.346875 0.253125 0.346875 0.253125 0.653125 0.0 0.653125
0 0.809375 0.559375 1.0 0.559375 1.0 0.828125 0.809375 0.828125
