0 0.821875 0.584375 1.0 0.584375 1.0 1.0 0.821875 1.0
0 0.0 0.146875 0.428125 0.146875 0.428125 0.615625 0.0 0.615625
0 0.0 0.746875 0.128125 0.746875 0.128125 0.940625 0.0 0.940625
0 0.484375 0.0 0.765625 0.0 0.765625 0.240625 0.484375 0.240625
0 0.034375 0.859375 0.378125 0.859375 0.378125 1.0 0.034375 1.0
0 0.0 0.409375 0.240625 0.409375 0.240625 0.815625 0.0 0.815625
0 0.559375 0.0 0.915625 0.0 0.915625 0.365625 0.559375 0.365625
0 0.696875 0.446875 0.940625 0.446875 0.940625 0.690625 0.696875 0.690625
0 0.634375 0.196875 0.903125 0.196875 0.903125 0.428125 0.634375 0.428125
0 0.346875 0.821875 0.665625 0.821875 0.665625 1.0 0.346875 1.0
0 0.971875 0.846875 1.0 0.846875 1.0 0.953125 0.971875 0.953125
0 0.396875 0.496875 0.740625 0.496875 0.740625 0.853125 0.396875 0.853125
0 0.121875 0.0 0.465625 0.0 0.465625 0.315625 0.121875 0.315625
