0 0.0 0.846875 0.040625 0.846875 0.040625 0.890625 0.0 0.890625
0 0.296875 0.0 0.665625 0.0 0.665625 0.428125 0.296875 0.428125
0 0.709375 0.0 1.0 0.0 1.0 0.178125 0.709375 0.178125
0 0.659375 0.846875 1.0 0.846875 1.0 1.0 0.659375 1.0
0 0.434375 0.584375 0.790625 0.584375 0.790625 1.0 0.434375 1.0
0 0.471875 0.0 0.728125 0.0 0.728125 0.240625 0.471875 0.240625
0 0.109375 0.509375 0.428125 0.509375 0.428125 0.865625 0.109375 0.865625
0 0.0 0.696875 0.253125 0.696875 0.253125 0.990625 0.0 0.990625
0 0.709375 0.571875 1.0 0.571875 1.0 0.878125 0.709375 0.878125
0 0.696875 0.709375 0.928125 0.709375 0.928125 0.965625 0.696875 0.965625
0 0.0 0.0 0.165625 0.0 0.165625 0.253125 0.0 0.253125
0 0.284375 0.0 0.478125 0.0 0.478125 0.165625 0.284375 0.165625
0 0.0 0.484375 0.153125 0.484375 0.153125 0.690625 0.0 0.690625
