0 0.459375 0.809375 0.753125 0.809375 0.753125 1.0 0.459375 1.0
0 0.984375 0.821875 1.0 0.821875 1.0 0.840625 0.984375 0.840625
0 0.534375 0.534375 0.765625 0.534375 0.765625 0.740625 0.534375 0.740625
0 0.509375 0.671875 0.703125 0.671875 0.703125 0.853125 0.509375 0.853125
0 0.109375 0.384375 0.315625 0.384375 0.315625 0.603125 0.109375 0.603125
0 0.921875 0.209375 1.0 0.209375 1.0 0.415625 0.921875 0.415625
0 0.196875 0.909375 0.390625 0.909375 0.390625 1.0 0.196875 1.0
0 0.934375 0.521875 1.0 0.521875 1.0 0.640625 0.934375 0.640625
0 0.259375 0.421875 0.465625 0.421875 0.465625 0.578125 0.259375 0.578125
0 0.484375 0.384375 0.678125 0.384375 0.678125 0.565625 0.484375 0.565625
0 0.346875 0.671875 0.565625 0.671875 0.565625 0.878125 0.346875 0.878125
0 0.046875 0.884375 0.203125 0.884375 0.203125 1.0 0.046875 1.0
0 0.0 0.009375 0.228125 0.009375 0.228125 0.278125 0.0 0.278125
