0 0.459375 0.346875 0.678125 0.346875 0.678125 0.640625 0.459375 0.640625
0 0.309375 0.271875 0.478125 0.271875 0.478125 0.528125 0.309375 0.528125
0 0.0 0.759375 0.128125 0.759375 0.128125 1.0 0.0 1.0
0 0.446875 0.084375 0.790625 0.084375 0.790625 0.315625 0.446875 0.315625
0 0.609375 0.359375 0.828125 0.359375 0.828125 0.640625 0.609375 0.640625
0 0.946875 0.909375 1.0 0.909375 1.0 1.0 0.946875 1.0
0 0.721875 0.921875 0.828125 0.921875 0.828125 1.0 0.721875 1.0
0 0.984375 0.496875 1.0 0.496875 1.0 0.515625 0.984375 0.515625
0 0.671875 0.0 0.940625 0.0 0.940625 0.165625 0.671875 0.165625
0 0.284375 0.771875 0.528125 0.771875 0.528125 1.0 0.284375 1.0
0 0.696875 0.571875 0.965625 0.571875 0.965625 0.853125 0.696875 0.853125
0 0.384375 0.821875 0.615625 0.821875 0.615625 1.0 0.384375 1.0
0 0.396875 0.671875 0.615625 0.671875 0.615625 0.878125 0.396875 0.878125
0 0.0 0.559375 0.165625 0.559375 0.165625 0.715625 0.0 0.715625
0 0.771875 0.046875 0.990625 0.046875 0.990625 0.228125 0.771875 0.228125
0 0.0 0.396875 0.153125 0.396875 0.153125 0.628125 0.0 0.628125
0 0.0 0.009375 0.140625 0.009375 0.140625 0.265625 0.0 0.265625
0 0.384375 0.384375 0.553125 0.384375 0.553125 0.603125 0.384375 0.603125
0 0.734375 0.809375 0.990625 0.809375 0.990625 1.0 0.734375 1.0
0 0.0 0.259375 0.115625 0.259375 0.115625 0.428125 0.0 0.428125
0 0.521875 0.296875 0.678125 0.296875 0.678125 0.465625 0.521875 0.465625
0 0.196875 0.796875 0.403125 0.796875 0.403125 1.0 0.196875 1.0
0 0.971875 0.396875 1.0 0.396875 1.0 0.453125 0.971875 0.453125
0 0.096875 0.559375 0.340625 0.559375 0.340625 0.828125 0.096875 0.828125
