0 0.284375 0.984375 0.340625 0.984375 0.340625 1.0 0.284375 1.0
0 0.684375 0.096875 0.965625 0.096875 0.965625 0.328125 0.684375 0.328125
0 0.0 0.096875 0.128125 0.096875 0.128125 0.328125 0.0 0.328125
0 0.384375 0.721875 0.653125 0.721875 0.653125 1.0 0.384375 1.0
0 0.984375 0.984375 1.0 0.984375 1.0 1.0 0.984375 1.0
0 0.584375 0.221875 0.840625 0.221875 0.840625 0.490625 0.584375 0.490625
0 0.659375 0.609375 0.890625 0.609375 0.890625 0.865625 0.659375 0.865625
0 0.596875 0.471875 0.803125 0.471875 0.803125 0.665625 0.596875 0.665625
0 0.546875 0.534375 0.703125 0.534375 0.703125 0.728125 0.546875 0.728125
0 0.171875 0.484375 0.390625 0.484375 0.390625 0.653125 0.171875 0.653125
0 0.871875 0.559375 1.0 0.559375 1.0 0.740625 0.871875 0.740625
0 0.0 0.571875 0.015625 0.571875 0.015625 0.640625 0.0 0.640625
0 0.471875 0.159375 0.665625 0.159375 0.665625 0.353125 0.471875 0.353125
0 0.271875 0.134375 0.490625 0.134375 0.490625 0.403125 0.271875 0.403125
0 0.0 0.0 0.215625 0.0 0.215625 0.153125 0.0 0.153125
0 0.0 0.371875 0.128125 0.371875 0.128125 0.603125 0.0 0.603125
0 0.971875 0.921875 1.0 0.921875 1.0 0.990625 0.971875 0.990625
