0 0.0 0.296875 0.215625 0.296875 0.215625 0.553125 0.0 0.553125
0 0.521875 0.059375 0.815625 0.059375 0.815625 0.428125 0.521875 0.428125
0 0.721875 0.784375 0.965625 0.784375 0.965625 1.0 0.721875 1.0
0 0.196875 0.896875 0.415625 0.896875 0.415625 1.0 0.196875 1.0
0 0.871875 0.971875 0.940625 0.971875 0.940625 1.0 0.871875 1.0
0 0.0 0.234375 0.028125 0.234375 0.028125 0.315625 0.0 0.315625
0 0.346875 0.0 0.590625 0.0 0.590625 0.215625 0.346875 0.215625
0 0.946875 0.696875 1.0 0.696875 1.0 0.778125 0.946875 0.778125
0 0.909375 0.921875 1.0 0.921875 1.0 1.0 0.909375 1.0
0 0.021875 0.834375 0.253125 0.834375 0.253125 1.0 0.021875 1.0
0 0.784375 0.534375 1.0 0.534375 1.0 0.790625 0.784375 0.790625
0 0.471875 0.446875 0.728125 0.446875 0.728125 0.703125 0.471875 0.703125
0 0.234375 0.571875 0.415625 0.571875 0.415625 0.753125 0.234375 0.753125
0 0.321875 0.346875 0.540625 0.346875 0.540625 0.515625 0.321875 0.515625
0 0.259375 0.246875 0.478125 0.246875 0.478125 0.465625 0.259375 0.465625
0 0.596875 0.634375 0.790625 0.634375 0.790625 0.828125 0.596875 0.828125
0 0.846875 0.371875 1.0 0.371875 1.0 0.590625 0.846875 0.590625
0 0.584375 0.796875 0.815625 0.796875 0.815625 1.0 0.584375 1.0
0 0.671875 0.334375 0.878125 0.334375 0.878125 0.603125 0.671875 0.603125
0 0.0 0.096875 0.015625 0.096875 0.015625 0.128125 0.0 0.128125
0 0.984375 0.184375 1.0 0.184375 1.0 0.215625 0.984375 0.215625
0 0.559375 0.446875 0.728125 0.446875 0.728125 0.615625 0.559375 0.615625
0 0.309375 0.634375 0.565625 0.634375 0.565625 0.878125 0.309375 0.878125
