0 0.359375 0.284375 0.553125 0.284375 0.553125 0.428125 0.359375 0.428125
0 0.0 0.571875 0.178125 0.571875 0.178125 0.903125 0.0 0.903125
0 0.071875 0.0 0.328125 0.0 0.328125 0.165625 0.071875 0.165625
0 0.0 0.871875 0.165625 0.871875 0.165625 1.0 0.0 1.0
0 0.371875 0.021875 0.640625 0.021875 0.640625 0.265625 0.371875 0.265625
0 0.146875 0.896875 0.353125 0.896875 0.353125 1.0 0.146875 1.0
0 0.321875 0.0 0.590625 0.0 0.590625 0.178125 0.321875 0.178125
0 0.971875 0.509375 1.0 0.509375 1.0 0.565625 0.971875 0.565625
0 0.046875 0.734375 0.328125 0.734375 0.328125 0.978125 0.046875 0.978125
0 0.371875 0.371875 0.603125 0.371875 0.603125 0.615625 0.371875 0.615625
0 0.471875 0.696875 0.653125 0.696875 0.653125 0.903125 0.471875 0.903125
0 0.871875 0.0 1.0 0.0 1.0 0.103125 0.871875 0.103125
0 0.0 0.759375 0.053125 0.759375 0.053125 0.853125 0.0 0.853125
0 0.109375 0.446875 0.353125 0.446875 0.353125 0.690625 0.109375 0.690625
0 0.859375 0.959375 0.953125 0.959375 0.953125 1.0 0.859375 1.0
0 0.221875 0.209375 0.428125 0.209375 0.428125 0.440625 0.221875 0.440625
