0 0.071875 0.0 0.290625 0.0 0.290625 0.215625 0.071875 0.215625
0 0.784375 0.259375 0.965625 0.259375 0.965625 0.478125 0.784375 0.478125
0 0.359375 0.321875 0.615625 0.321875 0.615625 0.590625 0.359375 0.590625
0 0.934375 0.796875 1.0 0.796875 1.0 0.953125 0.934375 0.953125
0 0.159375 0.659375 0.403125 0.659375 0.403125 0.915625 0.159375 0.915625
0 0.859375 0.471875 1.0 0.471875 1.0 0.603125 0.859375 0.603125
0 0.746875 0.0 0.953125 0.0 0.953125 0.178125 0.746875 0.178125
0 0.634375 0.359375 0.840625 0.359375 0.840625 0.590625 0.634375 0.590625
0 0.0 0.046875 0.053125 0.046875 0.053125 0.215625 0.0 0.215625
0 0.921875 0.321875 1.0 0.321875 1.0 0.515625 0.921875 0.515625
0 0.534375 0.084375 0.778125 0.084375 0.778125 0.340625 0.534375 0.340625
