0 0.396875 0.446875 0.615625 0.446875 0.615625 0.703125 0.396875 0.703125
0 0.434375 0.034375 0.715625 0.034375 0.715625 0.340625 0.434375 0.340625
0 0.584375 0.846875 0.815625 0.846875 0.815625 1.0 0.584375 1.0
0 0.0 0.159375 0.215625 0.159375 0.215625 0.465625 0.0 0.465625
0 0.771875 0.759375 1.0 0.759375 1.0 1.0 0.771875 1.0
0 0.471875 0.759375 0.740625 0.759375 0.740625 1.0 0.471875 1.0
0 0.221875 0.921875 0.453125 0.921875 0.453125 1.0 0.221875 1.0
0 0.096875 0.509375 0.415625 0.509375 0.415625 0.765625 0.096875 0.765625
0 0.0 0.159375 0.028125 0.159375 0.028125 0.228125 0.0 0.228125
0 0.684375 0.034375 0.840625 0.034375 0.840625 0.240625 0.684375 0.240625
0 0.959375 0.134375 1.0 0.134375 1.0 0.190625 0.959375 0.190625
0 0.071875 0.509375 0.278125 0.509375 0.278125 0.690625 0.071875 0.690625
0 0.296875 0.746875 0.503125 0.746875 0.503125 0.990625 0.296875 0.990625
0 0.446875 0.284375 0.678125 0.284375 0.678125 0.478125 0.446875 0.478125
