0 0.146875 0.334375 0.465625 0.334375 0.465625 0.665625 0.146875 0.665625
0 0.0 0.309375 0.015625 0.309375 0.015625 0.340625 0.0 0.340625
0 0.0 0.309375 0.203125 0.309375 0.203125 0.528125 0.0 0.528125
0 0.796875 0.646875 1.0 0.646875 1.0 0.940625 0.796875 0.940625
0 0.009375 0.496875 0.315625 0.496875 0.315625 0.778125 0.009375 0.778125
0 0.371875 0.771875 0.628125 0.771875 0.628125 1.0 0.371875 1.0
0 0.634375 0.846875 0.903125 0.846875 0.903125 1.0 0.634375 1.0
0 0.521875 0.946875 0.665625 0.946875 0.665625 1.0 0.521875 1.0
0 0.134375 0.109375 0.440625 0.109375 0.440625 0.378125 0.134375 0.378125
0 0.134375 0.784375 0.415625 0.784375 0.415625 1.0 0.134375 1.0
0 0.359375 0.134375 0.690625 0.134375 0.690625 0.390625 0.359375 0.390625
0 0.834375 0.909375 1.0 0.909375 1.0 1.0 0.834375 1.0
0 0.409375 0.409375 0.665625 0.409375 0.665625 0.703125 0.409375 0.703125
0 0.021875 0.034375 0.215625 0.034375 0.215625 0.253125 0.021875 0.253125
0 0.0 0.0 0.215625 0.0 0.215625 0.128125 0.0 0.128125
0 0.0 0.546875 0.028125 0.546875 0.028125 0.603125 0.0 0.603125
0 0.0 0.171875 0.015625 0.171875 0.015625 0.190625 0.0 0.190625
0 0.771875 0.471875 1.0 0.471875 1.0 0.690625 0.771875 0.690625
0 0.634375 0.084375 0.915625 0.084375 0.915625 0.403125 0.634375 0.403125
0 0.546875 0.634375 0.790625 0.634375 0.790625 0.890625 0.546875 0.890625
0 0.846875 0.0 1.0 0.0 1.0 0.253125 0.846875 0.253125
