0 0.546875 0.896875 0.715625 0.896875 0.715625 1.0 0.546875 1.0
0 0.309375 0.971875 0.378125 0.971875 0.378125 1.0 0.309375 1.0
0 0.0 0.596875 0.015625 0.596875 0.015625 0.628125 0.0 0.628125
0 0.359375 0.259375 0.765625 0.259375 0.765625 0.640625 0.359375 0.640625
0 0.259375 0.696875 0.565625 0.696875 0.565625 1.0 0.259375 1.0
0 0.659375 0.0 1.0 0.0 1.0 0.153125 0.659375 0.153125
0 0.821875 0.846875 1.0 0.846875 1.0 1.0 0.821875 1.0
0 0.659375 0.746875 0.903125 0.746875 0.903125 0.965625 0.659375 0.965625
0 0.696875 0.496875 1.0 0.496875 1.0 0.853125 0.696875 0.853125
0 0.071875 0.821875 0.365625 0.821875 0.365625 1.0 0.071875 1.0
