0 0.384375 0.634375 0.890625 0.634375 0.890625 1.0 0.384375 1.0
0 0.0 0.196875 0.203125 0.196875 0.203125 0.565625 0.0 0.565625
0 0.221875 0.796875 0.478125 0.796875 0.478125 1.0 0.221875 1.0
0 0.034375 0.046875 0.203125 0.046875 0.203125 0.303125 0.034375 0.303125
0 0.921875 0.834375 1.0 0.834375 1.0 1.0 0.921875 1.0
0 0.871875 0.0 1.0 0.0 1.0 0.253125 0.871875 0.253125
0 0.046875 0.0 0.465625 0.0 0.465625 0.165625 0.046875 0.165625
0 0.884375 0.084375 1.0 0.084375 1.0 0.278125 0.884375 0.278125
0 0.121875 0.021875 0.503125 0.021875 0.503125 0.428125 0.121875 0.428125
0 0.0 0.896875 0.090625 0.896875 0.090625 1.0 0.0 1.0
0 0.371875 0.309375 0.753125 0.309375 0.753125 0.678125 0.371875 0.678125
0 0.0 0.496875 0.115625 0.496875 0.115625 0.640625 0.0 0.640625
0 0.696875 0.246875 1.0 0.246875 1.0 0.678125 0.696875 0.678125
