0 0.159375 0.0 0.690625 0.0 0.690625 0.453125 0.159375 0.453125
0 0.621875 0.134375 0.890625 0.134375 0.890625 0.565625 0.621875 0.565625
0 0.246875 0.659375 0.603125 0.659375 0.603125 1.0 0.246875 1.0
0 0.534375 0.209375 0.715625 0.209375 0.715625 0.490625 0.534375 0.490625
0 0.096875 0.409375 0.465625 0.409375 0.465625 0.728125 0.096875 0.728125
0 0.109375 0.221875 0.365625 0.221875 0.365625 0.478125 0.109375 0.478125
0 0.809375 0.546875 1.0 0.546875 1.0 0.828125 0.809375 0.828125
0 0.846875 0.684375 1.0 0.684375 1.0 1.0 0.846875 1.0
0 0.784375 0.971875 0.865625 0.971875 0.865625 1.0 0.784375 1.0
0 0.759375 0.696875 0.928125 0.696875 0.928125 0.953125 0.759375 0.953125
0 0.0 0.921875 0.065625 0.921875 0.065625 1.0 0.0 1.0
0 0.0 0.659375 0.178125 0.659375 0.178125 0.965625 0.0 0.965625
0 0.521875 0.0 0.753125 0.0 0.753125 0.140625 0.521875 0.140625
0 0.684375 0.984375 0.703125 0.984375 0.703125 1.0 0.684375 1.0
0 0.746875 0.021875 1.0 0.021875 1.0 0.340625 0.746875 0.340625
0 0.946875 0.459375 1.0 0.459375 1.0 0.565625 0.946875 0.565625
