0 0.296875 0.884375 0.478125 0.884375 0.478125 1.0 0.296875 1.0
0 0.846875 0.946875 0.965625 0.946875 0.965625 1.0 0.846875 1.0
0 0.859375 0.496875 1.0 0.496875 1.0 0.703125 0.859375 0.703125
0 0.0 0.646875 0.290625 0.646875 0.290625 0.878125 0.0 0.878125
0 0.259375 0.709375 0.428125 0.709375 0.428125 0.928125 0.259375 0.928125
0 0.0 0.334375 0.140625 0.334375 0.140625 0.615625 0.0 0.615625
0 0.009375 0.771875 0.303125 0.771875 0.303125 1.0 0.009375 1.0
0 0.0 0.021875 0.078125 0.021875 0.078125 0.178125 0.0 0.178125
0 0.346875 0.0 0.578125 0.0 0.578125 0.178125 0.346875 0.178125
0 0.646875 0.571875 0.928125 0.571875 0.928125 0.815625 0.646875 0.815625
0 0.409375 0.284375 0.565625 0.284375 0.565625 0.465625 0.409375 0.465625
0 0.059375 0.009375 0.315625 0.009375 0.315625 0.190625 0.059375 0.190625
0 0.434375 0.459375 0.690625 0.459375 0.690625 0.690625 0.434375 0.690625
0 0.559375 0.171875 0.803125 0.171875 0.803125 0.440625 0.559375 0.440625
0 0.0 0.871875 0.053125 0.871875 0.053125 1.0 0.0 1.0
0 0.771875 0.384375 1.0 0.384375 1.0 0.603125 0.771875 0.603125
0 0.096875 0.134375 0.340625 0.134375 0.340625 0.415625 0.096875 0.415625
0 0.346875 0.734375 0.528125 0.734375 0.528125 0.940625 0.346875 0.940625
0 0.871875 0.0 1.0 0.0 1.0 0.178125 0.871875 0.178125
