0 0.359375 0.234375 0.540625 0.234375 0.540625 0.415625 0.359375 0.415625
0 0.0 0.921875 0.015625 0.921875 0.015625 0.965625 0.0 0.965625
0 0.896875 0.796875 1.0 0.796875 1.0 1.0 0.896875 1.0
0 0.596875 0.884375 0.840625 0.884375 0.840625 1.0 0.596875 1.0
0 0.559375 0.284375 0.790625 0.284375 0.790625 0.503125 0.559375 0.503125
0 0.384375 0.571875 0.640625 0.571875 0.640625 0.828125 0.384375 0.828125
0 0.0 0.371875 0.028125 0.371875 0.028125 0.503125 0.0 0.503125
0 0.296875 0.0 0.515625 0.0 0.515625 0.203125 0.296875 0.203125
0 0.421875 0.259375 0.640625 0.259375 0.640625 0.540625 0.421875 0.540625
0 0.384375 0.821875 0.628125 0.821875 0.628125 1.0 0.384375 1.0
0 0.284375 0.984375 0.340625 0.984375 0.340625 1.0 0.284375 1.0
0 0.171875 0.646875 0.353125 0.646875 0.353125 0.840625 0.171875 0.840625
0 0.259375 0.634375 0.453125 0.634375 0.453125 0.803125 0.259375 0.803125
0 0.0 0.759375 0.015625 0.759375 0.015625 0.803125 0.0 0.803125
0 0.109375 0.021875 0.315625 0.021875 0.315625 0.290625 0.109375 0.290625
0 0.0 0.596875 0.028125 0.596875 0.028125 0.665625 0.0 0.665625
0 0.821875 0.234375 1.0 0.234375 1.0 0.490625 0.821875 0.490625
0 0.571875 0.021875 0.765625 0.021875 0.765625 0.278125 0.571875 0.278125
0 0.846875 0.496875 1.0 0.496875 1.0 0.740625 0.846875 0.740625
0 0.0 0.146875 0.215625 0.146875 0.215625 0.415625 0.0 0.415625
0 0.546875 0.709375 0.778125 0.709375 0.778125 0.940625 0.546875 0.940625
0 0.609375 0.184375 0.828125 0.184375 0.828125 0.390625 0.609375 0.390625
0 0.746875 0.296875 0.928125 0.296875 0.928125 0.565625 0.746875 0.565625
0 0.0 0.734375 0.215625 0.734375 0.215625 0.940625 0.0 0.940625
0 0.459375 0.0 0.628125 0.0 0.628125 0.240625 0.459375 0.240625
