0 0.809375 0.309375 1.0 0.309375 1.0 0.640625 0.809375 0.640625
0 0.0 0.196875 0.278125 0.196875 0.278125 0.565625 0.0 0.565625
0 0.384375 0.684375 0.678125 0.684375 0.678125 0.978125 0.384375 0.978125
0 0.396875 0.184375 0.715625 0.184375 0.715625 0.478125 0.396875 0.478125
0 0.946875 0.084375 1.0 0.084375 1.0 0.203125 0.946875 0.203125
0 0.559375 0.271875 0.815625 0.271875 0.815625 0.590625 0.559375 0.590625
0 0.709375 0.021875 0.890625 0.021875 0.890625 0.228125 0.709375 0.228125
0 0.446875 0.034375 0.640625 0.034375 0.640625 0.228125 0.446875 0.228125
0 0.071875 0.021875 0.240625 0.021875 0.240625 0.253125 0.071875 0.253125
0 0.134375 0.0 0.340625 0.0 0.340625 0.153125 0.134375 0.153125
0 0.0 0.959375 0.065625 0.959375 0.065625 1.0 0.0 1.0
0 0.0 0.209375 0.015625 0.209375 0.015625 0.240625 0.0 0.240625
0 0.0 0.434375 0.040625 0.434375 0.040625 0.540625 0.0 0.540625
0 0.484375 0.921875 0.703125 0.921875 0.703125 1.0 0.484375 1.0
0 0.359375 0.771875 0.578125 0.771875 0.578125 0.990625 0.359375 0.990625
