0 0.696875 0.921875 0.790625 0.921875 0.790625 1.0 0.696875 1.0
0 0.221875 0.009375 0.478125 0.009375 0.478125 0.240625 0.221875 0.240625
0 0.571875 0.259375 0.878125 0.259375 0.878125 0.603125 0.571875 0.603125
0 0.296875 0.934375 0.415625 0.934375 0.415625 1.0 0.296875 1.0
0 0.884375 0.859375 1.0 0.859375 1.0 1.0 0.884375 1.0
0 0.796875 0.184375 1.0 0.184375 1.0 0.440625 0.796875 0.440625
0 0.0 0.096875 0.215625 0.096875 0.215625 0.365625 0.0 0.365625
0 0.671875 0.0 0.890625 0.0 0.890625 0.240625 0.671875 0.240625
0 0.259375 0.259375 0.478125 0.259375 0.478125 0.503125 0.259375 0.503125
0 0.684375 0.771875 0.940625 0.771875 0.940625 0.978125 0.684375 0.978125
0 0.0 0.196875 0.065625 0.196875 0.065625 0.378125 0.0 0.378125
0 0.171875 0.734375 0.403125 0.734375 0.403125 0.990625 0.171875 0.990625
0 0.0 0.009375 0.090625 0.009375 0.090625 0.190625 0.0 0.190625
0 0.0 0.509375 0.140625 0.509375 0.140625 0.678125 0.0 0.678125
0 0.334375 0.571875 0.540625 0.571875 0.540625 0.753125 0.334375 0.753125
0 0.484375 0.596875 0.690625 0.596875 0.690625 0.828125 0.484375 0.828125
0 0.809375 0.471875 1.0 0.471875 1.0 0.703125 0.809375 0.703125
0 0.321875 0.721875 0.540625 0.721875 0.540625 0.928125 0.321875 0.928125
0 0.0 0.859375 0.078125 0.859375 0.078125 1.0 0.0 1.0
0 0.359375 0.409375 0.553125 0.409375 0.553125 0.603125 0.359375 0.603125
