0 0.021875 0.684375 0.328125 0.684375 0.328125 0.940625 0.021875 0.940625
0 0.096875 0.634375 0.390625 0.634375 0.390625 0.903125 0.096875 0.903125
0 0.009375 0.471875 0.228125 0.471875 0.228125 0.740625 0.009375 0.740625
0 0.234375 0.0 0.503125 0.0 0.503125 0.215625 0.234375 0.215625
0 0.971875 0.946875 1.0 0.946875 1.0 1.0 0.971875 1.0
0 0.434375 0.146875 0.640625 0.146875 0.640625 0.390625 0.434375 0.390625
0 0.584375 0.259375 0.728125 0.259375 0.728125 0.490625 0.584375 0.490625
0 0.971875 0.709375 1.0 0.709375 1.0 0.778125 0.971875 0.778125
0 0.759375 0.296875 0.940625 0.296875 0.940625 0.553125 0.759375 0.553125
0 0.534375 0.446875 0.703125 0.446875 0.703125 0.603125 0.534375 0.603125
0 0.609375 0.596875 0.865625 0.596875 0.865625 0.853125 0.609375 0.853125
0 0.784375 0.796875 1.0 0.796875 1.0 1.0 0.784375 1.0
