0 0.0 0.021875 0.090625 0.021875 0.090625 0.203125 0.0 0.203125
0 0.696875 0.421875 0.903125 0.421875 0.903125 0.603125 0.696875 0.603125
0 0.059375 0.096875 0.353125 0.096875 0.353125 0.403125 0.059375 0.403125
0 0.109375 0.709375 0.315625 0.709375 0.315625 0.890625 0.109375 0.890625
0 0.871875 0.709375 1.0 0.709375 1.0 0.890625 0.871875 0.890625
0 0.0 0.271875 0.165625 0.271875 0.165625 0.503125 0.0 0.503125
0 0.559375 0.859375 0.828125 0.859375 0.828125 1.0 0.559375 1.0
0 0.034375 0.021875 0.228125 0.021875 0.228125 0.190625 0.034375 0.190625
0 0.459375 0.0 0.678125 0.0 0.678125 0.128125 0.459375 0.128125
0 0.296875 0.584375 0.490625 0.584375 0.490625 0.840625 0.296875 0.840625
0 0.121875 0.484375 0.378125 0.484375 0.378125 0.715625 0.121875 0.715625
0 0.971875 0.446875 1.0 0.446875 1.0 0.528125 0.971875 0.528125
0 0.396875 0.584375 0.640625 0.584375 0.640625 0.828125 0.396875 0.828125
0 0.671875 0.0 0.853125 0.0 0.853125 0.178125 0.671875 0.178125
0 0.084375 0.346875 0.328125 0.346875 0.328125 0.553125 0.084375 0.553125
0 0.859375 0.246875 1.0 0.246875 1.0 0.453125 0.859375 0.453125
0 0.396875 0.159375 0.590625 0.159375 0.590625 0.340625 0.396875 0.340625
0 0.0 0.534375 0.078125 0.534375 0.078125 0.665625 0.0 0.665625
0 0.184375 0.421875 0.365625 0.421875 0.365625 0.590625 0.184375 0.590625
0 0.346875 0.346875 0.553125 0.346875 0.553125 0.603125 0.346875 0.603125
0 0.484375 0.209375 0.715625 0.209375 0.715625 0.365625 0.484375 0.365625
0 0.821875 0.296875 0.990625 0.296875 0.990625 0.553125 0.821875 0.553125
0 0.0 0.384375 0.078125 0.384375 0.078125 0.603125 0.0 0.603125
0 0.884375 0.809375 1.0 0.809375 1.0 0.990625 0.884375 0.990625
0 0.659375 0.271875 0.865625 0.271875 0.865625 0.440625 0.659375 0.440625
0 0.784375 0.884375 0.990625 0.884375 0.990625 1.0 0.784375 1.0
0 0.009375 0.796875 0.215625 0.796875 0.215625 1.0 0.009375 1.0
0 0.509375 0.309375 0.703125 0.309375 0.703125 0.553125 0.509375 0.553125
0 0.734375 0.759375 0.928125 0.759375 0.928125 0.940625 0.734375 0.940625
