0 0.346875 0.334375 0.840625 0.334375 0.840625 0.728125 0.346875 0.728125
0 0.596875 0.109375 0.953125 0.109375 0.953125 0.540625 0.596875 0.540625
0 0.0 0.0 0.065625 0.0 0.065625 0.065625 0.0 0.065625
0 0.0 0.896875 0.053125 0.896875 0.053125 0.953125 0.0 0.953125
0 0.0 0.696875 0.240625 0.696875 0.240625 1.0 0.0 1.0
0 0.0 0.446875 0.115625 0.446875 0.115625 0.828125 0.0 0.828125
0 0.184375 0.734375 0.540625 0.734375 0.540625 1.0 0.184375 1.0
0 0.971875 0.359375 1.0 0.359375 1.0 0.390625 0.971875 0.390625
0 0.559375 0.721875 0.853125 0.721875 0.853125 0.965625 0.559375 0.965625
0 0.059375 0.046875 0.340625 0.046875 0.340625 0.365625 0.059375 0.365625
0 0.509375 0.0 0.803125 0.0 0.803125 0.153125 0.509375 0.153125
0 0.096875 0.496875 0.403125 0.496875 0.403125 0.865625 0.096875 0.865625
0 0.846875 0.334375 1.0 0.334375 1.0 0.728125 0.846875 0.728125
