0 0.746875 0.359375 1.0 0.359375 1.0 0.728125 0.746875 0.728125
0 0.0 0.184375 0.078125 0.184375 0.078125 0.453125 0.0 0.453125
0 0.859375 0.621875 1.0 0.621875 1.0 1.0 0.859375 1.0
0 0.196875 0.334375 0.478125 0.334375 0.478125 0.628125 0.196875 0.628125
0 0.334375 0.584375 0.615625 0.584375 0.615625 0.840625 0.334375 0.840625
0 0.046875 0.409375 0.290625 0.409375 0.290625 0.603125 0.046875 0.603125
0 0.834375 0.146875 1.0 0.146875 1.0 0.478125 0.834375 0.478125
0 0.634375 0.009375 1.0 0.009375 1.0 0.403125 0.634375 0.403125
0 0.0 0.146875 0.365625 0.146875 0.365625 0.528125 0.0 0.528125
0 0.846875 0.0 1.0 0.0 1.0 0.203125 0.846875 0.203125
