0 0.109375 0.046875 0.353125 0.046875 0.353125 0.340625 0.109375 0.340625
0 0.0 0.834375 0.103125 0.834375 0.103125 1.0 0.0 1.0
0 0.396875 0.0 0.615625 0.0 0.615625 0.115625 0.396875 0.115625
0 0.909375 0.959375 1.0 0.959375 1.0 1.0 0.909375 1.0
0 0.934375 0.871875 1.0 0.871875 1.0 1.0 0.934375 1.0
0 0.309375 0.434375 0.540625 0.434375 0.540625 0.715625 0.309375 0.715625
0 0.721875 0.221875 0.978125 0.221875 0.978125 0.478125 0.721875 0.478125
0 0.634375 0.821875 0.878125 0.821875 0.878125 1.0 0.634375 1.0
0 0.0 0.721875 0.078125 0.721875 0.078125 0.840625 0.0 0.840625
0 0.634375 0.634375 0.803125 0.634375 0.803125 0.828125 0.634375 0.828125
0 0.334375 0.859375 0.515625 0.859375 0.515625 1.0 0.334375 1.0
0 0.946875 0.034375 1.0 0.034375 1.0 0.153125 0.946875 0.153125
0 0.021875 0.384375 0.178125 0.384375 0.178125 0.578125 0.021875 0.578125
0 0.346875 0.021875 0.540625 0.021875 0.540625 0.303125 0.346875 0.303125
0 0.534375 0.059375 0.753125 0.059375 0.753125 0.340625 0.534375 0.340625
0 0.859375 0.684375 1.0 0.684375 1.0 0.903125 0.859375 0.903125
