0 0.0 0.646875 0.178125 0.646875 0.178125 0.953125 0.0 0.953125
0 0.746875 0.596875 1.0 0.596875 1.0 0.853125 0.746875 0.853125
0 0.671875 0.734375 0.978125 0.734375 0.978125 0.990625 0.671875 0.990625
0 0.521875 0.746875 0.778125 0.746875 0.778125 1.0 0.521875 1.0
0 0.0 0.071875 0.140625 0.071875 0.140625 0.290625 0.0 0.290625
0 0.409375 0.259375 0.565625 0.259375 0.565625 0.478125 0.409375 0.478125
0 0.246875 0.259375 0.440625 0.259375 0.440625 0.453125 0.246875 0.453125
0 0.471875 0.121875 0.740625 0.121875 0.740625 0.403125 0.471875 0.403125
0 0.709375 0.034375 0.990625 0.034375 0.990625 0.365625 0.709375 0.365625
0 0.096875 0.721875 0.353125 0.721875 0.353125 0.990625 0.096875 0.990625
0 0.909375 0.884375 1.0 0.884375 1.0 1.0 0.909375 1.0
0 0.0 0.484375 0.215625 0.484375 0.215625 0.703125 0.0 0.703125
0 0.946875 0.309375 1.0 0.309375 1.0 0.365625 0.946875 0.365625
0 0.159375 0.359375 0.428125 0.359375 0.428125 0.628125 0.159375 0.628125
0 0.384375 0.434375 0.665625 0.434375 0.665625 0.715625 0.384375 0.715625
0 0.721875 0.834375 0.953125 0.834375 0.953125 1.0 0.721875 1.0
