0 0.759375 0.0 0.928125 0.0 0.928125 0.228125 0.759375 0.228125
0 0.784375 0.559375 1.0 0.559375 1.0 0.928125 0.784375 0.928125
0 0.871875 0.196875 1.0 0.196875 1.0 0.440625 0.871875 0.440625
0 0.446875 0.121875 0.828125 0.121875 0.828125 0.478125 0.446875 0.478125
0 0.321875 0.521875 0.665625 0.521875 0.665625 0.890625 0.321875 0.890625
0 0.409375 0.0 0.653125 0.0 0.653125 0.190625 0.409375 0.190625
0 0.134375 0.484375 0.415625 0.484375 0.415625 0.803125 0.134375 0.803125
0 0.909375 0.834375 1.0 0.834375 1.0 0.965625 0.909375 0.965625
0 0.0 0.296875 0.178125 0.296875 0.178125 0.615625 0.0 0.615625
0 0.796875 0.0 1.0 0.0 1.0 0.290625 0.796875 0.290625
