0 0.496875 0.384375 0.790625 0.384375 0.790625 0.690625 0.496875 0.690625
0 0.846875 0.546875 1.0 0.546875 1.0 0.728125 0.846875 0.728125
0 0.0 0.009375 0.015625 0.009375 0.015625 0.028125 0.0 0.028125
0 0.0 0.084375 0.115625 0.084375 0.115625 0.303125 0.0 0.303125
0 0.759375 0.134375 0.915625 0.134375 0.915625 0.365625 0.759375 0.365625
0 0.346875 0.571875 0.615625 0.571875 0.615625 0.803125 0.346875 0.803125
0 0.309375 0.471875 0.528125 0.471875 0.528125 0.678125 0.309375 0.678125
0 0.096875 0.0 0.415625 0.0 0.415625 0.203125 0.096875 0.203125
0 0.284375 0.884375 0.540625 0.884375 0.540625 1.0 0.284375 1.0
0 0.534375 0.884375 0.765625 0.884375 0.765625 1.0 0.534375 1.0
0 0.096875 0.146875 0.340625 0.146875 0.340625 0.415625 0.096875 0.415625
0 0.759375 0.834375 1.0 0.834375 1.0 1.0 0.759375 1.0
0 0.0 0.709375 0.278125 0.709375 0.278125 0.953125 0.0 0.953125
0 0.759375 0.371875 0.990625 0.371875 0.990625 0.528125 0.759375 0.528125
0 0.434375 0.009375 0.603125 0.009375 0.603125 0.190625 0.434375 0.190625
0 0.796875 0.034375 0.990625 0.034375 0.990625 0.203125 0.796875 0.203125
0 0.096875 0.609375 0.303125 0.609375 0.303125 0.790625 0.096875 0.790625
0 0.209375 0.384375 0.440625 0.384375 0.440625 0.590625 0.209375 0.590625
0 0.984375 0.534375 1.0 0.534375 1.0 0.578125 0.984375 0.578125
0 0.0 0.621875 0.065625 0.621875 0.065625 0.665625 0.0 0.665625
0 0.009375 0.909375 0.253125 0.909375 0.253125 1.0 0.009375 1.0
0 0.846875 0.134375 1.0 0.134375 1.0 0.403125 0.846875 0.403125
0 0.0 0.321875 0.028125 0.321875 0.028125 0.403125 0.0 0.403125
0 0.834375 0.696875 1.0 0.696875 1.0 0.890625 0.834375 0.890625
0 0.246875 0.171875 0.453125 0.171875 0.453125 0.428125 0.246875 0.428125
0 0.409375 0.171875 0.615625 0.171875 0.615625 0.415625 0.409375 0.415625
0 0.934375 0.934375 1.0 0.934375 1.0 1.0 0.934375 1.0
