0 0.0 0.471875 0.040625 0.471875 0.040625 0.553125 0.0 0.553125
0 0.596875 0.359375 0.878125 0.359375 0.878125 0.615625 0.596875 0.615625
0 0.521875 0.509375 0.715625 0.509375 0.715625 0.728125 0.521875 0.728125
0 0.446875 0.696875 0.678125 0.696875 0.678125 0.903125 0.446875 0.903125
0 0.184375 0.609375 0.428125 0.609375 0.428125 0.840625 0.184375 0.840625
0 0.796875 0.496875 1.0 0.496875 1.0 0.740625 0.796875 0.740625
0 0.571875 0.221875 0.815625 0.221875 0.815625 0.440625 0.571875 0.440625
0 0.346875 0.584375 0.565625 0.584375 0.565625 0.865625 0.346875 0.865625
0 0.546875 0.671875 0.753125 0.671875 0.753125 0.878125 0.546875 0.878125
0 0.171875 0.884375 0.390625 0.884375 0.390625 1.0 0.171875 1.0
0 0.0 0.984375 0.065625 0.984375 0.065625 1.0 0.0 1.0
0 0.834375 0.346875 1.0 0.346875 1.0 0.503125 0.834375 0.503125
0 0.0 0.0 0.090625 0.0 0.090625 0.115625 0.0 0.115625
0 0.059375 0.721875 0.303125 0.721875 0.303125 0.953125 0.059375 0.953125
0 0.571875 0.859375 0.803125 0.859375 0.803125 1.0 0.571875 1.0
0 0.784375 0.084375 1.0 0.084375 1.0 0.353125 0.784375 0.353125
0 0.621875 0.0 0.840625 0.0 0.840625 0.153125 0.621875 0.153125
0 0.809375 0.859375 1.0 0.859375 1.0 1.0 0.809375 1.0
0 0.059375 0.0 0.303125 0.0 0.303125 0.215625 0.059375 0.215625
