0 0.871875 0.646875 1.0 0.646875 1.0 0.903125 0.871875 0.903125
0 0.0 0.096875 0.028125 0.096875 0.028125 0.228125 0.0 0.228125
0 0.659375 0.209375 0.940625 0.209375 0.940625 0.428125 0.659375 0.428125
0 0.784375 0.021875 1.0 0.021875 1.0 0.353125 0.784375 0.353125
0 0.0 0.084375 0.303125 0.084375 0.303125 0.453125 0.0 0.453125
0 0.0 0.021875 0.015625 0.021875 0.015625 0.053125 0.0 0.053125
0 0.484375 0.821875 0.753125 0.821875 0.753125 1.0 0.484375 1.0
0 0.096875 0.0 0.328125 0.0 0.328125 0.153125 0.096875 0.153125
0 0.871875 0.496875 1.0 0.496875 1.0 0.715625 0.871875 0.715625
0 0.571875 0.546875 0.765625 0.546875 0.765625 0.753125 0.571875 0.753125
0 0.384375 0.271875 0.565625 0.271875 0.565625 0.465625 0.384375 0.465625
0 0.0 0.509375 0.165625 0.509375 0.165625 0.753125 0.0 0.753125
0 0.634375 0.034375 0.865625 0.034375 0.865625 0.253125 0.634375 0.253125
0 0.421875 0.0 0.690625 0.0 0.690625 0.315625 0.421875 0.315625
0 0.259375 0.509375 0.553125 0.509375 0.553125 0.790625 0.259375 0.790625
0 0.171875 0.734375 0.403125 0.734375 0.403125 0.965625 0.171875 0.965625
0 0.221875 0.846875 0.453125 0.846875 0.453125 1.0 0.221875 1.0
0 0.621875 0.596875 0.903125 0.596875 0.903125 0.865625 0.621875 0.865625
0 0.459375 0.971875 0.515625 0.971875 0.515625 1.0 0.459375 1.0
0 0.021875 0.684375 0.278125 0.684375 0.278125 0.915625 0.021875 0.915625
0 0.021875 0.884375 0.228125 0.884375 0.228125 1.0 0.021875 1.0
