0 0.734375 0.021875 1.0 0.021875 1.0 0.365625 0.734375 0.365625
0 0.546875 0.0 0.865625 0.0 0.865625 0.340625 0.546875 0.340625
0 0.009375 0.371875 0.353125 0.371875 0.353125 0.715625 0.009375 0.715625
0 0.234375 0.934375 0.453125 0.934375 0.453125 1.0 0.234375 1.0
0 0.796875 0.609375 1.0 0.609375 1.0 0.940625 0.796875 0.940625
0 0.834375 0.0 1.0 0.0 1.0 0.165625 0.834375 0.165625
0 0.221875 0.721875 0.490625 0.721875 0.490625 1.0 0.221875 1.0
0 0.021875 0.709375 0.290625 0.709375 0.290625 1.0 0.021875 1.0
0 0.0 0.921875 0.015625 0.921875 0.015625 0.953125 0.0 0.953125
0 0.046875 0.0 0.378125 0.0 0.378125 0.315625 0.046875 0.315625
0 0.0 0.121875 0.065625 0.121875 0.065625 0.365625 0.0 0.365625
0 0.796875 0.234375 1.0 0.234375 1.0 0.515625 0.796875 0.515625
0 0.896875 0.0 1.0 0.0 1.0 0.128125 0.896875 0.128125
0 0.321875 0.471875 0.603125 0.471875 0.603125 0.753125 0.321875 0.753125
0 0.309375 0.284375 0.578125 0.284375 0.578125 0.540625 0.309375 0.540625
