0 0.171875 0.259375 0.528125 0.259375 0.528125 0.640625 0.171875 0.640625
0 0.471875 0.009375 0.853125 0.009375 0.853125 0.353125 0.471875 0.353125
0 0.0 0.034375 0.178125 0.034375 0.178125 0.265625 0.0 0.265625
0 0.0 0.434375 0.015625 0.434375 0.015625 0.465625 0.0 0.465625
0 0.109375 0.846875 0.428125 0.846875 0.428125 1.0 0.109375 1.0
0 0.834375 0.771875 1.0 0.771875 1.0 1.0 0.834375 1.0
0 0.421875 0.559375 0.715625 0.559375 0.715625 0.890625 0.421875 0.890625
0 0.609375 0.934375 0.740625 0.934375 0.740625 1.0 0.609375 1.0
0 0.121875 0.071875 0.415625 0.071875 0.415625 0.328125 0.121875 0.328125
0 0.146875 0.634375 0.415625 0.634375 0.415625 0.890625 0.146875 0.890625
0 0.0 0.496875 0.253125 0.496875 0.253125 0.753125 0.0 0.753125
0 0.0 0.134375 0.165625 0.134375 0.165625 0.465625 0.0 0.465625
0 0.509375 0.159375 0.740625 0.159375 0.740625 0.465625 0.509375 0.465625
