0 0.646875 0.584375 1.0 0.584375 1.0 1.0 0.646875 1.0
0 0.0 0.546875 0.215625 0.546875 0.215625 0.940625 0.0 0.940625
0 0.371875 0.721875 0.740625 0.721875 0.740625 1.0 0.371875 1.0
0 0.321875 0.934375 0.415625 0.934375 0.415625 1.0 0.321875 1.0
0 0.0 0.496875 0.153125 0.496875 0.153125 0.703125 0.0 0.703125
0 0.0 0.909375 0.040625 0.909375 0.040625 1.0 0.0 1.0
0 0.0 0.709375 0.353125 0.709375 0.353125 1.0 0.0 1.0
0 0.934375 0.934375 1.0 0.934375 1.0 1.0 0.934375 1.0
0 0.221875 0.0 0.503125 0.0 0.503125 0.303125 0.221875 0.303125
0 0.696875 0.0 0.978125 0.0 0.978125 0.215625 0.696875 0.215625
0 0.434375 0.0 0.690625 0.0 0.690625 0.165625 0.434375 0.165625
