0 0.934375 0.921875 1.0 0.921875 1.0 1.0 0.934375 1.0
0 0.071875 0.359375 0.340625 0.359375 0.340625 0.665625 0.071875 0.665625
0 0.0 0.109375 0.115625 0.109375 0.115625 0.378125 0.0 0.378125
0 0.246875 0.884375 0.490625 0.884375 0.490625 1.0 0.246875 1.0
0 0.371875 0.571875 0.678125 0.571875 0.678125 0.828125 0.371875 0.828125
0 0.346875 0.421875 0.603125 0.421875 0.603125 0.653125 0.346875 0.653125
0 0.321875 0.271875 0.540625 0.271875 0.540625 0.553125 0.321875 0.553125
0 0.596875 0.821875 0.853125 0.821875 0.853125 1.0 0.596875 1.0
0 0.934375 0.321875 1.0 0.321875 1.0 0.515625 0.934375 0.515625
0 0.771875 0.746875 1.0 0.746875 1.0 1.0 0.771875 1.0
0 0.634375 0.284375 0.840625 0.284375 0.840625 0.503125 0.634375 0.503125
0 0.159375 0.021875 0.340625 0.021875 0.340625 0.190625 0.159375 0.190625
0 0.709375 0.546875 0.903125 0.546875 0.903125 0.740625 0.709375 0.740625
0 0.0 0.721875 0.140625 0.721875 0.140625 0.978125 0.0 0.978125
0 0.059375 0.659375 0.303125 0.659375 0.303125 0.903125 0.059375 0.903125
0 0.771875 0.259375 1.0 0.259375 1.0 0.515625 0.771875 0.515625
0 0.0 0.359375 0.090625 0.359375 0.090625 0.490625 0.0 0.490625
0 0.884375 0.0 1.0 0.0 1.0 0.215625 0.884375 0.215625
0 0.846875 0.496875 1.0 0.496875 1.0 0.753125 0.846875 0.753125
