0 0.0 0.209375 0.228125 0.209375 0.228125 0.515625 0.0 0.515625
0 0.871875 0.321875 1.0 0.321875 1.0 0.740625 0.871875 0.740625
0 0.646875 0.384375 0.953125 0.384375 0.953125 0.753125 0.646875 0.753125
0 0.646875 0.0 1.0 0.0 1.0 0.090625 0.646875 0.090625
0 0.384375 0.121875 0.790625 0.121875 0.790625 0.540625 0.384375 0.540625
0 0.971875 0.784375 1.0 0.784375 1.0 0.828125 0.971875 0.828125
0 0.859375 0.984375 0.903125 0.984375 0.903125 1.0 0.859375 1.0
0 0.646875 0.684375 1.0 0.684375 1.0 1.0 0.646875 1.0
0 0.0 0.0 0.340625 0.0 0.340625 0.353125 0.0 0.353125
0 0.321875 0.059375 0.653125 0.059375 0.653125 0.353125 0.321875 0.353125
0 0.471875 0.734375 0.778125 0.734375 0.778125 1.0 0.471875 1.0
0 0.146875 0.946875 0.403125 0.946875 0.403125 1.0 0.146875 1.0
