0 0.509375 0.821875 0.815625 0.821875 0.815625 1.0 0.509375 1.0
0 0.259375 0.009375 0.565625 0.009375 0.565625 0.315625 0.259375 0.315625
0 0.596875 0.146875 0.903125 0.146875 0.903125 0.465625 0.596875 0.465625
0 0.221875 0.484375 0.428125 0.484375 0.428125 0.728125 0.221875 0.728125
0 0.246875 0.909375 0.453125 0.909375 0.453125 1.0 0.246875 1.0
0 0.459375 0.284375 0.678125 0.284375 0.678125 0.503125 0.459375 0.503125
0 0.209375 0.671875 0.403125 0.671875 0.403125 0.940625 0.209375 0.940625
0 0.796875 0.834375 1.0 0.834375 1.0 1.0 0.796875 1.0
0 0.871875 0.284375 1.0 0.284375 1.0 0.578125 0.871875 0.578125
0 0.0 0.571875 0.190625 0.571875 0.190625 0.865625 0.0 0.865625
0 0.0 0.209375 0.228125 0.209375 0.228125 0.490625 0.0 0.490625
0 0.371875 0.709375 0.590625 0.709375 0.590625 0.965625 0.371875 0.965625
0 0.059375 0.509375 0.315625 0.509375 0.315625 0.753125 0.059375 0.753125
0 0.196875 0.259375 0.465625 0.259375 0.465625 0.540625 0.196875 0.540625
0 0.159375 0.746875 0.353125 0.746875 0.353125 0.978125 0.159375 0.978125
