0 0.009375 0.884375 0.203125 0.884375 0.203125 1.0 0.009375 1.0
0 0.146875 0.334375 0.428125 0.334375 0.428125 0.628125 0.146875 0.628125
0 0.659375 0.209375 0.965625 0.209375 0.965625 0.478125 0.659375 0.478125
0 0.896875 0.121875 1.0 0.121875 1.0 0.353125 0.896875 0.353125
0 0.671875 0.484375 0.915625 0.484375 0.915625 0.728125 0.671875 0.728125
0 0.559375 0.809375 0.790625 0.809375 0.790625 1.0 0.559375 1.0
0 0.796875 0.0 1.0 0.0 1.0 0.178125 0.796875 0.178125
0 0.0 0.734375 0.190625 0.734375 0.190625 0.965625 0.0 0.965625
0 0.0 0.296875 0.053125 0.296875 0.053125 0.415625 0.0 0.415625
0 0.409375 0.734375 0.603125 0.734375 0.603125 0.903125 0.409375 0.903125
0 0.734375 0.821875 0.878125 0.821875 0.878125 1.0 0.734375 1.0
0 0.934375 0.434375 1.0 0.434375 1.0 0.590625 0.934375 0.590625
0 0.459375 0.921875 0.603125 0.921875 0.603125 1.0 0.459375 1.0
0 0.0 0.0 0.078125 0.0 0.078125 0.165625 0.0 0.165625
0 0.571875 0.109375 0.790625 0.109375 0.790625 0.315625 0.571875 0.315625
0 0.084375 0.0 0.340625 0.0 0.340625 0.178125 0.084375 0.178125
0 0.784375 0.059375 0.990625 0.059375 0.990625 0.265625 0.784375 0.265625
