0 0.659375 0.0 0.878125 0.0 0.878125 0.140625 0.659375 0.140625
0 0.396875 0.0 0.615625 0.0 0.615625 0.153125 0.396875 0.153125
0 0.071875 0.696875 0.353125 0.696875 0.353125 0.978125 0.071875 0.978125
0 0.884375 0.0 1.0 0.0 1.0 0.103125 0.884375 0.103125
0 0.009375 0.959375 0.103125 0.959375 0.103125 1.0 0.009375 1.0
0 0.746875 0.384375 0.940625 0.384375 0.940625 0.603125 0.746875 0.603125
0 0.396875 0.196875 0.640625 0.196875 0.640625 0.453125 0.396875 0.453125
0 0.434375 0.271875 0.703125 0.271875 0.703125 0.578125 0.434375 0.578125
0 0.234375 0.446875 0.528125 0.446875 0.528125 0.728125 0.234375 0.728125
0 0.509375 0.846875 0.790625 0.846875 0.790625 1.0 0.509375 1.0
0 0.0 0.0 0.078125 0.0 0.078125 0.190625 0.0 0.190625
