0 0.759375 0.096875 0.990625 0.096875 0.990625 0.428125 0.759375 0.428125
0 0.921875 0.759375 1.0 0.759375 1.0 0.853125 0.921875 0.853125
0 0.0 0.0 0.340625 0.0 0.340625 0.353125 0.0 0.353125
0 0.759375 0.796875 1.0 0.796875 1.0 1.0 0.759375 1.0
0 0.671875 0.384375 1.0 0.384375 1.0 0.728125 0.671875 0.728125
0 0.971875 0.184375 1.0 0.184375 1.0 0.228125 0.971875 0.228125
0 0.721875 0.571875 1.0 0.571875 1.0 0.840625 0.721875 0.840625
0 0.109375 0.884375 0.340625 0.884375 0.340625 1.0 0.109375 1.0
0 0.234375 0.796875 0.490625 0.796875 0.490625 1.0 0.234375 1.0
0 0.846875 0.209375 1.0 0.209375 1.0 0.478125 0.846875 0.478125
0 0.334375 0.421875 0.678125 0.421875 0.678125 0.778125 0.334375 0.778125
0 0.471875 0.909375 0.678125 0.909375 0.678125 1.0 0.471875 1.0
