0 0.921875 0.446875 1.0 0.446875 1.0 0.703125 0.921875 0.703125
0 0.146875 0.134375 0.440625 0.134375 0.440625 0.453125 0.146875 0.453125
0 0.784375 0.596875 1.0 0.596875 1.0 0.915625 0.784375 0.915625
0 0.096875 0.796875 0.515625 0.796875 0.515625 1.0 0.096875 1.0
0 0.459375 0.809375 0.753125 0.809375 0.753125 1.0 0.459375 1.0
0 0.571875 0.0 0.878125 0.0 0.878125 0.278125 0.571875 0.278125
0 0.659375 0.396875 0.953125 0.396875 0.953125 0.640625 0.659375 0.640625
0 0.384375 0.684375 0.640625 0.684375 0.640625 0.978125 0.384375 0.978125
0 0.534375 0.984375 0.553125 0.984375 0.553125 1.0 0.534375 1.0
0 0.921875 0.271875 1.0 0.271875 1.0 0.453125 0.921875 0.453125
0 0.0 0.409375 0.253125 0.409375 0.253125 0.690625 0.0 0.690625
0 0.384375 0.096875 0.640625 0.096875 0.640625 0.428125 0.384375 0.428125
0 0.659375 0.171875 0.953125 0.171875 0.953125 0.453125 0.659375 0.453125
0 0.0 0.509375 0.128125 0.509375 0.128125 0.790625 0.0 0.790625
0 0.021875 0.271875 0.178125 0.271875 0.178125 0.428125 0.021875 0.428125
0 0.421875 0.396875 0.615625 0.396875 0.615625 0.628125 0.421875 0.628125
0 0.109375 0.0 0.378125 0.0 0.378125 0.228125 0.109375 0.228125
0 0.071875 0.746875 0.290625 0.746875 0.290625 0.953125 0.071875 0.953125
0 0.734375 0.921875 0.878125 0.921875 0.878125 1.0 0.734375 1.0
0 0.0 0.859375 0.153125 0.859375 0.153125 1.0 0.0 1.0
0 0.296875 0.659375 0.503125 0.659375 0.503125 0.878125 0.296875 0.878125
