0 0.471875 0.659375 0.765625 0.659375 0.765625 0.940625 0.471875 0.940625
0 0.196875 0.146875 0.515625 0.146875 0.515625 0.428125 0.196875 0.428125
0 0.296875 0.784375 0.528125 0.784375 0.528125 1.0 0.296875 1.0
0 0.0 0.546875 0.165625 0.546875 0.165625 0.778125 0.0 0.778125
0 0.496875 0.334375 0.790625 0.334375 0.790625 0.565625 0.496875 0.565625
0 0.0 0.084375 0.103125 0.084375 0.103125 0.328125 0.0 0.328125
0 0.0 0.096875 0.228125 0.096875 0.228125 0.390625 0.0 0.390625
0 0.696875 0.721875 0.940625 0.721875 0.940625 1.0 0.696875 1.0
0 0.171875 0.059375 0.353125 0.059375 0.353125 0.240625 0.171875 0.240625
0 0.609375 0.884375 0.828125 0.884375 0.828125 1.0 0.609375 1.0
0 0.221875 0.784375 0.403125 0.784375 0.403125 0.978125 0.221875 0.978125
0 0.434375 0.159375 0.640625 0.159375 0.640625 0.390625 0.434375 0.390625
0 0.646875 0.171875 0.890625 0.171875 0.890625 0.428125 0.646875 0.428125
0 0.234375 0.984375 0.278125 0.984375 0.278125 1.0 0.234375 1.0
