0 0.0 0.809375 0.290625 0.809375 0.290625 1.0 0.0 1.0
0 0.0 0.821875 0.028125 0.821875 0.028125 0.928125 0.0 0.928125
0 0.209375 0.609375 0.653125 0.609375 0.653125 1.0 0.209375 1.0
0 0.759375 0.734375 1.0 0.734375 1.0 1.0 0.759375 1.0
0 0.896875 0.446875 1.0 0.446875 1.0 0.553125 0.896875 0.553125
0 0.0 0.971875 0.028125 0.971875 0.028125 1.0 0.0 1.0
0 0.846875 0.284375 1.0 0.284375 1.0 0.528125 0.846875 0.528125
0 0.784375 0.584375 0.990625 0.584375 0.990625 0.790625 0.784375 0.790625
0 0.0 0.246875 0.103125 0.246875 0.103125 0.440625 0.0 0.440625
0 0.409375 0.084375 0.715625 0.084375 0.715625 0.428125 0.409375 0.428125
