0 0.546875 0.409375 0.853125 0.409375 0.853125 0.790625 0.546875 0.790625
0 0.234375 0.459375 0.528125 0.459375 0.528125 0.765625 0.234375 0.765625
0 0.621875 0.834375 0.903125 0.834375 0.903125 1.0 0.621875 1.0
0 0.159375 0.534375 0.465625 0.534375 0.465625 0.815625 0.159375 0.815625
0 0.234375 0.0 0.465625 0.0 0.465625 0.140625 0.234375 0.140625
0 0.096875 0.271875 0.315625 0.271875 0.315625 0.465625 0.096875 0.465625
0 0.609375 0.121875 0.753125 0.121875 0.753125 0.315625 0.609375 0.315625
0 0.521875 0.0 0.728125 0.0 0.728125 0.190625 0.521875 0.190625
0 0.971875 0.634375 1.0 0.634375 1.0 0.715625 0.971875 0.715625
0 0.646875 0.134375 0.915625 0.134375 0.915625 0.415625 0.646875 0.415625
