0 0.559375 0.409375 0.928125 0.409375 0.928125 0.728125 0.559375 0.728125
0 0.046875 0.634375 0.490625 0.634375 0.490625 1.0 0.046875 1.0
0 0.059375 0.171875 0.315625 0.171875 0.315625 0.503125 0.059375 0.503125
0 0.0 0.646875 0.028125 0.646875 0.028125 0.678125 0.0 0.678125
0 0.546875 0.0 0.865625 0.0 0.865625 0.190625 0.546875 0.190625
0 0.321875 0.171875 0.540625 0.171875 0.540625 0.478125 0.321875 0.478125
0 0.984375 0.0 1.0 0.0 1.0 0.015625 0.984375 0.015625
0 0.409375 0.671875 0.678125 0.671875 0.678125 1.0 0.409375 1.0
0 0.884375 0.284375 1.0 0.284375 1.0 0.603125 0.884375 0.603125
0 0.496875 0.634375 0.790625 0.634375 0.790625 1.0 0.496875 1.0
0 0.696875 0.621875 1.0 0.621875 1.0 0.890625 0.696875 0.890625
0 0.0 0.321875 0.215625 0.321875 0.215625 0.678125 0.0 0.678125
0 0.0 0.921875 0.190625 0.921875 0.190625 1.0 0.0 1.0
0 0.796875 0.084375 1.0 0.084375 1.0 0.340625 0.796875 0.340625
0 0.271875 0.109375 0.540625 0.109375 0.540625 0.390625 0.271875 0.390625
0 0.196875 0.0 0.490625 0.0 0.490625 0.203125 0.196875 0.203125
