0 0.571875 0.834375 0.865625 0.834375 0.865625 1.0 0.571875 1.0
0 0.334375 0.409375 0.665625 0.409375 0.665625 0.753125 0.334375 0.753125
0 0.621875 0.746875 0.865625 0.746875 0.865625 0.978125 0.621875 0.978125
0 0.359375 0.909375 0.503125 0.909375 0.503125 1.0 0.359375 1.0
0 0.321875 0.234375 0.478125 0.234375 0.478125 0.428125 0.321875 0.428125
0 0.146875 0.734375 0.440625 0.734375 0.440625 0.990625 0.146875 0.990625
0 0.934375 0.046875 1.0 0.046875 1.0 0.128125 0.934375 0.128125
0 0.0 0.571875 0.190625 0.571875 0.190625 0.840625 0.0 0.840625
0 0.646875 0.0 0.890625 0.0 0.890625 0.240625 0.646875 0.240625
0 0.0 0.796875 0.165625 0.796875 0.165625 1.0 0.0 1.0
0 0.459375 0.034375 0.715625 0.034375 0.715625 0.278125 0.459375 0.278125
0 0.459375 0.746875 0.665625 0.746875 0.665625 0.978125 0.459375 0.978125
0 0.196875 0.046875 0.453125 0.046875 0.453125 0.303125 0.196875 0.303125
0 0.384375 0.184375 0.653125 0.184375 0.653125 0.440625 0.384375 0.440625
0 0.0 0.296875 0.028125 0.296875 0.028125 0.340625 0.0 0.340625
0 0.871875 0.059375 1.0 0.059375 1.0 0.278125 0.871875 0.278125
0 0.059375 0.921875 0.253125 0.921875 0.253125 1.0 0.059375 1.0
0 0.571875 0.321875 0.815625 0.321875 0.815625 0.590625 0.571875 0.590625
0 0.196875 0.296875 0.390625 0.296875 0.390625 0.453125 0.196875 0.453125
0 0.484375 0.946875 0.565625 0.946875 0.565625 1.0 0.484375 1.0
0 0.284375 0.046875 0.503125 0.046875 0.503125 0.228125 0.284375 0.228125
0 0.0 0.134375 0.028125 0.134375 0.028125 0.190625 0.0 0.190625
0 0.846875 0.346875 1.0 0.346875 1.0 0.603125 0.846875 0.603125
0 0.721875 0.659375 0.928125 0.659375 0.928125 0.840625 0.721875 0.840625
0 0.0 0.059375 0.028125 0.059375 0.028125 0.115625 0.0 0.115625
0 0.209375 0.659375 0.403125 0.659375 0.403125 0.840625 0.209375 0.840625
