0 0.534375 0.0 1.0 0.0 1.0 0.278125 0.534375 0.278125
0 0.696875 0.221875 1.0 0.221875 1.0 0.578125 0.696875 0.578125
0 0.884375 0.384375 1.0 0.384375 1.0 0.740625 0.884375 0.740625
0 0.0 0.409375 0.303125 0.409375 0.303125 0.853125 0.0 0.853125
0 0.984375 0.421875 1.0 0.421875 1.0 0.453125 0.984375 0.453125
0 0.184375 0.0 0.615625 0.0 0.615625 0.240625 0.184375 0.240625
0 0.959375 0.609375 1.0 0.609375 1.0 0.653125 0.959375 0.653125
0 0.834375 0.834375 1.0 0.834375 1.0 1.0 0.834375 1.0
0 0.921875 0.146875 1.0 0.146875 1.0 0.390625 0.921875 0.390625
0 0.0 0.0 0.053125 0.0 0.053125 0.165625 0.0 0.165625
0 0.446875 0.571875 0.728125 0.571875 0.728125 0.853125 0.446875 0.853125
0 0.009375 0.784375 0.328125 0.784375 0.328125 1.0 0.009375 1.0
0 0.746875 0.959375 0.803125 0.959375 0.803125 1.0 0.746875 1.0
0 0.634375 0.559375 1.0 0.559375 1.0 0.903125 0.634375 0.903125
