0 0.746875 0.0 1.0 0.0 1.0 0.353125 0.746875 0.353125
0 0.546875 0.921875 0.715625 0.921875 0.715625 1.0 0.546875 1.0
0 0.346875 0.734375 0.653125 0.734375 0.653125 0.928125 0.346875 0.928125
0 0.0 0.146875 0.040625 0.146875 0.040625 0.215625 0.0 0.215625
0 0.534375 0.409375 0.878125 0.409375 0.878125 0.778125 0.534375 0.778125
0 0.309375 0.0 0.628125 0.0 0.628125 0.253125 0.309375 0.253125
0 0.271875 0.746875 0.590625 0.746875 0.590625 1.0 0.271875 1.0
0 0.0 0.609375 0.178125 0.609375 0.178125 0.940625 0.0 0.940625
0 0.471875 0.059375 0.765625 0.059375 0.765625 0.415625 0.471875 0.415625
0 0.0 0.209375 0.278125 0.209375 0.278125 0.465625 0.0 0.465625
0 0.646875 0.184375 0.878125 0.184375 0.878125 0.478125 0.646875 0.478125
0 0.0 0.371875 0.303125 0.371875 0.303125 0.678125 0.0 0.678125
