0 0.0 0.321875 0.328125 0.321875 0.328125 0.690625 0.0 0.690625
0 0.834375 0.0 1.0 0.0 1.0 0.153125 0.834375 0.153125
0 0.859375 0.909375 1.0 0.909375 1.0 1.0 0.859375 1.0
0 0.784375 0.596875 1.0 0.596875 1.0 0.940625 0.784375 0.940625
0 0.809375 0.346875 1.0 0.346875 1.0 0.628125 0.809375 0.628125
0 0.884375 0.809375 1.0 0.809375 1.0 0.915625 0.884375 0.915625
0 0.584375 0.334375 0.903125 0.334375 0.903125 0.590625 0.584375 0.590625
0 0.559375 0.159375 0.915625 0.159375 0.915625 0.440625 0.559375 0.440625
0 0.421875 0.759375 0.703125 0.759375 0.703125 1.0 0.421875 1.0
0 0.259375 0.496875 0.553125 0.496875 0.553125 0.828125 0.259375 0.828125
0 0.334375 0.721875 0.640625 0.721875 0.640625 1.0 0.334375 1.0
0 0.871875 0.259375 1.0 0.259375 1.0 0.453125 0.871875 0.453125
