0 0.0 0.834375 0.228125 0.834375 0.228125 1.0 0.0 1.0
0 0.296875 0.0 0.565625 0.0 0.565625 0.228125 0.296875 0.228125
0 0.396875 0.109375 0.690625 0.109375 0.690625 0.365625 0.396875 0.365625
0 0.0 0.884375 0.140625 0.884375 0.140625 1.0 0.0 1.0
0 0.134375 0.521875 0.390625 0.521875 0.390625 0.778125 0.134375 0.778125
0 0.834375 0.246875 1.0 0.246875 1.0 0.515625 0.834375 0.515625
0 0.096875 0.0 0.328125 0.0 0.328125 0.103125 0.096875 0.103125
0 0.221875 0.334375 0.465625 0.334375 0.465625 0.578125 0.221875 0.578125
0 0.196875 0.896875 0.403125 0.896875 0.403125 1.0 0.196875 1.0
0 0.046875 0.671875 0.340625 0.671875 0.340625 0.940625 0.046875 0.940625
0 0.959375 0.246875 1.0 0.246875 1.0 0.315625 0.959375 0.315625
0 0.771875 0.609375 0.940625 0.609375 0.940625 0.790625 0.771875 0.790625
0 0.396875 0.671875 0.640625 0.671875 0.640625 0.928125 0.396875 0.928125
0 0.971875 0.721875 1.0 0.721875 1.0 0.790625 0.971875 0.790625
0 0.0 0.446875 0.178125 0.446875 0.178125 0.678125 0.0 0.678125
0 0.821875 0.784375 1.0 0.784375 1.0 1.0 0.821875 1.0
0 0.0 0.0 0.165625 0.0 0.165625 0.278125 0.0 0.278125
0 0.0 0.059375 0.065625 0.059375 0.065625 0.265625 0.0 0.265625
0 0.034375 0.234375 0.278125 0.234375 0.278125 0.490625 0.034375 0.490625
0 0.446875 0.0 0.690625 0.0 0.690625 0.128125 0.446875 0.128125
0 0.521875 0.596875 0.728125 0.596875 0.728125 0.815625 0.521875 0.815625
