0 0.0 0.734375 0.240625 0.734375 0.240625 1.0 0.0 1.0
0 0.0 0.046875 0.265625 0.046875 0.265625 0.540625 0.0 0.540625
0 0.084375 0.946875 0.228125 0.946875 0.228125 1.0 0.084375 1.0
0 0.121875 0.0 0.465625 0.0 0.465625 0.128125 0.121875 0.128125
0 0.609375 0.0 1.0 0.0 1.0 0.328125 0.609375 0.328125
0 0.059375 0.734375 0.303125 0.734375 0.303125 0.978125 0.059375 0.978125
0 0.946875 0.709375 1.0 0.709375 1.0 0.865625 0.946875 0.865625
0 0.0 0.0 0.303125 0.0 0.303125 0.290625 0.0 0.290625
0 0.0 0.809375 0.028125 0.809375 0.028125 0.865625 0.0 0.865625
0 0.634375 0.0 0.965625 0.0 0.965625 0.228125 0.634375 0.228125
0 0.0 0.446875 0.078125 0.446875 0.078125 0.628125 0.0 0.628125
0 0.009375 0.521875 0.303125 0.521875 0.303125 0.803125 0.009375 0.803125
0 0.771875 0.984375 0.803125 0.984375 0.803125 1.0 0.771875 1.0
0 0.296875 0.434375 0.653125 0.434375 0.653125 0.803125 0.296875 0.803125
