0 0.159375 0.0 0.340625 0.0 0.340625 0.153125 0.159375 0.153125
0 0.971875 0.746875 1.0 0.746875 1.0 0.815625 0.971875 0.815625
0 0.984375 0.446875 1.0 0.446875 1.0 0.490625 0.984375 0.490625
0 0.171875 0.196875 0.390625 0.196875 0.390625 0.365625 0.171875 0.365625
0 0.359375 0.521875 0.603125 0.521875 0.603125 0.790625 0.359375 0.790625
0 0.746875 0.496875 1.0 0.496875 1.0 0.703125 0.746875 0.703125
0 0.559375 0.509375 0.740625 0.509375 0.740625 0.765625 0.559375 0.765625
0 0.221875 0.559375 0.440625 0.559375 0.440625 0.790625 0.221875 0.790625
0 0.271875 0.334375 0.453125 0.334375 0.453125 0.515625 0.271875 0.515625
0 0.0 0.259375 0.028125 0.259375 0.028125 0.303125 0.0 0.303125
0 0.096875 0.746875 0.340625 0.746875 0.340625 0.990625 0.096875 0.990625
0 0.296875 0.721875 0.528125 0.721875 0.528125 0.990625 0.296875 0.990625
0 0.134375 0.296875 0.340625 0.296875 0.340625 0.478125 0.134375 0.478125
0 0.034375 0.534375 0.265625 0.534375 0.265625 0.778125 0.034375 0.778125
0 0.0 0.159375 0.165625 0.159375 0.165625 0.440625 0.0 0.440625
0 0.871875 0.434375 1.0 0.434375 1.0 0.615625 0.871875 0.615625
0 0.796875 0.971875 0.903125 0.971875 0.903125 1.0 0.796875 1.0
0 0.784375 0.096875 0.965625 0.096875 0.965625 0.265625 0.784375 0.265625
0 0.534375 0.859375 0.715625 0.859375 0.715625 1.0 0.534375 1.0
0 0.584375 0.196875 0.828125 0.196875 0.828125 0.440625 0.584375 0.440625
0 0.384375 0.184375 0.615625 0.184375 0.615625 0.428125 0.384375 0.428125
0 0.0 0.621875 0.015625 0.621875 0.015625 0.640625 0.0 0.640625
0 0.934375 0.259375 1.0 0.259375 1.0 0.353125 0.934375 0.353125
0 0.196875 0.396875 0.365625 0.396875 0.365625 0.553125 0.196875 0.553125
0 0.221875 0.509375 0.403125 0.509375 0.403125 0.678125 0.221875 0.678125
0 0.546875 0.0 0.740625 0.0 0.740625 0.140625 0.546875 0.140625
0 0.096875 0.084375 0.303125 0.084375 0.303125 0.315625 0.096875 0.315625
0 0.934375 0.909375 1.0 0.909375 1.0 1.0 0.934375 1.0
0 0.784375 0.659375 0.990625 0.659375 0.990625 0.853125 0.784375 0.853125
