0 0.0 0.134375 0.015625 0.134375 0.015625 0.165625 0.0 0.165625
0 0.171875 0.009375 0.440625 0.009375 0.440625 0.253125 0.171875 0.253125
0 0.246875 0.546875 0.503125 0.546875 0.503125 0.815625 0.246875 0.815625
0 0.0 0.171875 0.153125 0.171875 0.153125 0.428125 0.0 0.428125
0 0.909375 0.621875 1.0 0.621875 1.0 0.828125 0.909375 0.828125
0 0.571875 0.821875 0.815625 0.821875 0.815625 1.0 0.571875 1.0
0 0.0 0.371875 0.115625 0.371875 0.115625 0.540625 0.0 0.540625
0 0.371875 0.009375 0.603125 0.009375 0.603125 0.253125 0.371875 0.253125
0 0.571875 0.609375 0.815625 0.609375 0.815625 0.853125 0.571875 0.853125
0 0.234375 0.884375 0.465625 0.884375 0.465625 1.0 0.234375 1.0
0 0.959375 0.559375 1.0 0.559375 1.0 0.628125 0.959375 0.628125
0 0.796875 0.846875 1.0 0.846875 1.0 1.0 0.796875 1.0
0 0.0 0.646875 0.128125 0.646875 0.128125 0.828125 0.0 0.828125
0 0.609375 0.0 0.778125 0.0 0.778125 0.128125 0.609375 0.128125
0 0.134375 0.671875 0.328125 0.671875 0.328125 0.865625 0.134375 0.865625
0 0.0 0.109375 0.015625 0.109375 0.015625 0.128125 0.0 0.128125
0 0.046875 0.934375 0.153125 0.934375 0.153125 1.0 0.046875 1.0
0 0.596875 0.184375 0.840625 0.184375 0.840625 0.453125 0.596875 0.453125
0 0.196875 0.946875 0.290625 0.946875 0.290625 1.0 0.196875 1.0
0 0.884375 0.034375 1.0 0.034375 1.0 0.228125 0.884375 0.228125
0 0.196875 0.359375 0.428125 0.359375 0.428125 0.565625 0.196875 0.565625
0 0.934375 0.346875 1.0 0.346875 1.0 0.453125 0.934375 0.453125
0 0.034375 0.021875 0.215625 0.021875 0.215625 0.215625 0.034375 0.215625
0 0.096875 0.221875 0.290625 0.221875 0.290625 0.428125 0.096875 0.428125
