0 0.509375 0.571875 0.803125 0.571875 0.803125 0.840625 0.509375 0.840625
0 0.559375 0.009375 0.840625 0.009375 0.840625 0.190625 0.559375 0.190625
0 0.0 0.896875 0.103125 0.896875 0.103125 1.0 0.0 1.0
0 0.259375 0.134375 0.515625 0.134375 0.515625 0.378125 0.259375 0.378125
0 0.496875 0.934375 0.690625 0.934375 0.690625 1.0 0.496875 1.0
0 0.0 0.471875 0.065625 0.471875 0.065625 0.603125 0.0 0.603125
0 0.121875 0.559375 0.315625 0.559375 0.315625 0.715625 0.121875 0.715625
0 0.096875 0.959375 0.190625 0.959375 0.190625 1.0 0.096875 1.0
0 0.584375 0.096875 0.853125 0.096875 0.853125 0.353125 0.584375 0.353125
0 0.0 0.0 0.053125 0.0 0.053125 0.090625 0.0 0.090625
0 0.421875 0.396875 0.778125 0.396875 0.778125 0.603125 0.421875 0.603125
0 0.371875 0.0 0.690625 0.0 0.690625 0.240625 0.371875 0.240625
