0 0.509375 0.746875 0.778125 0.746875 0.778125 0.965625 0.509375 0.965625
0 0.0 0.921875 0.040625 0.921875 0.040625 1.0 0.0 1.0
0 0.509375 0.934375 0.603125 0.934375 0.603125 1.0 0.509375 1.0
0 0.371875 0.196875 0.628125 0.196875 0.628125 0.453125 0.371875 0.453125
0 0.296875 0.034375 0.553125 0.034375 0.553125 0.290625 0.296875 0.290625
0 0.0 0.784375 0.128125 0.784375 0.128125 0.953125 0.0 0.953125
0 0.0 0.559375 0.203125 0.559375 0.203125 0.815625 0.0 0.815625
0 0.0 0.184375 0.040625 0.184375 0.040625 0.278125 0.0 0.278125
0 0.196875 0.459375 0.440625 0.459375 0.440625 0.715625 0.196875 0.715625
0 0.821875 0.971875 0.890625 0.971875 0.890625 1.0 0.821875 1.0
0 0.034375 0.684375 0.290625 0.684375 0.290625 0.940625 0.034375 0.940625
0 0.209375 0.746875 0.490625 0.746875 0.490625 1.0 0.209375 1.0
0 0.234375 0.934375 0.515625 0.934375 0.515625 1.0 0.234375 1.0
0 0.459375 0.421875 0.640625 0.421875 0.640625 0.565625 0.459375 0.565625
0 0.721875 0.334375 0.940625 0.334375 0.940625 0.528125 0.721875 0.528125
0 0.084375 0.896875 0.253125 0.896875 0.253125 1.0 0.084375 1.0
0 0.521875 0.496875 0.890625 0.496875 0.890625 0.690625 0.521875 0.690625
0 0.034375 0.396875 0.265625 0.396875 0.265625 0.615625 0.034375 0.615625
0 0.421875 0.571875 0.740625 0.571875 0.740625 0.815625 0.421875 0.815625
0 0.0 0.421875 0.103125 0.421875 0.103125 0.615625 0.0 0.615625
0 0.684375 0.809375 0.890625 0.809375 0.890625 0.990625 0.684375 0.990625
0 0.546875 0.896875 0.790625 0.896875 0.790625 1.0 0.546875 1.0
