0 0.321875 0.396875 0.603125 0.396875 0.603125 0.703125 0.321875 0.703125
0 0.596875 0.0 0.928125 0.0 0.928125 0.190625 0.596875 0.190625
0 0.721875 0.584375 1.0 0.584375 1.0 0.865625 0.721875 0.865625
0 0.309375 0.0 0.503125 0.0 0.503125 0.153125 0.309375 0.153125
0 0.0 0.721875 0.140625 0.721875 0.140625 0.928125 0.0 0.928125
0 0.409375 0.696875 0.703125 0.696875 0.703125 0.965625 0.409375 0.965625
0 0.0 0.571875 0.228125 0.571875 0.228125 0.778125 0.0 0.778125
0 0.046875 0.0 0.253125 0.0 0.253125 0.103125 0.046875 0.103125
0 0.109375 0.784375 0.328125 0.784375 0.328125 1.0 0.109375 1.0
0 0.321875 0.084375 0.565625 0.084375 0.565625 0.278125 0.321875 0.278125
0 0.0 0.0 0.115625 0.0 0.115625 0.203125 0.0 0.203125
0 0.071875 0.884375 0.240625 0.884375 0.240625 1.0 0.071875 1.0
0 0.196875 0.159375 0.478125 0.159375 0.478125 0.340625 0.196875 0.340625
0 0.309375 0.234375 0.553125 0.234375 0.553125 0.453125 0.309375 0.453125
0 0.0 0.421875 0.053125 0.421875 0.053125 0.515625 0.0 0.515625
0 0.509375 0.284375 0.865625 0.284375 0.865625 0.540625 0.509375 0.540625
0 0.0 0.159375 0.178125 0.159375 0.178125 0.415625 0.0 0.415625
0 0.521875 0.921875 0.665625 0.921875 0.665625 1.0 0.521875 1.0
0 0.284375 0.871875 0.590625 0.871875 0.590625 1.0 0.284375 1.0
0 0.134375 0.509375 0.415625 0.509375 0.415625 0.715625 0.134375 0.715625
0 0.0 0.659375 0.078125 0.659375 0.078125 0.803125 0.0 0.803125
0 0.0 0.896875 0.165625 0.896875 0.165625 1.0 0.0 1.0
0 0.459375 0.509375 0.653125 0.509375 0.653125 0.715625 0.459375 0.715625
0 0.659375 0.971875 0.703125 0.971875 0.703125 1.0 0.659375 1.0
