0 0.184375 0.421875 0.503125 0.421875 0.503125 0.753125 0.184375 0.753125
0 0.721875 0.0 0.940625 0.0 0.940625 0.178125 0.721875 0.178125
0 0.0 0.271875 0.228125 0.271875 0.228125 0.528125 0.0 0.528125
0 0.521875 0.0 0.828125 0.0 0.828125 0.165625 0.521875 0.165625
0 0.309375 0.734375 0.565625 0.734375 0.565625 0.990625 0.309375 0.990625
0 0.159375 0.209375 0.465625 0.209375 0.465625 0.478125 0.159375 0.478125
0 0.609375 0.196875 0.865625 0.196875 0.865625 0.440625 0.609375 0.440625
0 0.0 0.321875 0.040625 0.321875 0.040625 0.528125 0.0 0.528125
0 0.509375 0.871875 0.740625 0.871875 0.740625 1.0 0.509375 1.0
0 0.0 0.809375 0.015625 0.809375 0.015625 0.865625 0.0 0.865625
0 0.571875 0.371875 0.915625 0.371875 0.915625 0.603125 0.571875 0.603125
