0 0.121875 0.359375 0.565625 0.359375 0.565625 0.753125 0.121875 0.753125
0 0.0 0.346875 0.090625 0.346875 0.090625 0.453125 0.0 0.453125
0 0.659375 0.946875 0.753125 0.946875 0.753125 1.0 0.659375 1.0
0 0.021875 0.0 0.465625 0.0 0.465625 0.253125 0.021875 0.253125
0 0.0 0.559375 0.265625 0.559375 0.265625 0.953125 0.0 0.953125
0 0.646875 0.0 1.0 0.0 1.0 0.415625 0.646875 0.415625
0 0.409375 0.409375 0.603125 0.409375 0.603125 0.690625 0.409375 0.690625
0 0.484375 0.084375 1.0 0.084375 1.0 0.490625 0.484375 0.490625
0 0.234375 0.396875 0.478125 0.396875 0.478125 0.653125 0.234375 0.653125
0 0.384375 0.0 0.740625 0.0 0.740625 0.190625 0.384375 0.190625
