0 0.134375 0.359375 0.403125 0.359375 0.403125 0.640625 0.134375 0.640625
0 0.609375 0.871875 0.953125 0.871875 0.953125 1.0 0.609375 1.0
0 0.846875 0.0 1.0 0.0 1.0 0.165625 0.846875 0.165625
0 0.296875 0.0 0.578125 0.0 0.578125 0.240625 0.296875 0.240625
0 0.0 0.0 0.265625 0.0 0.265625 0.190625 0.0 0.190625
0 0.296875 0.346875 0.565625 0.346875 0.565625 0.640625 0.296875 0.640625
0 0.446875 0.771875 0.865625 0.771875 0.865625 1.0 0.446875 1.0
0 0.384375 0.034375 0.665625 0.034375 0.665625 0.315625 0.384375 0.315625
0 0.0 0.846875 0.165625 0.846875 0.165625 1.0 0.0 1.0
0 0.359375 0.459375 0.715625 0.459375 0.715625 0.728125 0.359375 0.728125
0 0.071875 0.546875 0.328125 0.546875 0.328125 0.778125 0.071875 0.778125
