0 0.0 0.321875 0.140625 0.321875 0.140625 0.628125 0.0 0.628125
0 0.121875 0.0 0.403125 0.0 0.403125 0.228125 0.121875 0.228125
0 0.0 0.696875 0.140625 0.696875 0.140625 0.915625 0.0 0.915625
0 0.596875 0.609375 0.878125 0.609375 0.878125 0.853125 0.596875 0.853125
0 0.0 0.934375 0.115625 0.934375 0.115625 1.0 0.0 1.0
0 0.121875 0.459375 0.428125 0.459375 0.428125 0.703125 0.121875 0.703125
0 0.434375 0.034375 0.803125 0.034375 0.803125 0.290625 0.434375 0.290625
0 0.134375 0.134375 0.440625 0.134375 0.440625 0.415625 0.134375 0.415625
0 0.221875 0.909375 0.478125 0.909375 0.478125 1.0 0.221875 1.0
0 0.396875 0.184375 0.778125 0.184375 0.778125 0.465625 0.396875 0.465625
0 0.284375 0.571875 0.540625 0.571875 0.540625 0.778125 0.284375 0.778125
0 0.109375 0.671875 0.403125 0.671875 0.403125 0.890625 0.109375 0.890625
