0 0.246875 0.434375 0.440625 0.434375 0.440625 0.628125 0.246875 0.628125
0 0.0 0.109375 0.165625 0.109375 0.165625 0.315625 0.0 0.315625
0 0.496875 0.571875 0.753125 0.571875 0.753125 0.778125 0.496875 0.778125
0 0.446875 0.834375 0.740625 0.834375 0.740625 1.0 0.446875 1.0
0 0.396875 0.334375 0.690625 0.334375 0.690625 0.540625 0.396875 0.540625
0 0.221875 0.371875 0.465625 0.371875 0.465625 0.603125 0.221875 0.603125
0 0.371875 0.871875 0.628125 0.871875 0.628125 1.0 0.371875 1.0
0 0.659375 0.921875 0.878125 0.921875 0.878125 1.0 0.659375 1.0
0 0.296875 0.959375 0.365625 0.959375 0.365625 1.0 0.296875 1.0
0 0.0 0.396875 0.078125 0.396875 0.078125 0.578125 0.0 0.578125
0 0.0 0.746875 0.165625 0.746875 0.165625 0.978125 0.0 0.978125
0 0.184375 0.796875 0.415625 0.796875 0.415625 1.0 0.184375 1.0
0 0.646875 0.671875 0.853125 0.671875 0.853125 0.940625 0.646875 0.940625
0 0.296875 0.546875 0.565625 0.546875 0.565625 0.790625 0.296875 0.790625
0 0.0 0.246875 0.153125 0.246875 0.153125 0.440625 0.0 0.440625
0 0.609375 0.721875 0.778125 0.721875 0.778125 0.878125 0.609375 0.878125
0 0.396875 0.709375 0.653125 0.709375 0.653125 0.890625 0.396875 0.890625
0 0.334375 0.221875 0.628125 0.221875 0.628125 0.403125 0.334375 0.403125
0 0.371875 0.021875 0.690625 0.021875 0.690625 0.265625 0.371875 0.265625
0 0.096875 0.321875 0.340625 0.321875 0.340625 0.528125 0.096875 0.528125
