0 0.209375 0.446875 0.453125 0.446875 0.453125 0.665625 0.209375 0.665625
0 0.809375 0.834375 1.0 0.834375 1.0 1.0 0.809375 1.0
0 0.159375 0.921875 0.378125 0.921875 0.378125 1.0 0.159375 1.0
0 0.496875 0.0 0.840625 0.0 0.840625 0.290625 0.496875 0.290625
0 0.671875 0.0 1.0 0.0 1.0 0.265625 0.671875 0.265625
0 0.0 0.734375 0.190625 0.734375 0.190625 0.978125 0.0 0.978125
0 0.246875 0.646875 0.515625 0.646875 0.515625 0.915625 0.246875 0.915625
0 0.521875 0.709375 0.840625 0.709375 0.840625 0.953125 0.521875 0.953125
0 0.771875 0.209375 1.0 0.209375 1.0 0.490625 0.771875 0.490625
0 0.034375 0.596875 0.328125 0.596875 0.328125 0.865625 0.034375 0.865625
0 0.096875 0.159375 0.328125 0.159375 0.328125 0.453125 0.096875 0.453125
0 0.421875 0.409375 0.628125 0.409375 0.628125 0.590625 0.421875 0.590625
0 0.684375 0.409375 0.903125 0.409375 0.903125 0.590625 0.684375 0.590625
0 0.196875 0.246875 0.440625 0.246875 0.440625 0.478125 0.196875 0.478125
0 0.371875 0.584375 0.665625 0.584375 0.665625 0.803125 0.371875 0.803125
0 0.0 0.071875 0.165625 0.071875 0.165625 0.353125 0.0 0.353125
0 0.196875 0.009375 0.503125 0.009375 0.503125 0.303125 0.196875 0.303125
