0 0.646875 0.0 1.0 0.0 1.0 0.115625 0.646875 0.115625
0 0.046875 0.621875 0.403125 0.621875 0.403125 0.878125 0.046875 0.878125
0 0.084375 0.371875 0.340625 0.371875 0.340625 0.653125 0.084375 0.653125
0 0.309375 0.584375 0.703125 0.584375 0.703125 0.878125 0.309375 0.878125
0 0.0 0.234375 0.340625 0.234375 0.340625 0.478125 0.0 0.478125
0 0.284375 0.971875 0.390625 0.971875 0.390625 1.0 0.284375 1.0
0 0.759375 0.234375 1.0 0.234375 1.0 0.553125 0.759375 0.553125
0 0.821875 0.609375 1.0 0.609375 1.0 0.853125 0.821875 0.853125
0 0.0 0.584375 0.065625 0.584375 0.065625 0.728125 0.0 0.728125
0 0.0 0.059375 0.303125 0.059375 0.303125 0.315625 0.0 0.315625
0 0.196875 0.784375 0.615625 0.784375 0.615625 1.0 0.196875 1.0
0 0.0 0.696875 0.165625 0.696875 0.165625 1.0 0.0 1.0
