0 0.359375 0.534375 0.690625 0.534375 0.690625 0.840625 0.359375 0.840625
0 0.459375 0.134375 0.903125 0.134375 0.903125 0.515625 0.459375 0.515625
0 0.0 0.0 0.190625 0.0 0.190625 0.253125 0.0 0.253125
0 0.0 0.946875 0.053125 0.946875 0.053125 1.0 0.0 1.0
0 0.259375 0.384375 0.653125 0.384375 0.653125 0.778125 0.259375 0.778125
0 0.0 0.821875 0.215625 0.821875 0.215625 1.0 0.0 1.0
0 0.359375 0.984375 0.453125 0.984375 0.453125 1.0 0.359375 1.0
0 0.321875 0.0 0.690625 0.0 0.690625 0.240625 0.321875 0.240625
0 0.721875 0.771875 0.953125 0.771875 0.953125 1.0 0.721875 1.0
0 0.809375 0.721875 1.0 0.721875 1.0 0.953125 0.809375 0.953125
0 0.0 0.209375 0.190625 0.209375 0.190625 0.378125 0.0 0.378125
0 0.0 0.709375 0.153125 0.709375 0.153125 0.953125 0.0 0.953125
0 0.646875 0.296875 1.0 0.296875 1.0 0.628125 0.646875 0.628125
0 0.471875 0.671875 0.765625 0.671875 0.765625 0.890625 0.471875 0.890625
0 0.609375 0.0 0.965625 0.0 0.965625 0.228125 0.609375 0.228125
0 0.146875 0.871875 0.378125 0.871875 0.378125 1.0 0.146875 1.0
0 0.334375 0.846875 0.728125 0.846875 0.728125 1.0 0.334375 1.0
