0 0.596875 0.0 0.865625 0.0 0.865625 0.128125 0.596875 0.128125
0 0.759375 0.646875 1.0 0.646875 1.0 0.928125 0.759375 0.928125
0 0.0 0.271875 0.290625 0.271875 0.290625 0.665625 0.0 0.665625
0 0.0 0.134375 0.190625 0.134375 0.190625 0.390625 0.0 0.390625
0 0.071875 0.0 0.465625 0.0 0.465625 0.215625 0.071875 0.215625
0 0.0 0.809375 0.015625 0.809375 0.015625 0.865625 0.0 0.865625
0 0.0 0.0 0.203125 0.0 0.203125 0.203125 0.0 0.203125
0 0.246875 0.496875 0.753125 0.496875 0.753125 0.828125 0.246875 0.828125
0 0.409375 0.0 0.703125 0.0 0.703125 0.190625 0.409375 0.190625
0 0.771875 0.0 1.0 0.0 1.0 0.290625 0.771875 0.290625
0 0.284375 0.234375 0.828125 0.234375 0.828125 0.578125 0.284375 0.578125
0 0.384375 0.684375 0.940625 0.684375 0.940625 1.0 0.384375 1.0
