0 0.734375 0.146875 1.0 0.146875 1.0 0.390625 0.734375 0.390625
0 0.0 0.796875 0.103125 0.796875 0.103125 0.965625 0.0 0.965625
0 0.584375 0.084375 0.890625 0.084375 0.890625 0.453125 0.584375 0.453125
0 0.246875 0.246875 0.553125 0.246875 0.553125 0.515625 0.246875 0.515625
0 0.509375 0.0 0.753125 0.0 0.753125 0.178125 0.509375 0.178125
0 0.659375 0.0 0.915625 0.0 0.915625 0.203125 0.659375 0.203125
0 0.0 0.534375 0.153125 0.534375 0.153125 0.828125 0.0 0.828125
0 0.696875 0.434375 0.965625 0.434375 0.965625 0.690625 0.696875 0.690625
0 0.0 0.0 0.065625 0.0 0.065625 0.128125 0.0 0.128125
0 0.0 0.471875 0.040625 0.471875 0.040625 0.628125 0.0 0.628125
0 0.071875 0.721875 0.240625 0.721875 0.240625 0.915625 0.071875 0.915625
0 0.421875 0.921875 0.628125 0.921875 0.628125 1.0 0.421875 1.0
0 0.0 0.0 0.228125 0.0 0.228125 0.290625 0.0 0.290625
0 0.521875 0.446875 0.853125 0.446875 0.853125 0.678125 0.521875 0.678125
0 0.021875 0.521875 0.203125 0.521875 0.203125 0.728125 0.021875 0.728125
0 0.259375 0.559375 0.553125 0.559375 0.553125 0.803125 0.259375 0.803125
0 0.234375 0.034375 0.565625 0.034375 0.565625 0.303125 0.234375 0.303125
