0 0.0 0.0 0.303125 0.0 0.303125 0.203125 0.0 0.203125
0 0.621875 0.346875 0.940625 0.346875 0.940625 0.728125 0.621875 0.728125
0 0.346875 0.446875 0.765625 0.446875 0.765625 0.803125 0.346875 0.803125
0 0.784375 0.259375 1.0 0.259375 1.0 0.653125 0.784375 0.653125
0 0.0 0.321875 0.190625 0.321875 0.190625 0.640625 0.0 0.640625
0 0.409375 0.184375 0.690625 0.184375 0.690625 0.465625 0.409375 0.465625
0 0.0 0.196875 0.228125 0.196875 0.228125 0.440625 0.0 0.440625
0 0.221875 0.096875 0.565625 0.096875 0.565625 0.428125 0.221875 0.428125
0 0.759375 0.909375 1.0 0.909375 1.0 1.0 0.759375 1.0
0 0.471875 0.009375 0.815625 0.009375 0.815625 0.278125 0.471875 0.278125
