0 0.284375 0.521875 0.603125 0.521875 0.603125 0.865625 0.284375 0.865625
0 0.0 0.0 0.340625 0.0 0.340625 0.278125 0.0 0.278125
0 0.0 0.146875 0.165625 0.146875 0.165625 0.465625 0.0 0.465625
0 0.0 0.859375 0.253125 0.859375 0.253125 1.0 0.0 1.0
0 0.0 0.484375 0.140625 0.484375 0.140625 0.765625 0.0 0.765625
0 0.534375 0.471875 0.840625 0.471875 0.840625 0.740625 0.534375 0.740625
0 0.171875 0.959375 0.265625 0.959375 0.265625 1.0 0.171875 1.0
0 0.0 0.846875 0.040625 0.846875 0.040625 0.965625 0.0 0.965625
0 0.484375 0.296875 0.690625 0.296875 0.690625 0.490625 0.484375 0.490625
0 0.246875 0.834375 0.478125 0.834375 0.478125 1.0 0.246875 1.0
0 0.259375 0.0 0.528125 0.0 0.528125 0.128125 0.259375 0.128125
0 0.659375 0.759375 1.0 0.759375 1.0 1.0 0.659375 1.0
0 0.0 0.684375 0.128125 0.684375 0.128125 0.915625 0.0 0.915625
0 0.459375 0.784375 0.878125 0.784375 0.878125 1.0 0.459375 1.0
