0 0.696875 0.359375 1.0 0.359375 1.0 0.615625 0.696875 0.615625
0 0.346875 0.0 0.665625 0.0 0.665625 0.265625 0.346875 0.265625
0 0.846875 0.896875 1.0 0.896875 1.0 1.0 0.846875 1.0
0 0.609375 0.209375 0.978125 0.209375 0.978125 0.490625 0.609375 0.490625
0 0.884375 0.146875 1.0 0.146875 1.0 0.415625 0.884375 0.415625
0 0.484375 0.071875 0.815625 0.071875 0.815625 0.315625 0.484375 0.315625
0 0.721875 0.084375 0.953125 0.084375 0.953125 0.315625 0.721875 0.315625
0 0.109375 0.896875 0.315625 0.896875 0.315625 1.0 0.109375 1.0
0 0.209375 0.284375 0.390625 0.284375 0.390625 0.465625 0.209375 0.465625
0 0.334375 0.534375 0.578125 0.534375 0.578125 0.703125 0.334375 0.703125
0 0.209375 0.834375 0.415625 0.834375 0.415625 1.0 0.209375 1.0
0 0.834375 0.509375 1.0 0.509375 1.0 0.765625 0.834375 0.765625
