0 0.121875 0.171875 0.365625 0.171875 0.365625 0.478125 0.121875 0.478125
0 0.509375 0.259375 0.903125 0.259375 0.903125 0.615625 0.509375 0.615625
0 0.496875 0.634375 0.703125 0.634375 0.703125 0.840625 0.496875 0.840625
0 0.284375 0.259375 0.603125 0.259375 0.603125 0.553125 0.284375 0.553125
0 0.621875 0.934375 0.678125 0.934375 0.678125 1.0 0.621875 1.0
0 0.296875 0.496875 0.590625 0.496875 0.590625 0.790625 0.296875 0.790625
0 0.821875 0.796875 1.0 0.796875 1.0 1.0 0.821875 1.0
0 0.509375 0.546875 0.840625 0.546875 0.840625 0.740625 0.509375 0.740625
0 0.0 0.0 0.128125 0.0 0.128125 0.203125 0.0 0.203125
0 0.259375 0.721875 0.690625 0.721875 0.690625 0.965625 0.259375 0.965625
0 0.784375 0.321875 1.0 0.321875 1.0 0.540625 0.784375 0.540625
0 0.0 0.721875 0.203125 0.721875 0.203125 1.0 0.0 1.0
0 0.434375 0.834375 0.790625 0.834375 0.790625 1.0 0.434375 1.0
0 0.409375 0.146875 0.778125 0.146875 0.778125 0.415625 0.409375 0.415625
0 0.646875 0.621875 0.953125 0.621875 0.953125 0.890625 0.646875 0.890625
