0 0.259375 0.221875 0.490625 0.221875 0.490625 0.453125 0.259375 0.453125
0 0.171875 0.571875 0.478125 0.571875 0.478125 0.790625 0.171875 0.790625
0 0.0 0.471875 0.215625 0.471875 0.215625 0.690625 0.0 0.690625
0 0.396875 0.021875 0.703125 0.021875 0.703125 0.253125 0.396875 0.253125
0 0.571875 0.234375 0.840625 0.234375 0.840625 0.465625 0.571875 0.465625
0 0.496875 0.871875 0.753125 0.871875 0.753125 1.0 0.496875 1.0
0 0.146875 0.534375 0.303125 0.534375 0.303125 0.740625 0.146875 0.740625
0 0.309375 0.746875 0.565625 0.746875 0.565625 0.953125 0.309375 0.953125
0 0.0 0.321875 0.090625 0.321875 0.090625 0.540625 0.0 0.540625
0 0.659375 0.759375 0.890625 0.759375 0.890625 1.0 0.659375 1.0
0 0.134375 0.871875 0.415625 0.871875 0.415625 1.0 0.134375 1.0
0 0.0 0.946875 0.053125 0.946875 0.053125 1.0 0.0 1.0
0 0.321875 0.421875 0.590625 0.421875 0.590625 0.640625 0.321875 0.640625
0 0.609375 0.0 0.878125 0.0 0.878125 0.228125 0.609375 0.228125
0 0.0 0.559375 0.053125 0.559375 0.053125 0.690625 0.0 0.690625
0 0.246875 0.0 0.528125 0.0 0.528125 0.128125 0.246875 0.128125
0 0.471875 0.584375 0.815625 0.584375 0.815625 0.815625 0.471875 0.815625
0 0.0 0.734375 0.178125 0.734375 0.178125 0.953125 0.0 0.953125
0 0.009375 0.071875 0.215625 0.071875 0.215625 0.328125 0.009375 0.328125
0 0.009375 0.0 0.190625 0.0 0.190625 0.178125 0.009375 0.178125
