0 0.109375 0.109375 0.453125 0.109375 0.453125 0.490625 0.109375 0.490625
0 0.371875 0.821875 0.728125 0.821875 0.728125 1.0 0.371875 1.0
0 0.646875 0.0 1.0 0.0 1.0 0.478125 0.646875 0.478125
0 0.0 0.621875 0.303125 0.621875 0.303125 0.890625 0.0 0.890625
0 0.0 0.471875 0.253125 0.471875 0.253125 0.765625 0.0 0.765625
0 0.709375 0.684375 0.978125 0.684375 0.978125 0.915625 0.709375 0.915625
0 0.621875 0.796875 0.878125 0.796875 0.878125 1.0 0.621875 1.0
0 0.0 0.946875 0.128125 0.946875 0.128125 1.0 0.0 1.0
0 0.246875 0.0 0.653125 0.0 0.653125 0.315625 0.246875 0.315625
0 0.196875 0.359375 0.490625 0.359375 0.490625 0.678125 0.196875 0.678125
