0 0.684375 0.846875 1.0 0.846875 1.0 1.0 0.684375 1.0
0 0.721875 0.459375 1.0 0.459375 1.0 0.678125 0.721875 0.678125
0 0.0 0.934375 0.090625 0.934375 0.090625 1.0 0.0 1.0
0 0.334375 0.959375 0.453125 0.959375 0.453125 1.0 0.334375 1.0
0 0.234375 0.834375 0.478125 0.834375 0.478125 1.0 0.234375 1.0
0 0.721875 0.009375 1.0 0.009375 1.0 0.265625 0.721875 0.265625
0 0.321875 0.0 0.840625 0.0 0.840625 0.315625 0.321875 0.315625
0 0.409375 0.209375 0.928125 0.209375 0.928125 0.453125 0.409375 0.453125
0 0.084375 0.959375 0.153125 0.959375 0.153125 1.0 0.084375 1.0
0 0.559375 0.534375 1.0 0.534375 1.0 0.828125 0.559375 0.828125
0 0.346875 0.371875 0.840625 0.371875 0.840625 0.703125 0.346875 0.703125
0 0.659375 0.196875 1.0 0.196875 1.0 0.528125 0.659375 0.528125
