0 0.271875 0.0 0.653125 0.0 0.653125 0.253125 0.271875 0.253125
0 0.0 0.321875 0.053125 0.321875 0.053125 0.440625 0.0 0.440625
0 0.0 0.559375 0.215625 0.559375 0.215625 0.865625 0.0 0.865625
0 0.171875 0.634375 0.528125 0.634375 0.528125 1.0 0.171875 1.0
0 0.521875 0.559375 0.928125 0.559375 0.928125 1.0 0.521875 1.0
0 0.809375 0.634375 1.0 0.634375 1.0 0.940625 0.809375 0.940625
0 0.459375 0.259375 0.840625 0.259375 0.840625 0.628125 0.459375 0.628125
0 0.809375 0.784375 1.0 0.784375 1.0 0.990625 0.809375 0.990625
0 0.0 0.296875 0.353125 0.296875 0.353125 0.615625 0.0 0.615625
0 0.734375 0.0 1.0 0.0 1.0 0.253125 0.734375 0.253125
0 0.0 0.0 0.165625 0.0 0.165625 0.215625 0.0 0.215625
0 0.0 0.059375 0.015625 0.059375 0.015625 0.078125 0.0 0.078125
