0 0.084375 0.209375 0.478125 0.209375 0.478125 0.565625 0.084375 0.565625
0 0.809375 0.0 1.0 0.0 1.0 0.215625 0.809375 0.215625
0 0.271875 0.971875 0.378125 0.971875 0.378125 1.0 0.271875 1.0
0 0.0 0.409375 0.215625 0.409375 0.215625 0.690625 0.0 0.690625
0 0.609375 0.0 0.928125 0.0 0.928125 0.303125 0.609375 0.303125
0 0.671875 0.721875 0.953125 0.721875 0.953125 0.928125 0.671875 0.928125
0 0.484375 0.846875 0.753125 0.846875 0.753125 1.0 0.484375 1.0
0 0.521875 0.546875 0.853125 0.546875 0.853125 0.840625 0.521875 0.840625
0 0.784375 0.984375 0.815625 0.984375 0.815625 1.0 0.784375 1.0
0 0.309375 0.721875 0.678125 0.721875 0.678125 1.0 0.309375 1.0
0 0.159375 0.0 0.440625 0.0 0.440625 0.153125 0.159375 0.153125
