0 0.284375 0.0 0.540625 0.0 0.540625 0.178125 0.284375 0.178125
0 0.0 0.009375 0.128125 0.009375 0.128125 0.315625 0.0 0.315625
0 0.409375 0.259375 0.765625 0.259375 0.765625 0.565625 0.409375 0.565625
0 0.109375 0.709375 0.390625 0.709375 0.390625 0.965625 0.109375 0.965625
0 0.746875 0.809375 0.990625 0.809375 0.990625 1.0 0.746875 1.0
0 0.571875 0.571875 0.878125 0.571875 0.878125 0.815625 0.571875 0.815625
0 0.0 0.884375 0.115625 0.884375 0.115625 1.0 0.0 1.0
0 0.571875 0.734375 0.853125 0.734375 0.853125 0.953125 0.571875 0.953125
0 0.021875 0.434375 0.240625 0.434375 0.240625 0.715625 0.021875 0.715625
0 0.371875 0.946875 0.565625 0.946875 0.565625 1.0 0.371875 1.0
0 0.0 0.521875 0.153125 0.521875 0.153125 0.765625 0.0 0.765625
0 0.034375 0.121875 0.253125 0.121875 0.253125 0.415625 0.034375 0.415625
0 0.721875 0.846875 1.0 0.846875 1.0 1.0 0.721875 1.0
0 0.296875 0.109375 0.590625 0.109375 0.590625 0.378125 0.296875 0.378125
0 0.496875 0.796875 0.753125 0.796875 0.753125 1.0 0.496875 1.0
0 0.334375 0.759375 0.603125 0.759375 0.603125 1.0 0.334375 1.0
