0 0.021875 0.0 0.278125 0.0 0.278125 0.140625 0.021875 0.140625
0 0.0 0.946875 0.078125 0.946875 0.078125 1.0 0.0 1.0
0 0.446875 0.484375 0.753125 0.484375 0.753125 0.815625 0.446875 0.815625
0 0.521875 0.284375 0.815625 0.284375 0.815625 0.603125 0.521875 0.603125
0 0.834375 0.796875 1.0 0.796875 1.0 1.0 0.834375 1.0
0 0.0 0.671875 0.228125 0.671875 0.228125 0.990625 0.0 0.990625
0 0.421875 0.0 0.740625 0.0 0.740625 0.203125 0.421875 0.203125
0 0.234375 0.521875 0.490625 0.521875 0.490625 0.803125 0.234375 0.803125
0 0.321875 0.146875 0.603125 0.146875 0.603125 0.403125 0.321875 0.403125
0 0.0 0.759375 0.178125 0.759375 0.178125 1.0 0.0 1.0
0 0.109375 0.246875 0.465625 0.246875 0.465625 0.515625 0.109375 0.515625
0 0.596875 0.784375 0.828125 0.784375 0.828125 0.990625 0.596875 0.990625
0 0.696875 0.746875 0.890625 0.746875 0.890625 0.965625 0.696875 0.965625
0 0.921875 0.959375 1.0 0.959375 1.0 1.0 0.921875 1.0
0 0.0 0.471875 0.240625 0.471875 0.240625 0.728125 0.0 0.728125
0 0.184375 0.0 0.415625 0.0 0.415625 0.140625 0.184375 0.140625
0 0.071875 0.734375 0.303125 0.734375 0.303125 0.953125 0.071875 0.953125
0 0.709375 0.359375 1.0 0.359375 1.0 0.640625 0.709375 0.640625
