0 0.659375 0.459375 0.978125 0.459375 0.978125 0.728125 0.659375 0.728125
0 0.671875 0.0 0.965625 0.0 0.965625 0.153125 0.671875 0.153125
0 0.771875 0.146875 1.0 0.146875 1.0 0.403125 0.771875 0.403125
0 0.0 0.634375 0.228125 0.634375 0.228125 0.940625 0.0 0.940625
0 0.0 0.071875 0.140625 0.071875 0.140625 0.390625 0.0 0.390625
0 0.0 0.921875 0.115625 0.921875 0.115625 1.0 0.0 1.0
0 0.521875 0.346875 0.753125 0.346875 0.753125 0.528125 0.521875 0.528125
0 0.359375 0.771875 0.603125 0.771875 0.603125 0.978125 0.359375 0.978125
0 0.384375 0.559375 0.778125 0.559375 0.778125 0.815625 0.384375 0.815625
0 0.184375 0.421875 0.515625 0.421875 0.515625 0.715625 0.184375 0.715625
0 0.834375 0.0 1.0 0.0 1.0 0.178125 0.834375 0.178125
0 0.871875 0.609375 1.0 0.609375 1.0 0.840625 0.871875 0.840625
0 0.0 0.459375 0.090625 0.459375 0.090625 0.653125 0.0 0.653125
