0 0.584375 0.234375 0.803125 0.234375 0.803125 0.465625 0.584375 0.465625
0 0.521875 0.096875 0.865625 0.096875 0.865625 0.440625 0.521875 0.440625
0 0.284375 0.0 0.515625 0.0 0.515625 0.178125 0.284375 0.178125
0 0.0 0.309375 0.140625 0.309375 0.140625 0.465625 0.0 0.465625
0 0.196875 0.584375 0.540625 0.584375 0.540625 0.878125 0.196875 0.878125
0 0.434375 0.0 0.690625 0.0 0.690625 0.203125 0.434375 0.203125
0 0.0 0.471875 0.028125 0.471875 0.028125 0.503125 0.0 0.503125
0 0.346875 0.496875 0.615625 0.496875 0.615625 0.778125 0.346875 0.778125
0 0.0 0.846875 0.115625 0.846875 0.115625 1.0 0.0 1.0
0 0.0 0.034375 0.040625 0.034375 0.040625 0.103125 0.0 0.103125
0 0.421875 0.409375 0.715625 0.409375 0.715625 0.678125 0.421875 0.678125
0 0.771875 0.271875 1.0 0.271875 1.0 0.528125 0.771875 0.528125
0 0.0 0.596875 0.228125 0.596875 0.228125 0.903125 0.0 0.903125
0 0.771875 0.134375 1.0 0.134375 1.0 0.340625 0.771875 0.340625
0 0.046875 0.409375 0.240625 0.409375 0.240625 0.590625 0.046875 0.590625
0 0.196875 0.246875 0.453125 0.246875 0.453125 0.440625 0.196875 0.440625
0 0.059375 0.946875 0.228125 0.946875 0.228125 1.0 0.059375 1.0
0 0.721875 0.496875 0.940625 0.496875 0.940625 0.678125 0.721875 0.678125
0 0.896875 0.921875 1.0 0.921875 1.0 1.0 0.896875 1.0
0 0.784375 0.0 1.0 0.0 1.0 0.203125 0.784375 0.203125
0 0.0 0.121875 0.090625 0.121875 0.090625 0.328125 0.0 0.328125
0 0.021875 0.134375 0.228125 0.134375 0.228125 0.365625 0.021875 0.365625
0 0.596875 0.0 0.890625 0.0 0.890625 0.165625 0.596875 0.165625
0 0.734375 0.309375 1.0 0.309375 1.0 0.565625 0.734375 0.565625
