0 0.521875 0.871875 0.828125 0.871875 0.828125 1.0 0.521875 1.0
0 0.434375 0.146875 0.765625 0.146875 0.765625 0.440625 0.434375 0.440625
0 0.384375 0.146875 0.678125 0.146875 0.678125 0.378125 0.384375 0.378125
0 0.021875 0.496875 0.278125 0.496875 0.278125 0.765625 0.021875 0.765625
0 0.634375 0.534375 0.978125 0.534375 0.978125 0.828125 0.634375 0.828125
0 0.659375 0.0 0.953125 0.0 0.953125 0.128125 0.659375 0.128125
0 0.021875 0.696875 0.365625 0.696875 0.365625 0.990625 0.021875 0.990625
0 0.0 0.509375 0.065625 0.509375 0.065625 0.803125 0.0 0.803125
0 0.0 0.734375 0.140625 0.734375 0.140625 1.0 0.0 1.0
0 0.359375 0.934375 0.490625 0.934375 0.490625 1.0 0.359375 1.0
0 0.609375 0.196875 0.853125 0.196875 0.853125 0.490625 0.609375 0.490625
0 0.0 0.321875 0.103125 0.321875 0.103125 0.565625 0.0 0.565625
0 0.509375 0.696875 0.778125 0.696875 0.778125 0.953125 0.509375 0.953125
0 0.259375 0.684375 0.540625 0.684375 0.540625 0.928125 0.259375 0.928125
0 0.459375 0.509375 0.740625 0.509375 0.740625 0.728125 0.459375 0.728125
0 0.459375 0.959375 0.503125 0.959375 0.503125 1.0 0.459375 1.0
0 0.096875 0.121875 0.315625 0.121875 0.315625 0.328125 0.096875 0.328125
0 0.0 0.0 0.115625 0.0 0.115625 0.190625 0.0 0.190625
0 0.234375 0.546875 0.440625 0.546875 0.440625 0.728125 0.234375 0.728125
0 0.109375 0.296875 0.315625 0.296875 0.315625 0.490625 0.109375 0.490625
0 0.796875 0.646875 1.0 0.646875 1.0 0.903125 0.796875 0.903125
0 0.371875 0.584375 0.703125 0.584375 0.703125 0.765625 0.371875 0.765625
