0 0.784375 0.134375 1.0 0.134375 1.0 0.453125 0.784375 0.453125
0 0.546875 0.721875 0.865625 0.721875 0.865625 0.978125 0.546875 0.978125
0 0.546875 0.271875 0.865625 0.271875 0.865625 0.590625 0.546875 0.590625
0 0.759375 0.759375 1.0 0.759375 1.0 1.0 0.759375 1.0
0 0.234375 0.771875 0.465625 0.771875 0.465625 0.965625 0.234375 0.965625
0 0.634375 0.984375 0.665625 0.984375 0.665625 1.0 0.634375 1.0
0 0.446875 0.984375 0.490625 0.984375 0.490625 1.0 0.446875 1.0
0 0.709375 0.921875 1.0 0.921875 1.0 1.0 0.709375 1.0
0 0.134375 0.259375 0.478125 0.259375 0.478125 0.578125 0.134375 0.578125
0 0.0 0.234375 0.190625 0.234375 0.190625 0.540625 0.0 0.540625
