0 0.0 0.884375 0.165625 0.884375 0.165625 1.0 0.0 1.0
0 0.0 0.296875 0.128125 0.296875 0.128125 0.590625 0.0 0.590625
0 0.371875 0.234375 0.715625 0.234375 0.715625 0.515625 0.371875 0.515625
0 0.471875 0.584375 0.740625 0.584375 0.740625 0.853125 0.471875 0.853125
0 0.459375 0.0 0.753125 0.0 0.753125 0.265625 0.459375 0.265625
0 0.659375 0.0 0.840625 0.0 0.840625 0.140625 0.659375 0.140625
0 0.196875 0.696875 0.390625 0.696875 0.390625 0.903125 0.196875 0.903125
0 0.146875 0.871875 0.365625 0.871875 0.365625 1.0 0.146875 1.0
0 0.096875 0.421875 0.315625 0.421875 0.315625 0.678125 0.096875 0.678125
0 0.721875 0.746875 1.0 0.746875 1.0 0.978125 0.721875 0.978125
0 0.034375 0.334375 0.215625 0.334375 0.215625 0.503125 0.034375 0.503125
0 0.646875 0.809375 1.0 0.809375 1.0 1.0 0.646875 1.0
0 0.596875 0.296875 0.940625 0.296875 0.940625 0.540625 0.596875 0.540625
0 0.609375 0.121875 0.915625 0.121875 0.915625 0.340625 0.609375 0.340625
