0 0.196875 0.784375 0.453125 0.784375 0.453125 0.990625 0.196875 0.990625
0 0.0 0.534375 0.115625 0.534375 0.115625 0.803125 0.0 0.803125
0 0.684375 0.796875 1.0 0.796875 1.0 1.0 0.684375 1.0
0 0.309375 0.934375 0.540625 0.934375 0.540625 1.0 0.309375 1.0
0 0.771875 0.509375 1.0 0.509375 1.0 0.790625 0.771875 0.790625
0 0.396875 0.009375 0.728125 0.009375 0.728125 0.278125 0.396875 0.278125
0 0.384375 0.546875 0.690625 0.546875 0.690625 0.790625 0.384375 0.790625
0 0.559375 0.421875 0.840625 0.421875 0.840625 0.715625 0.559375 0.715625
0 0.409375 0.721875 0.715625 0.721875 0.715625 0.965625 0.409375 0.965625
0 0.234375 0.371875 0.478125 0.371875 0.478125 0.628125 0.234375 0.628125
0 0.134375 0.246875 0.340625 0.246875 0.340625 0.415625 0.134375 0.415625
0 0.809375 0.221875 1.0 0.221875 1.0 0.415625 0.809375 0.415625
0 0.296875 0.0 0.678125 0.0 0.678125 0.278125 0.296875 0.278125
0 0.509375 0.646875 0.803125 0.646875 0.803125 0.828125 0.509375 0.828125
0 0.796875 0.046875 1.0 0.046875 1.0 0.315625 0.796875 0.315625
0 0.071875 0.334375 0.415625 0.334375 0.415625 0.590625 0.071875 0.590625
0 0.0 0.884375 0.028125 0.884375 0.028125 0.990625 0.0 0.990625
