0 0.521875 0.209375 1.0 0.209375 1.0 0.603125 0.521875 0.603125
0 0.0 0.284375 0.265625 0.284375 0.265625 0.640625 0.0 0.640625
0 0.0 0.096875 0.115625 0.096875 0.115625 0.303125 0.0 0.303125
0 0.784375 0.621875 1.0 0.621875 1.0 0.828125 0.784375 0.828125
0 0.934375 0.971875 0.978125 0.971875 0.978125 1.0 0.934375 1.0
0 0.0 0.0 0.390625 0.0 0.390625 0.215625 0.0 0.215625
0 0.0 0.334375 0.053125 0.334375 0.053125 0.503125 0.0 0.503125
0 0.446875 0.0 0.903125 0.0 0.903125 0.215625 0.446875 0.215625
0 0.009375 0.084375 0.378125 0.084375 0.378125 0.428125 0.009375 0.428125
0 0.0 0.971875 0.015625 0.971875 0.015625 0.990625 0.0 0.990625
