0 0.396875 0.0 0.778125 0.0 0.778125 0.115625 0.396875 0.115625
0 0.796875 0.721875 1.0 0.721875 1.0 1.0 0.796875 1.0
0 0.221875 0.584375 0.490625 0.584375 0.490625 0.828125 0.221875 0.828125
0 0.009375 0.909375 0.153125 0.909375 0.153125 1.0 0.009375 1.0
0 0.696875 0.0 0.953125 0.0 0.953125 0.265625 0.696875 0.265625
0 0.659375 0.246875 0.915625 0.246875 0.915625 0.490625 0.659375 0.490625
0 0.0 0.909375 0.090625 0.909375 0.090625 1.0 0.0 1.0
0 0.0 0.709375 0.078125 0.709375 0.078125 0.890625 0.0 0.890625
0 0.834375 0.034375 1.0 0.034375 1.0 0.303125 0.834375 0.303125
0 0.0 0.571875 0.128125 0.571875 0.128125 0.778125 0.0 0.778125
0 0.159375 0.484375 0.428125 0.484375 0.428125 0.653125 0.159375 0.653125
0 0.0 0.0 0.090625 0.0 0.090625 0.115625 0.0 0.115625
0 0.571875 0.509375 0.965625 0.509375 0.965625 0.778125 0.571875 0.778125
0 0.371875 0.459375 0.590625 0.459375 0.590625 0.665625 0.371875 0.665625
