0 0.446875 0.271875 0.865625 0.271875 0.865625 0.690625 0.446875 0.690625
0 0.0 0.009375 0.278125 0.009375 0.278125 0.328125 0.0 0.328125
0 0.209375 0.909375 0.390625 0.909375 0.390625 1.0 0.209375 1.0
0 0.084375 0.221875 0.453125 0.221875 0.453125 0.490625 0.084375 0.490625
0 0.146875 0.396875 0.453125 0.396875 0.453125 0.690625 0.146875 0.690625
0 0.259375 0.146875 0.453125 0.146875 0.453125 0.353125 0.259375 0.353125
0 0.0 0.546875 0.015625 0.546875 0.015625 0.578125 0.0 0.578125
0 0.034375 0.771875 0.278125 0.771875 0.278125 0.965625 0.034375 0.965625
0 0.346875 0.834375 0.703125 0.834375 0.703125 1.0 0.346875 1.0
0 0.759375 0.296875 1.0 0.296875 1.0 0.603125 0.759375 0.603125
