0 0.634375 0.0 0.928125 0.0 0.928125 0.153125 0.634375 0.153125
0 0.721875 0.359375 1.0 0.359375 1.0 0.653125 0.721875 0.653125
0 0.421875 0.809375 0.740625 0.809375 0.740625 1.0 0.421875 1.0
0 0.0 0.434375 0.303125 0.434375 0.303125 0.653125 0.0 0.653125
0 0.646875 0.784375 0.828125 0.784375 0.828125 0.940625 0.646875 0.940625
0 0.584375 0.421875 0.790625 0.421875 0.790625 0.628125 0.584375 0.628125
0 0.021875 0.559375 0.278125 0.559375 0.278125 0.828125 0.021875 0.828125
0 0.0 0.409375 0.015625 0.409375 0.015625 0.428125 0.0 0.428125
0 0.0 0.646875 0.090625 0.646875 0.090625 0.828125 0.0 0.828125
0 0.684375 0.421875 1.0 0.421875 1.0 0.665625 0.684375 0.665625
