0 0.484375 0.696875 0.740625 0.696875 0.740625 0.890625 0.484375 0.890625
0 0.534375 0.884375 0.778125 0.884375 0.778125 1.0 0.534375 1.0
0 0.659375 0.734375 0.903125 0.734375 0.903125 0.978125 0.659375 0.978125
0 0.671875 0.021875 0.990625 0.021875 0.990625 0.315625 0.671875 0.315625
0 0.0 0.871875 0.078125 0.871875 0.078125 1.0 0.0 1.0
0 0.196875 0.459375 0.478125 0.459375 0.478125 0.728125 0.196875 0.728125
0 0.0 0.471875 0.178125 0.471875 0.178125 0.715625 0.0 0.715625
0 0.546875 0.0 0.815625 0.0 0.815625 0.115625 0.546875 0.115625
0 0.771875 0.0 1.0 0.0 1.0 0.128125 0.771875 0.128125
0 0.059375 0.809375 0.253125 0.809375 0.253125 1.0 0.059375 1.0
0 0.496875 0.246875 0.678125 0.246875 0.678125 0.453125 0.496875 0.453125
0 0.209375 0.0 0.428125 0.0 0.428125 0.153125 0.209375 0.153125
0 0.134375 0.534375 0.478125 0.534375 0.478125 0.778125 0.134375 0.778125
0 0.509375 0.584375 0.778125 0.584375 0.778125 0.740625 0.509375 0.740625
0 0.0 0.346875 0.178125 0.346875 0.178125 0.540625 0.0 0.540625
0 0.196875 0.859375 0.490625 0.859375 0.490625 1.0 0.196875 1.0
0 0.109375 0.971875 0.178125 0.971875 0.178125 1.0 0.109375 1.0
0 0.421875 0.496875 0.740625 0.496875 0.740625 0.690625 0.421875 0.690625
