0 0.584375 0.0 0.915625 0.0 0.915625 0.115625 0.584375 0.115625
0 0.0 0.546875 0.215625 0.546875 0.215625 0.765625 0.0 0.765625
0 0.546875 0.446875 0.878125 0.446875 0.878125 0.715625 0.546875 0.715625
0 0.384375 0.834375 0.628125 0.834375 0.628125 1.0 0.384375 1.0
0 0.596875 0.921875 0.753125 0.921875 0.753125 1.0 0.596875 1.0
0 0.321875 0.0 0.565625 0.0 0.565625 0.203125 0.321875 0.203125
0 0.209375 0.621875 0.565625 0.621875 0.565625 0.915625 0.209375 0.915625
0 0.809375 0.634375 1.0 0.634375 1.0 0.928125 0.809375 0.928125
0 0.159375 0.421875 0.415625 0.421875 0.415625 0.678125 0.159375 0.678125
0 0.0 0.696875 0.103125 0.696875 0.103125 0.928125 0.0 0.928125
0 0.521875 0.246875 0.865625 0.246875 0.865625 0.465625 0.521875 0.465625
0 0.621875 0.671875 0.915625 0.671875 0.915625 0.953125 0.621875 0.953125
0 0.0 0.846875 0.128125 0.846875 0.128125 1.0 0.0 1.0
0 0.334375 0.334375 0.640625 0.334375 0.640625 0.603125 0.334375 0.603125
0 0.096875 0.209375 0.303125 0.209375 0.303125 0.403125 0.096875 0.403125
0 0.134375 0.959375 0.265625 0.959375 0.265625 1.0 0.134375 1.0
0 0.834375 0.0 1.0 0.0 1.0 0.215625 0.834375 0.215625
0 0.471875 0.734375 0.765625 0.734375 0.765625 0.953125 0.471875 0.953125
0 0.034375 0.009375 0.328125 0.009375 0.328125 0.290625 0.034375 0.290625
0 0.534375 0.059375 0.903125 0.059375 0.903125 0.290625 0.534375 0.290625
0 0.684375 0.884375 1.0 0.884375 1.0 1.0 0.684375 1.0
