0 0.684375 0.121875 1.0 0.121875 1.0 0.415625 0.684375 0.415625
0 0.209375 0.771875 0.478125 0.771875 0.478125 1.0 0.209375 1.0
0 0.696875 0.709375 1.0 0.709375 1.0 0.990625 0.696875 0.990625
0 0.459375 0.0 0.740625 0.0 0.740625 0.190625 0.459375 0.190625
0 0.0 0.409375 0.178125 0.409375 0.178125 0.653125 0.0 0.653125
0 0.234375 0.984375 0.265625 0.984375 0.265625 1.0 0.234375 1.0
0 0.0 0.646875 0.240625 0.646875 0.240625 0.915625 0.0 0.915625
0 0.0 0.646875 0.040625 0.646875 0.040625 0.840625 0.0 0.840625
0 0.0 0.896875 0.190625 0.896875 0.190625 1.0 0.0 1.0
0 0.346875 0.959375 0.465625 0.959375 0.465625 1.0 0.346875 1.0
0 0.496875 0.534375 0.853125 0.534375 0.853125 0.778125 0.496875 0.778125
0 0.446875 0.396875 0.765625 0.396875 0.765625 0.628125 0.446875 0.628125
0 0.296875 0.359375 0.590625 0.359375 0.590625 0.590625 0.296875 0.590625
0 0.571875 0.959375 0.665625 0.959375 0.665625 1.0 0.571875 1.0
0 0.0 0.271875 0.103125 0.271875 0.103125 0.478125 0.0 0.478125
