0 0.359375 0.746875 0.815625 0.746875 0.815625 1.0 0.359375 1.0
0 0.0 0.0 0.178125 0.0 0.178125 0.140625 0.0 0.140625
0 0.0 0.734375 0.078125 0.734375 0.078125 0.965625 0.0 0.965625
0 0.721875 0.821875 0.940625 0.821875 0.940625 1.0 0.721875 1.0
0 0.871875 0.646875 1.0 0.646875 1.0 0.865625 0.871875 0.865625
0 0.259375 0.096875 0.565625 0.096875 0.565625 0.428125 0.259375 0.428125
0 0.071875 0.709375 0.365625 0.709375 0.365625 0.965625 0.071875 0.965625
0 0.0 0.146875 0.165625 0.146875 0.165625 0.340625 0.0 0.340625
0 0.571875 0.0 0.965625 0.0 0.965625 0.115625 0.571875 0.115625
0 0.734375 0.209375 1.0 0.209375 1.0 0.615625 0.734375 0.615625
