0 0.634375 0.309375 0.978125 0.309375 0.978125 0.528125 0.634375 0.528125
0 0.0 0.621875 0.365625 0.621875 0.365625 0.853125 0.0 0.853125
0 0.896875 0.134375 1.0 0.134375 1.0 0.390625 0.896875 0.390625
0 0.146875 0.734375 0.415625 0.734375 0.415625 1.0 0.146875 1.0
0 0.596875 0.059375 0.978125 0.059375 0.978125 0.390625 0.596875 0.390625
0 0.0 0.021875 0.265625 0.021875 0.265625 0.303125 0.0 0.303125
0 0.796875 0.971875 0.828125 0.971875 0.828125 1.0 0.796875 1.0
0 0.184375 0.559375 0.403125 0.559375 0.403125 0.765625 0.184375 0.765625
0 0.371875 0.734375 0.603125 0.734375 0.603125 1.0 0.371875 1.0
0 0.496875 0.721875 0.715625 0.721875 0.715625 1.0 0.496875 1.0
0 0.709375 0.0 0.928125 0.0 0.928125 0.140625 0.709375 0.140625
0 0.371875 0.184375 0.565625 0.184375 0.565625 0.403125 0.371875 0.403125
0 0.121875 0.334375 0.365625 0.334375 0.365625 0.603125 0.121875 0.603125
0 0.284375 0.846875 0.528125 0.846875 0.528125 1.0 0.284375 1.0
0 0.0 0.234375 0.178125 0.234375 0.178125 0.490625 0.0 0.490625
0 0.484375 0.634375 0.903125 0.634375 0.903125 0.853125 0.484375 0.853125
0 0.509375 0.971875 0.628125 0.971875 0.628125 1.0 0.509375 1.0
0 0.071875 0.821875 0.290625 0.821875 0.290625 1.0 0.071875 1.0
0 0.684375 0.721875 1.0 0.721875 1.0 0.965625 0.684375 0.965625
