0 0.946875 0.946875 1.0 0.946875 1.0 1.0 0.946875 1.0
0 0.784375 0.834375 1.0 0.834375 1.0 1.0 0.784375 1.0
0 0.184375 0.209375 0.653125 0.209375 0.653125 0.465625 0.184375 0.465625
0 0.0 0.621875 0.065625 0.621875 0.065625 0.853125 0.0 0.853125
0 0.109375 0.496875 0.440625 0.496875 0.440625 0.815625 0.109375 0.815625
0 0.146875 0.659375 0.515625 0.659375 0.515625 0.940625 0.146875 0.940625
0 0.321875 0.796875 0.615625 0.796875 0.615625 1.0 0.321875 1.0
0 0.0 0.321875 0.028125 0.321875 0.028125 0.390625 0.0 0.390625
0 0.621875 0.0 0.953125 0.0 0.953125 0.265625 0.621875 0.265625
0 0.484375 0.421875 0.703125 0.421875 0.703125 0.603125 0.484375 0.603125
0 0.0 0.396875 0.103125 0.396875 0.103125 0.578125 0.0 0.578125
0 0.459375 0.471875 0.715625 0.471875 0.715625 0.678125 0.459375 0.678125
0 0.359375 0.0 0.578125 0.0 0.578125 0.178125 0.359375 0.178125
0 0.246875 0.346875 0.503125 0.346875 0.503125 0.565625 0.246875 0.565625
0 0.484375 0.634375 0.928125 0.634375 0.928125 0.890625 0.484375 0.890625
0 0.021875 0.809375 0.378125 0.809375 0.378125 1.0 0.021875 1.0
0 0.034375 0.0 0.428125 0.0 0.428125 0.290625 0.034375 0.290625
0 0.696875 0.446875 1.0 0.446875 1.0 0.753125 0.696875 0.753125
