0 0.146875 0.159375 0.603125 0.159375 0.603125 0.553125 0.146875 0.553125
0 0.371875 0.434375 0.803125 0.434375 0.803125 0.828125 0.371875 0.828125
0 0.696875 0.0 1.0 0.0 1.0 0.378125 0.696875 0.378125
0 0.271875 0.0 0.640625 0.0 0.640625 0.340625 0.271875 0.340625
0 0.496875 0.0 0.840625 0.0 0.840625 0.303125 0.496875 0.303125
0 0.0 0.734375 0.240625 0.734375 0.240625 1.0 0.0 1.0
0 0.871875 0.471875 1.0 0.471875 1.0 0.778125 0.871875 0.778125
0 0.484375 0.284375 0.815625 0.284375 0.815625 0.515625 0.484375 0.515625
0 0.546875 0.884375 0.965625 0.884375 0.965625 1.0 0.546875 1.0
0 0.0 0.0 0.028125 0.0 0.028125 0.115625 0.0 0.115625
0 0.0 0.159375 0.278125 0.159375 0.278125 0.478125 0.0 0.478125
