0 0.846875 0.821875 1.0 0.821875 1.0 1.0 0.846875 1.0
0 0.509375 0.271875 0.990625 0.271875 0.990625 0.653125 0.509375 0.653125
0 0.771875 0.0 1.0 0.0 1.0 0.190625 0.771875 0.190625
0 0.384375 0.0 0.615625 0.0 0.615625 0.165625 0.384375 0.165625
0 0.059375 0.521875 0.440625 0.521875 0.440625 0.853125 0.059375 0.853125
0 0.159375 0.296875 0.490625 0.296875 0.490625 0.528125 0.159375 0.528125
0 0.834375 0.346875 1.0 0.346875 1.0 0.640625 0.834375 0.640625
0 0.609375 0.609375 1.0 0.609375 1.0 0.915625 0.609375 0.915625
0 0.371875 0.784375 0.703125 0.784375 0.703125 1.0 0.371875 1.0
0 0.559375 0.0 0.828125 0.0 0.828125 0.203125 0.559375 0.203125
0 0.421875 0.746875 0.753125 0.746875 0.753125 1.0 0.421875 1.0
0 0.171875 0.0 0.390625 0.0 0.390625 0.190625 0.171875 0.190625
0 0.084375 0.759375 0.503125 0.759375 0.503125 1.0 0.084375 1.0
