0 0.0 0.021875 0.228125 0.021875 0.228125 0.378125 0.0 0.378125
0 0.0 0.321875 0.390625 0.321875 0.390625 0.753125 0.0 0.753125
0 0.0 0.746875 0.090625 0.746875 0.090625 0.953125 0.0 0.953125
0 0.371875 0.584375 0.865625 0.584375 0.865625 0.990625 0.371875 0.990625
0 0.121875 0.921875 0.440625 0.921875 0.440625 1.0 0.121875 1.0
0 0.746875 0.734375 1.0 0.734375 1.0 1.0 0.746875 1.0
0 0.246875 0.521875 0.528125 0.521875 0.528125 0.815625 0.246875 0.815625
0 0.534375 0.959375 0.615625 0.959375 0.615625 1.0 0.534375 1.0
0 0.384375 0.321875 0.578125 0.321875 0.578125 0.578125 0.384375 0.578125
0 0.096875 0.759375 0.390625 0.759375 0.390625 1.0 0.096875 1.0
0 0.796875 0.384375 1.0 0.384375 1.0 0.665625 0.796875 0.665625
0 0.521875 0.046875 1.0 0.046875 1.0 0.453125 0.521875 0.453125
0 0.0 0.496875 0.178125 0.496875 0.178125 0.765625 0.0 0.765625
0 0.621875 0.509375 1.0 0.509375 1.0 0.803125 0.621875 0.803125
