0 0.271875 0.0 0.603125 0.0 0.603125 0.353125 0.271875 0.353125
0 0.221875 0.409375 0.615625 0.409375 0.615625 0.815625 0.221875 0.815625
0 0.034375 0.934375 0.165625 0.934375 0.165625 1.0 0.034375 1.0
0 0.396875 0.296875 0.678125 0.296875 0.678125 0.515625 0.396875 0.515625
0 0.159375 0.334375 0.453125 0.334375 0.453125 0.565625 0.159375 0.565625
0 0.821875 0.621875 1.0 0.621875 1.0 0.915625 0.821875 0.915625
0 0.509375 0.521875 0.815625 0.521875 0.815625 0.853125 0.509375 0.853125
0 0.0 0.0 0.240625 0.0 0.240625 0.390625 0.0 0.390625
0 0.0 0.0 0.115625 0.0 0.115625 0.153125 0.0 0.153125
0 0.571875 0.296875 0.790625 0.296875 0.790625 0.528125 0.571875 0.528125
0 0.034375 0.434375 0.203125 0.434375 0.203125 0.678125 0.034375 0.678125
0 0.796875 0.0 1.0 0.0 1.0 0.128125 0.796875 0.128125
0 0.0 0.796875 0.053125 0.796875 0.053125 0.990625 0.0 0.990625
0 0.621875 0.371875 0.878125 0.371875 0.878125 0.640625 0.621875 0.640625
0 0.459375 0.384375 0.678125 0.384375 0.678125 0.628125 0.459375 0.628125
