0 0.634375 0.0 1.0 0.0 1.0 0.340625 0.634375 0.340625
0 0.221875 0.909375 0.515625 0.909375 0.515625 1.0 0.221875 1.0
0 0.484375 0.484375 0.853125 0.484375 0.853125 0.740625 0.484375 0.740625
0 0.0 0.034375 0.240625 0.034375 0.240625 0.328125 0.0 0.328125
0 0.034375 0.984375 0.090625 0.984375 0.090625 1.0 0.034375 1.0
0 0.171875 0.684375 0.353125 0.684375 0.353125 0.865625 0.171875 0.865625
0 0.796875 0.534375 1.0 0.534375 1.0 0.778125 0.796875 0.778125
0 0.059375 0.459375 0.428125 0.459375 0.428125 0.753125 0.059375 0.753125
0 0.271875 0.284375 0.653125 0.284375 0.653125 0.603125 0.271875 0.603125
0 0.159375 0.0 0.478125 0.0 0.478125 0.240625 0.159375 0.240625
