0 0.296875 0.559375 0.565625 0.559375 0.565625 0.815625 0.296875 0.815625
0 0.734375 0.684375 0.990625 0.684375 0.990625 0.953125 0.734375 0.953125
0 0.246875 0.284375 0.478125 0.284375 0.478125 0.528125 0.246875 0.528125
0 0.471875 0.984375 0.503125 0.984375 0.503125 1.0 0.471875 1.0
0 0.546875 0.909375 0.853125 0.909375 0.853125 1.0 0.546875 1.0
0 0.459375 0.484375 0.703125 0.484375 0.703125 0.753125 0.459375 0.753125
0 0.259375 0.059375 0.565625 0.059375 0.565625 0.328125 0.259375 0.328125
0 0.046875 0.259375 0.290625 0.259375 0.290625 0.490625 0.046875 0.490625
0 0.021875 0.484375 0.265625 0.484375 0.265625 0.703125 0.021875 0.703125
0 0.246875 0.921875 0.415625 0.921875 0.415625 1.0 0.246875 1.0
0 0.0 0.759375 0.078125 0.759375 0.078125 0.940625 0.0 0.940625
0 0.496875 0.0 0.803125 0.0 0.803125 0.140625 0.496875 0.140625
0 0.246875 0.709375 0.490625 0.709375 0.490625 0.903125 0.246875 0.903125
0 0.359375 0.284375 0.590625 0.284375 0.590625 0.540625 0.359375 0.540625
0 0.496875 0.696875 0.828125 0.696875 0.828125 0.928125 0.496875 0.928125
0 0.559375 0.034375 0.903125 0.034375 0.903125 0.290625 0.559375 0.290625
0 0.459375 0.171875 0.753125 0.171875 0.753125 0.453125 0.459375 0.453125
