0 0.771875 0.096875 1.0 0.096875 1.0 0.378125 0.771875 0.378125
0 0.371875 0.684375 0.640625 0.684375 0.640625 1.0 0.371875 1.0
0 0.209375 0.334375 0.540625 0.334375 0.540625 0.590625 0.209375 0.590625
0 0.246875 0.0 0.528125 0.0 0.528125 0.165625 0.246875 0.165625
0 0.234375 0.696875 0.428125 0.696875 0.428125 0.915625 0.234375 0.915625
0 0.096875 0.646875 0.303125 0.646875 0.303125 0.928125 0.096875 0.928125
0 0.121875 0.109375 0.365625 0.109375 0.365625 0.365625 0.121875 0.365625
0 0.821875 0.284375 1.0 0.284375 1.0 0.528125 0.821875 0.528125
0 0.271875 0.159375 0.528125 0.159375 0.528125 0.415625 0.271875 0.415625
0 0.209375 0.846875 0.478125 0.846875 0.478125 1.0 0.209375 1.0
0 0.0 0.584375 0.103125 0.584375 0.103125 0.753125 0.0 0.753125
0 0.046875 0.521875 0.203125 0.521875 0.203125 0.703125 0.046875 0.703125
0 0.621875 0.621875 0.990625 0.621875 0.990625 0.903125 0.621875 0.903125
0 0.471875 0.659375 0.753125 0.659375 0.753125 0.890625 0.471875 0.890625
0 0.259375 0.909375 0.515625 0.909375 0.515625 1.0 0.259375 1.0
0 0.0 0.721875 0.278125 0.721875 0.278125 0.953125 0.0 0.953125
