0 0.0 0.459375 0.278125 0.459375 0.278125 0.815625 0.0 0.815625
0 0.221875 0.671875 0.490625 0.671875 0.490625 1.0 0.221875 1.0
0 0.721875 0.0 1.0 0.0 1.0 0.128125 0.721875 0.128125
0 0.846875 0.159375 1.0 0.159375 1.0 0.490625 0.846875 0.490625
0 0.0 0.434375 0.090625 0.434375 0.090625 0.615625 0.0 0.615625
0 0.546875 0.171875 0.890625 0.171875 0.890625 0.453125 0.546875 0.453125
0 0.0 0.0 0.065625 0.0 0.065625 0.115625 0.0 0.115625
0 0.046875 0.846875 0.328125 0.846875 0.328125 1.0 0.046875 1.0
0 0.234375 0.309375 0.440625 0.309375 0.440625 0.515625 0.234375 0.515625
0 0.0 0.796875 0.303125 0.796875 0.303125 1.0 0.0 1.0
0 0.734375 0.046875 1.0 0.046875 1.0 0.290625 0.734375 0.290625
0 0.284375 0.434375 0.615625 0.434375 0.615625 0.715625 0.284375 0.715625
0 0.759375 0.496875 1.0 0.496875 1.0 0.765625 0.759375 0.765625
