0 0.509375 0.059375 0.740625 0.059375 0.740625 0.290625 0.509375 0.290625
0 0.509375 0.559375 0.765625 0.559375 0.765625 0.815625 0.509375 0.815625
0 0.0 0.596875 0.190625 0.596875 0.190625 0.890625 0.0 0.890625
0 0.409375 0.0 0.703125 0.0 0.703125 0.190625 0.409375 0.190625
0 0.646875 0.596875 0.928125 0.596875 0.928125 0.878125 0.646875 0.878125
0 0.0 0.709375 0.065625 0.709375 0.065625 0.878125 0.0 0.878125
0 0.434375 0.984375 0.453125 0.984375 0.453125 1.0 0.434375 1.0
0 0.0 0.0 0.228125 0.0 0.228125 0.315625 0.0 0.315625
0 0.384375 0.346875 0.703125 0.346875 0.703125 0.628125 0.384375 0.628125
0 0.359375 0.859375 0.715625 0.859375 0.715625 1.0 0.359375 1.0
0 0.634375 0.234375 1.0 0.234375 1.0 0.515625 0.634375 0.515625
0 0.734375 0.834375 1.0 0.834375 1.0 1.0 0.734375 1.0
0 0.121875 0.671875 0.390625 0.671875 0.390625 0.940625 0.121875 0.940625
0 0.584375 0.121875 0.928125 0.121875 0.928125 0.403125 0.584375 0.403125
