0 0.521875 0.971875 0.565625 0.971875 0.565625 1.0 0.521875 1.0
0 0.484375 0.771875 0.740625 0.771875 0.740625 0.965625 0.484375 0.965625
0 0.184375 0.821875 0.453125 0.821875 0.453125 1.0 0.184375 1.0
0 0.246875 0.284375 0.515625 0.284375 0.515625 0.540625 0.246875 0.540625
0 0.646875 0.284375 0.953125 0.284375 0.953125 0.540625 0.646875 0.540625
0 0.459375 0.321875 0.640625 0.321875 0.640625 0.490625 0.459375 0.490625
0 0.221875 0.221875 0.390625 0.221875 0.390625 0.390625 0.221875 0.390625
0 0.421875 0.371875 0.603125 0.371875 0.603125 0.578125 0.421875 0.578125
0 0.471875 0.046875 0.828125 0.046875 0.828125 0.328125 0.471875 0.328125
0 0.196875 0.0 0.453125 0.0 0.453125 0.203125 0.196875 0.203125
0 0.0 0.896875 0.028125 0.896875 0.028125 0.953125 0.0 0.953125
0 0.459375 0.0 0.778125 0.0 0.778125 0.115625 0.459375 0.115625
0 0.509375 0.509375 0.890625 0.509375 0.890625 0.740625 0.509375 0.740625
0 0.0 0.534375 0.178125 0.534375 0.178125 0.778125 0.0 0.778125
