0 0.159375 0.584375 0.478125 0.584375 0.478125 0.853125 0.159375 0.853125
0 0.0 0.709375 0.115625 0.709375 0.115625 0.953125 0.0 0.953125
0 0.0 0.196875 0.128125 0.196875 0.128125 0.378125 0.0 0.378125
0 0.309375 0.371875 0.653125 0.371875 0.653125 0.665625 0.309375 0.665625
0 0.034375 0.846875 0.278125 0.846875 0.278125 1.0 0.034375 1.0
0 0.246875 0.0 0.515625 0.0 0.515625 0.240625 0.246875 0.240625
0 0.296875 0.896875 0.490625 0.896875 0.490625 1.0 0.296875 1.0
0 0.0 0.0 0.178125 0.0 0.178125 0.190625 0.0 0.190625
0 0.584375 0.396875 0.915625 0.396875 0.915625 0.615625 0.584375 0.615625
0 0.534375 0.309375 0.840625 0.309375 0.840625 0.465625 0.534375 0.465625
0 0.371875 0.134375 0.703125 0.134375 0.703125 0.403125 0.371875 0.403125
