0 0.0 0.184375 0.178125 0.184375 0.178125 0.478125 0.0 0.478125
0 0.484375 0.359375 0.778125 0.359375 0.778125 0.615625 0.484375 0.615625
0 0.059375 0.159375 0.278125 0.159375 0.278125 0.428125 0.059375 0.428125
0 0.234375 0.834375 0.503125 0.834375 0.503125 1.0 0.234375 1.0
0 0.234375 0.871875 0.440625 0.871875 0.440625 1.0 0.234375 1.0
0 0.584375 0.796875 0.815625 0.796875 0.815625 0.965625 0.584375 0.965625
0 0.146875 0.346875 0.315625 0.346875 0.315625 0.515625 0.146875 0.515625
0 0.309375 0.0 0.490625 0.0 0.490625 0.190625 0.309375 0.190625
0 0.434375 0.634375 0.615625 0.634375 0.615625 0.840625 0.434375 0.840625
0 0.034375 0.671875 0.265625 0.671875 0.265625 0.928125 0.034375 0.928125
