0 0.109375 0.709375 0.353125 0.709375 0.353125 0.990625 0.109375 0.990625
0 0.009375 0.846875 0.253125 0.846875 0.253125 1.0 0.009375 1.0
0 0.359375 0.309375 0.653125 0.309375 0.653125 0.603125 0.359375 0.603125
0 0.746875 0.559375 1.0 0.559375 1.0 0.803125 0.746875 0.803125
0 0.121875 0.059375 0.403125 0.059375 0.403125 0.290625 0.121875 0.290625
0 0.0 0.984375 0.040625 0.984375 0.040625 1.0 0.0 1.0
0 0.0 0.009375 0.128125 0.009375 0.128125 0.253125 0.0 0.253125
0 0.234375 0.334375 0.503125 0.334375 0.503125 0.540625 0.234375 0.540625
0 0.421875 0.159375 0.740625 0.159375 0.740625 0.453125 0.421875 0.453125
0 0.234375 0.609375 0.503125 0.609375 0.503125 0.903125 0.234375 0.903125
0 0.821875 0.984375 0.853125 0.984375 0.853125 1.0 0.821875 1.0
0 0.396875 0.534375 0.728125 0.534375 0.728125 0.815625 0.396875 0.815625
0 0.684375 0.0 0.940625 0.0 0.940625 0.228125 0.684375 0.228125
0 0.846875 0.221875 1.0 0.221875 1.0 0.465625 0.846875 0.465625
0 0.421875 0.0 0.753125 0.0 0.753125 0.203125 0.421875 0.203125
0 0.096875 0.259375 0.415625 0.259375 0.415625 0.490625 0.096875 0.490625
0 0.559375 0.784375 0.853125 0.784375 0.853125 1.0 0.559375 1.0
0 0.0 0.209375 0.140625 0.209375 0.140625 0.403125 0.0 0.403125
0 0.209375 0.0 0.415625 0.0 0.415625 0.203125 0.209375 0.203125
0 0.021875 0.221875 0.240625 0.221875 0.240625 0.490625 0.021875 0.490625
0 0.134375 0.171875 0.278125 0.171875 0.278125 0.353125 0.134375 0.353125
0 0.821875 0.034375 1.0 0.034375 1.0 0.265625 0.821875 0.265625
0 0.634375 0.059375 0.940625 0.059375 0.940625 0.378125 0.634375 0.378125
0 0.0 0.609375 0.203125 0.609375 0.203125 0.853125 0.0 0.853125
