0 0.0 0.496875 0.415625 0.496875 0.415625 0.990625 0.0 0.990625
0 0.059375 0.0 0.715625 0.0 0.715625 0.453125 0.059375 0.453125
0 0.146875 0.796875 0.590625 0.796875 0.590625 1.0 0.146875 1.0
0 0.0 0.0 0.215625 0.0 0.215625 0.190625 0.0 0.190625
0 0.284375 0.571875 0.715625 0.571875 0.715625 0.990625 0.284375 0.990625
0 0.484375 0.121875 0.928125 0.121875 0.928125 0.553125 0.484375 0.553125
0 0.834375 0.046875 1.0 0.046875 1.0 0.278125 0.834375 0.278125
0 0.0 0.946875 0.078125 0.946875 0.078125 1.0 0.0 1.0
0 0.671875 0.421875 1.0 0.421875 1.0 0.665625 0.671875 0.665625
0 0.0 0.109375 0.090625 0.109375 0.090625 0.315625 0.0 0.315625
0 0.409375 0.0 0.778125 0.0 0.778125 0.228125 0.409375 0.228125
0 0.0 0.234375 0.190625 0.234375 0.190625 0.590625 0.0 0.590625
