0 0.0 0.471875 0.140625 0.471875 0.140625 0.640625 0.0 0.640625
0 0.684375 0.696875 1.0 0.696875 1.0 1.0 0.684375 1.0
0 0.009375 0.0 0.290625 0.0 0.290625 0.265625 0.009375 0.265625
0 0.346875 0.846875 0.728125 0.846875 0.728125 1.0 0.346875 1.0
0 0.0 0.696875 0.303125 0.696875 0.303125 1.0 0.0 1.0
0 0.059375 0.409375 0.265625 0.409375 0.265625 0.753125 0.059375 0.753125
0 0.171875 0.096875 0.578125 0.096875 0.578125 0.415625 0.171875 0.415625
0 0.0 0.046875 0.140625 0.046875 0.140625 0.378125 0.0 0.378125
0 0.521875 0.0 0.890625 0.0 0.890625 0.290625 0.521875 0.290625
0 0.196875 0.546875 0.690625 0.546875 0.690625 0.890625 0.196875 0.890625
0 0.0 0.346875 0.178125 0.346875 0.178125 0.590625 0.0 0.590625
