0 0.0 0.009375 0.253125 0.009375 0.253125 0.215625 0.0 0.215625
0 0.559375 0.496875 1.0 0.496875 1.0 0.903125 0.559375 0.903125
0 0.0 0.0 0.190625 0.0 0.190625 0.128125 0.0 0.128125
0 0.771875 0.259375 1.0 0.259375 1.0 0.640625 0.771875 0.640625
0 0.846875 0.796875 1.0 0.796875 1.0 0.953125 0.846875 0.953125
0 0.209375 0.171875 0.615625 0.171875 0.615625 0.615625 0.209375 0.615625
0 0.0 0.409375 0.278125 0.409375 0.278125 0.778125 0.0 0.778125
0 0.796875 0.021875 0.965625 0.021875 0.965625 0.228125 0.796875 0.228125
0 0.634375 0.909375 0.965625 0.909375 0.965625 1.0 0.634375 1.0
0 0.396875 0.0 0.690625 0.0 0.690625 0.203125 0.396875 0.203125
0 0.0 0.221875 0.140625 0.221875 0.140625 0.478125 0.0 0.478125
0 0.484375 0.296875 0.940625 0.296875 0.940625 0.578125 0.484375 0.578125
0 0.559375 0.134375 1.0 0.134375 1.0 0.428125 0.559375 0.428125
0 0.0 0.696875 0.365625 0.696875 0.365625 1.0 0.0 1.0
