0 0.0 0.684375 0.253125 0.684375 0.253125 0.978125 0.0 0.978125
0 0.459375 0.696875 0.765625 0.696875 0.765625 1.0 0.459375 1.0
0 0.334375 0.546875 0.615625 0.546875 0.615625 0.840625 0.334375 0.840625
0 0.096875 0.746875 0.328125 0.746875 0.328125 0.990625 0.096875 0.990625
0 0.0 0.0 0.115625 0.0 0.115625 0.140625 0.0 0.140625
0 0.646875 0.746875 0.815625 0.746875 0.815625 0.978125 0.646875 0.978125
0 0.546875 0.0 0.840625 0.0 0.840625 0.140625 0.546875 0.140625
0 0.0 0.059375 0.115625 0.059375 0.115625 0.278125 0.0 0.278125
0 0.571875 0.421875 0.803125 0.421875 0.803125 0.628125 0.571875 0.628125
0 0.646875 0.434375 0.865625 0.434375 0.865625 0.640625 0.646875 0.640625
0 0.796875 0.271875 1.0 0.271875 1.0 0.515625 0.796875 0.515625
0 0.796875 0.759375 1.0 0.759375 1.0 1.0 0.796875 1.0
0 0.0 0.246875 0.128125 0.246875 0.128125 0.515625 0.0 0.515625
0 0.184375 0.834375 0.440625 0.834375 0.440625 1.0 0.184375 1.0
0 0.221875 0.521875 0.390625 0.521875 0.390625 0.728125 0.221875 0.728125
0 0.671875 0.0 1.0 0.0 1.0 0.265625 0.671875 0.265625
0 0.621875 0.934375 0.890625 0.934375 0.890625 1.0 0.621875 1.0
0 0.0 0.509375 0.303125 0.509375 0.303125 0.728125 0.0 0.728125
