0 0.409375 0.896875 0.615625 0.896875 0.615625 1.0 0.409375 1.0
0 0.109375 0.096875 0.378125 0.096875 0.378125 0.353125 0.109375 0.353125
0 0.571875 0.746875 0.903125 0.746875 0.903125 1.0 0.571875 1.0
0 0.0 0.221875 0.165625 0.221875 0.165625 0.490625 0.0 0.490625
0 0.296875 0.171875 0.590625 0.171875 0.590625 0.403125 0.296875 0.403125
0 0.734375 0.671875 1.0 0.671875 1.0 0.928125 0.734375 0.928125
0 0.0 0.584375 0.065625 0.584375 0.065625 0.703125 0.0 0.703125
0 0.071875 0.596875 0.290625 0.596875 0.290625 0.840625 0.071875 0.840625
0 0.209375 0.371875 0.453125 0.371875 0.453125 0.603125 0.209375 0.603125
0 0.634375 0.0 0.878125 0.0 0.878125 0.228125 0.634375 0.228125
0 0.0 0.0 0.115625 0.0 0.115625 0.153125 0.0 0.153125
0 0.596875 0.496875 0.740625 0.496875 0.740625 0.653125 0.596875 0.653125
0 0.634375 0.371875 0.828125 0.371875 0.828125 0.553125 0.634375 0.553125
0 0.659375 0.446875 0.865625 0.446875 0.865625 0.590625 0.659375 0.590625
0 0.0 0.696875 0.203125 0.696875 0.203125 0.903125 0.0 0.903125
0 0.796875 0.946875 0.940625 0.946875 0.940625 1.0 0.796875 1.0
0 0.0 0.496875 0.178125 0.496875 0.178125 0.690625 0.0 0.690625
