0 0.0 0.646875 0.128125 0.646875 0.128125 0.890625 0.0 0.890625
0 0.359375 0.721875 0.690625 0.721875 0.690625 1.0 0.359375 1.0
0 0.0 0.396875 0.090625 0.396875 0.090625 0.540625 0.0 0.540625
0 0.521875 0.0 0.928125 0.0 0.928125 0.228125 0.521875 0.228125
0 0.596875 0.409375 0.878125 0.409375 0.878125 0.840625 0.596875 0.840625
0 0.0 0.196875 0.015625 0.196875 0.015625 0.215625 0.0 0.215625
0 0.634375 0.696875 1.0 0.696875 1.0 1.0 0.634375 1.0
0 0.634375 0.471875 1.0 0.471875 1.0 0.778125 0.634375 0.778125
0 0.259375 0.0 0.665625 0.0 0.665625 0.228125 0.259375 0.228125
0 0.046875 0.471875 0.365625 0.471875 0.365625 0.815625 0.046875 0.815625
0 0.571875 0.171875 1.0 0.171875 1.0 0.503125 0.571875 0.503125
