0 0.796875 0.0 1.0 0.0 1.0 0.115625 0.796875 0.115625
0 0.0 0.421875 0.278125 0.421875 0.278125 0.803125 0.0 0.803125
0 0.759375 0.021875 1.0 0.021875 1.0 0.303125 0.759375 0.303125
0 0.846875 0.246875 1.0 0.246875 1.0 0.465625 0.846875 0.465625
0 0.396875 0.784375 0.615625 0.784375 0.615625 1.0 0.396875 1.0
0 0.234375 0.209375 0.428125 0.209375 0.428125 0.378125 0.234375 0.378125
0 0.0 0.421875 0.228125 0.421875 0.228125 0.653125 0.0 0.653125
0 0.046875 0.634375 0.415625 0.634375 0.415625 0.853125 0.046875 0.853125
0 0.409375 0.334375 0.828125 0.334375 0.828125 0.628125 0.409375 0.628125
0 0.096875 0.796875 0.415625 0.796875 0.415625 1.0 0.096875 1.0
0 0.459375 0.671875 0.940625 0.671875 0.940625 0.940625 0.459375 0.940625
0 0.071875 0.021875 0.453125 0.021875 0.453125 0.378125 0.071875 0.378125
