0 0.634375 0.0 1.0 0.0 1.0 0.353125 0.634375 0.353125
0 0.096875 0.0 0.428125 0.0 0.428125 0.153125 0.096875 0.153125
0 0.621875 0.984375 0.665625 0.984375 0.665625 1.0 0.621875 1.0
0 0.071875 0.184375 0.465625 0.184375 0.465625 0.540625 0.071875 0.540625
0 0.671875 0.834375 1.0 0.834375 1.0 1.0 0.671875 1.0
0 0.709375 0.271875 1.0 0.271875 1.0 0.578125 0.709375 0.578125
0 0.534375 0.221875 1.0 0.221875 1.0 0.615625 0.534375 0.615625
0 0.0 0.821875 0.078125 0.821875 0.078125 1.0 0.0 1.0
0 0.0 0.584375 0.178125 0.584375 0.178125 0.903125 0.0 0.903125
0 0.234375 0.784375 0.615625 0.784375 0.615625 1.0 0.234375 1.0
