0 0.0 0.359375 0.103125 0.359375 0.103125 0.553125 0.0 0.553125
0 0.459375 0.759375 0.753125 0.759375 0.753125 0.978125 0.459375 0.978125
0 0.334375 0.721875 0.515625 0.721875 0.515625 0.940625 0.334375 0.940625
0 0.0 0.584375 0.228125 0.584375 0.228125 0.853125 0.0 0.853125
0 0.359375 0.909375 0.590625 0.909375 0.590625 1.0 0.359375 1.0
0 0.471875 0.621875 0.665625 0.621875 0.665625 0.778125 0.471875 0.778125
0 0.534375 0.346875 0.840625 0.346875 0.840625 0.578125 0.534375 0.578125
0 0.396875 0.209375 0.690625 0.209375 0.690625 0.453125 0.396875 0.453125
0 0.246875 0.496875 0.553125 0.496875 0.553125 0.740625 0.246875 0.740625
0 0.159375 0.734375 0.440625 0.734375 0.440625 0.965625 0.159375 0.965625
