0 0.021875 0.696875 0.303125 0.696875 0.303125 0.903125 0.021875 0.903125
0 0.671875 0.184375 0.965625 0.184375 0.965625 0.353125 0.671875 0.353125
0 0.409375 0.509375 0.690625 0.509375 0.690625 0.728125 0.409375 0.728125
0 0.171875 0.0 0.453125 0.0 0.453125 0.240625 0.171875 0.240625
0 0.284375 0.059375 0.528125 0.059375 0.528125 0.353125 0.284375 0.353125
0 0.0 0.109375 0.240625 0.109375 0.240625 0.365625 0.0 0.365625
0 0.446875 0.259375 0.715625 0.259375 0.715625 0.540625 0.446875 0.540625
0 0.259375 0.796875 0.415625 0.796875 0.415625 1.0 0.259375 1.0
0 0.346875 0.834375 0.553125 0.834375 0.553125 1.0 0.346875 1.0
0 0.459375 0.146875 0.653125 0.146875 0.653125 0.315625 0.459375 0.315625
0 0.009375 0.796875 0.253125 0.796875 0.253125 0.978125 0.009375 0.978125
0 0.0 0.396875 0.178125 0.396875 0.178125 0.603125 0.0 0.603125
0 0.509375 0.796875 0.815625 0.796875 0.815625 1.0 0.509375 1.0
