0 0.321875 0.096875 0.653125 0.096875 0.653125 0.353125 0.321875 0.353125
0 0.471875 0.396875 0.815625 0.396875 0.815625 0.815625 0.471875 0.815625
0 0.0 0.659375 0.078125 0.659375 0.078125 0.903125 0.0 0.903125
0 0.084375 0.209375 0.415625 0.209375 0.415625 0.540625 0.084375 0.540625
0 0.284375 0.696875 0.640625 0.696875 0.640625 0.990625 0.284375 0.990625
0 0.734375 0.834375 1.0 0.834375 1.0 1.0 0.734375 1.0
0 0.084375 0.059375 0.378125 0.059375 0.378125 0.303125 0.084375 0.303125
0 0.371875 0.0 0.578125 0.0 0.578125 0.115625 0.371875 0.115625
0 0.546875 0.084375 0.828125 0.084375 0.828125 0.303125 0.546875 0.303125
0 0.034375 0.421875 0.240625 0.421875 0.240625 0.628125 0.034375 0.628125
