0 0.0 0.234375 0.140625 0.234375 0.140625 0.453125 0.0 0.453125
0 0.309375 0.0 0.578125 0.0 0.578125 0.165625 0.309375 0.165625
0 0.334375 0.234375 0.640625 0.234375 0.640625 0.478125 0.334375 0.478125
0 0.421875 0.121875 0.740625 0.121875 0.740625 0.415625 0.421875 0.415625
0 0.234375 0.159375 0.515625 0.159375 0.515625 0.403125 0.234375 0.403125
0 0.696875 0.559375 0.915625 0.559375 0.915625 0.765625 0.696875 0.765625
0 0.471875 0.809375 0.628125 0.809375 0.628125 1.0 0.471875 1.0
0 0.134375 0.884375 0.328125 0.884375 0.328125 1.0 0.134375 1.0
0 0.109375 0.109375 0.478125 0.109375 0.478125 0.365625 0.109375 0.365625
0 0.809375 0.734375 1.0 0.734375 1.0 1.0 0.809375 1.0
0 0.359375 0.471875 0.715625 0.471875 0.715625 0.740625 0.359375 0.740625
0 0.646875 0.071875 1.0 0.071875 1.0 0.390625 0.646875 0.390625
0 0.021875 0.559375 0.315625 0.559375 0.315625 0.828125 0.021875 0.828125
