0 0.759375 0.0 1.0 0.0 1.0 0.290625 0.759375 0.290625
0 0.0 0.534375 0.215625 0.534375 0.215625 0.753125 0.0 0.753125
0 0.721875 0.971875 0.790625 0.971875 0.790625 1.0 0.721875 1.0
0 0.496875 0.359375 0.778125 0.359375 0.778125 0.628125 0.496875 0.628125
0 0.0 0.071875 0.128125 0.071875 0.128125 0.303125 0.0 0.303125
0 0.034375 0.0 0.265625 0.0 0.265625 0.178125 0.034375 0.178125
0 0.184375 0.884375 0.415625 0.884375 0.415625 1.0 0.184375 1.0
0 0.471875 0.871875 0.728125 0.871875 0.728125 1.0 0.471875 1.0
0 0.171875 0.721875 0.465625 0.721875 0.465625 0.940625 0.171875 0.940625
0 0.346875 0.471875 0.565625 0.471875 0.565625 0.703125 0.346875 0.703125
0 0.0 0.271875 0.128125 0.271875 0.128125 0.453125 0.0 0.453125
0 0.0 0.359375 0.165625 0.359375 0.165625 0.565625 0.0 0.565625
0 0.334375 0.059375 0.515625 0.059375 0.515625 0.240625 0.334375 0.240625
0 0.659375 0.734375 0.865625 0.734375 0.865625 0.928125 0.659375 0.928125
0 0.721875 0.884375 0.890625 0.884375 0.890625 1.0 0.721875 1.0
0 0.359375 0.184375 0.690625 0.184375 0.690625 0.403125 0.359375 0.403125
0 0.546875 0.009375 0.878125 0.009375 0.878125 0.215625 0.546875 0.215625
0 0.596875 0.121875 0.828125 0.121875 0.828125 0.378125 0.596875 0.378125
0 0.0 0.0 0.065625 0.0 0.065625 0.115625 0.0 0.115625
0 0.034375 0.871875 0.253125 0.871875 0.253125 1.0 0.034375 1.0
0 0.0 0.846875 0.090625 0.846875 0.090625 1.0 0.0 1.0
0 0.671875 0.371875 0.915625 0.371875 0.915625 0.590625 0.671875 0.590625
0 0.184375 0.584375 0.390625 0.584375 0.390625 0.765625 0.184375 0.765625
0 0.471875 0.659375 0.790625 0.659375 0.790625 0.890625 0.471875 0.890625
