0 0.0 0.296875 0.240625 0.296875 0.240625 0.540625 0.0 0.540625
0 0.196875 0.196875 0.440625 0.196875 0.440625 0.465625 0.196875 0.465625
0 0.409375 0.834375 0.690625 0.834375 0.690625 1.0 0.409375 1.0
0 0.0 0.759375 0.153125 0.759375 0.153125 1.0 0.0 1.0
0 0.109375 0.634375 0.390625 0.634375 0.390625 0.915625 0.109375 0.915625
0 0.384375 0.709375 0.578125 0.709375 0.578125 0.990625 0.384375 0.990625
0 0.271875 0.584375 0.503125 0.584375 0.503125 0.803125 0.271875 0.803125
0 0.496875 0.0 0.778125 0.0 0.778125 0.115625 0.496875 0.115625
0 0.484375 0.646875 0.690625 0.646875 0.690625 0.915625 0.484375 0.915625
0 0.0 0.096875 0.040625 0.096875 0.040625 0.178125 0.0 0.178125
0 0.659375 0.659375 0.840625 0.659375 0.840625 0.828125 0.659375 0.828125
0 0.0 0.584375 0.028125 0.584375 0.028125 0.678125 0.0 0.678125
0 0.434375 0.534375 0.640625 0.534375 0.640625 0.728125 0.434375 0.728125
0 0.021875 0.0 0.265625 0.0 0.265625 0.215625 0.021875 0.215625
0 0.0 0.0 0.103125 0.0 0.103125 0.165625 0.0 0.165625
0 0.634375 0.321875 0.978125 0.321875 0.978125 0.565625 0.634375 0.565625
0 0.021875 0.134375 0.290625 0.134375 0.290625 0.315625 0.021875 0.315625
