0 0.721875 0.684375 1.0 0.684375 1.0 0.965625 0.721875 0.965625
0 0.671875 0.396875 1.0 0.396875 1.0 0.553125 0.671875 0.553125
0 0.746875 0.546875 0.928125 0.546875 0.928125 0.728125 0.746875 0.728125
0 0.284375 0.834375 0.540625 0.834375 0.540625 1.0 0.284375 1.0
0 0.021875 0.0 0.390625 0.0 0.390625 0.240625 0.021875 0.240625
0 0.721875 0.921875 0.940625 0.921875 0.940625 1.0 0.721875 1.0
0 0.296875 0.609375 0.565625 0.609375 0.565625 0.890625 0.296875 0.890625
0 0.0 0.859375 0.078125 0.859375 0.078125 1.0 0.0 1.0
0 0.884375 0.934375 1.0 0.934375 1.0 1.0 0.884375 1.0
0 0.234375 0.259375 0.528125 0.259375 0.528125 0.515625 0.234375 0.515625
0 0.446875 0.0 0.753125 0.0 0.753125 0.265625 0.446875 0.265625
0 0.0 0.484375 0.103125 0.484375 0.103125 0.728125 0.0 0.728125
0 0.284375 0.021875 0.503125 0.021875 0.503125 0.290625 0.284375 0.290625
0 0.484375 0.796875 0.765625 0.796875 0.765625 1.0 0.484375 1.0
0 0.621875 0.259375 0.903125 0.259375 0.903125 0.515625 0.621875 0.515625
0 0.434375 0.484375 0.690625 0.484375 0.690625 0.703125 0.434375 0.703125
0 0.509375 0.559375 0.790625 0.559375 0.790625 0.815625 0.509375 0.815625
0 0.0 0.259375 0.190625 0.259375 0.190625 0.440625 0.0 0.440625
0 0.109375 0.971875 0.140625 0.971875 0.140625 1.0 0.109375 1.0
0 0.671875 0.734375 0.978125 0.734375 0.978125 0.953125 0.671875 0.953125
