0 0.709375 0.646875 1.0 0.646875 1.0 0.940625 0.709375 0.940625
0 0.234375 0.0 0.503125 0.0 0.503125 0.353125 0.234375 0.353125
0 0.059375 0.371875 0.353125 0.371875 0.353125 0.615625 0.059375 0.615625
0 0.0 0.871875 0.278125 0.871875 0.278125 1.0 0.0 1.0
0 0.109375 0.134375 0.428125 0.134375 0.428125 0.440625 0.109375 0.440625
0 0.184375 0.959375 0.290625 0.959375 0.290625 1.0 0.184375 1.0
0 0.0 0.384375 0.015625 0.384375 0.015625 0.415625 0.0 0.415625
0 0.384375 0.734375 0.790625 0.734375 0.790625 1.0 0.384375 1.0
0 0.271875 0.0 0.603125 0.0 0.603125 0.103125 0.271875 0.103125
0 0.271875 0.971875 0.328125 0.971875 0.328125 1.0 0.271875 1.0
0 0.0 0.171875 0.078125 0.171875 0.078125 0.365625 0.0 0.365625
0 0.296875 0.934375 0.415625 0.934375 0.415625 1.0 0.296875 1.0
