0 0.0 0.109375 0.315625 0.109375 0.315625 0.390625 0.0 0.390625
0 0.671875 0.0 1.0 0.0 1.0 0.290625 0.671875 0.290625
0 0.184375 0.171875 0.478125 0.171875 0.478125 0.478125 0.184375 0.478125
0 0.359375 0.584375 0.715625 0.584375 0.715625 0.853125 0.359375 0.853125
0 0.409375 0.709375 0.728125 0.709375 0.728125 1.0 0.409375 1.0
0 0.671875 0.209375 1.0 0.209375 1.0 0.453125 0.671875 0.453125
0 0.659375 0.659375 1.0 0.659375 1.0 1.0 0.659375 1.0
0 0.271875 0.959375 0.365625 0.959375 0.365625 1.0 0.271875 1.0
0 0.521875 0.0 0.853125 0.0 0.853125 0.265625 0.521875 0.265625
0 0.0 0.746875 0.278125 0.746875 0.278125 1.0 0.0 1.0
0 0.234375 0.0 0.565625 0.0 0.565625 0.265625 0.234375 0.265625
0 0.884375 0.721875 1.0 0.721875 1.0 1.0 0.884375 1.0
0 0.546875 0.984375 0.565625 0.984375 0.565625 1.0 0.546875 1.0
0 0.0 0.0 0.215625 0.0 0.215625 0.178125 0.0 0.178125
0 0.059375 0.496875 0.428125 0.496875 0.428125 0.790625 0.059375 0.790625
0 0.284375 0.884375 0.565625 0.884375 0.565625 1.0 0.284375 1.0
