0 0.496875 0.109375 0.853125 0.109375 0.853125 0.390625 0.496875 0.390625
0 0.0 0.384375 0.015625 0.384375 0.015625 0.415625 0.0 0.415625
0 0.271875 0.309375 0.553125 0.309375 0.553125 0.603125 0.271875 0.603125
0 0.246875 0.521875 0.528125 0.521875 0.528125 0.778125 0.246875 0.778125
0 0.059375 0.509375 0.328125 0.509375 0.328125 0.840625 0.059375 0.840625
0 0.696875 0.484375 1.0 0.484375 1.0 0.778125 0.696875 0.778125
0 0.184375 0.0 0.503125 0.0 0.503125 0.265625 0.184375 0.265625
0 0.0 0.0 0.128125 0.0 0.128125 0.253125 0.0 0.253125
0 0.0 0.746875 0.165625 0.746875 0.165625 1.0 0.0 1.0
0 0.0 0.396875 0.103125 0.396875 0.103125 0.665625 0.0 0.665625
0 0.046875 0.909375 0.290625 0.909375 0.290625 1.0 0.046875 1.0
0 0.271875 0.846875 0.590625 0.846875 0.590625 1.0 0.271875 1.0
0 0.021875 0.746875 0.265625 0.746875 0.265625 0.953125 0.021875 0.953125
0 0.534375 0.021875 0.715625 0.021875 0.715625 0.190625 0.534375 0.190625
0 0.346875 0.234375 0.628125 0.234375 0.628125 0.415625 0.346875 0.415625
0 0.496875 0.271875 0.815625 0.271875 0.815625 0.465625 0.496875 0.465625
0 0.0 0.334375 0.215625 0.334375 0.215625 0.578125 0.0 0.578125
0 0.696875 0.734375 1.0 0.734375 1.0 0.965625 0.696875 0.965625
0 0.109375 0.0 0.465625 0.0 0.465625 0.303125 0.109375 0.303125
0 0.746875 0.909375 1.0 0.909375 1.0 1.0 0.746875 1.0
0 0.684375 0.034375 1.0 0.034375 1.0 0.278125 0.684375 0.278125
0 0.459375 0.796875 0.765625 0.796875 0.765625 1.0 0.459375 1.0
0 0.321875 0.709375 0.603125 0.709375 0.603125 0.940625 0.321875 0.940625
0 0.346875 0.159375 0.640625 0.159375 0.640625 0.365625 0.346875 0.365625
