0 0.834375 0.871875 1.0 0.871875 1.0 1.0 0.834375 1.0
0 0.0 0.784375 0.053125 0.784375 0.053125 0.953125 0.0 0.953125
0 0.209375 0.596875 0.490625 0.596875 0.490625 0.978125 0.209375 0.978125
0 0.271875 0.0 0.553125 0.0 0.553125 0.190625 0.271875 0.190625
0 0.571875 0.359375 0.853125 0.359375 0.853125 0.628125 0.571875 0.628125
0 0.434375 0.371875 0.715625 0.371875 0.715625 0.703125 0.434375 0.703125
0 0.734375 0.0 1.0 0.0 1.0 0.278125 0.734375 0.278125
0 0.171875 0.921875 0.390625 0.921875 0.390625 1.0 0.171875 1.0
0 0.134375 0.209375 0.353125 0.209375 0.353125 0.403125 0.134375 0.403125
0 0.321875 0.234375 0.528125 0.234375 0.528125 0.403125 0.321875 0.403125
0 0.0 0.709375 0.178125 0.709375 0.178125 0.965625 0.0 0.965625
0 0.371875 0.634375 0.640625 0.634375 0.640625 0.865625 0.371875 0.865625
0 0.421875 0.946875 0.615625 0.946875 0.615625 1.0 0.421875 1.0
0 0.609375 0.884375 0.965625 0.884375 0.965625 1.0 0.609375 1.0
