0 0.559375 0.096875 0.865625 0.096875 0.865625 0.390625 0.559375 0.390625
0 0.709375 0.0 1.0 0.0 1.0 0.190625 0.709375 0.190625
0 0.759375 0.0 1.0 0.0 1.0 0.253125 0.759375 0.253125
0 0.259375 0.671875 0.565625 0.671875 0.565625 0.928125 0.259375 0.928125
0 0.334375 0.571875 0.690625 0.571875 0.690625 0.853125 0.334375 0.853125
0 0.521875 0.734375 0.765625 0.734375 0.765625 0.965625 0.521875 0.965625
0 0.0 0.734375 0.290625 0.734375 0.290625 1.0 0.0 1.0
0 0.671875 0.646875 1.0 0.646875 1.0 0.890625 0.671875 0.890625
0 0.434375 0.484375 0.815625 0.484375 0.815625 0.740625 0.434375 0.740625
0 0.259375 0.0 0.603125 0.0 0.603125 0.215625 0.259375 0.215625
0 0.609375 0.896875 0.928125 0.896875 0.928125 1.0 0.609375 1.0
0 0.721875 0.821875 1.0 0.821875 1.0 0.978125 0.721875 0.978125
