0 0.671875 0.046875 0.953125 0.046875 0.953125 0.328125 0.671875 0.328125
0 0.346875 0.071875 0.678125 0.071875 0.678125 0.328125 0.346875 0.328125
0 0.009375 0.0 0.228125 0.0 0.228125 0.178125 0.009375 0.178125
0 0.0 0.846875 0.228125 0.846875 0.228125 1.0 0.0 1.0
0 0.471875 0.384375 0.678125 0.384375 0.678125 0.590625 0.471875 0.590625
0 0.359375 0.459375 0.615625 0.459375 0.615625 0.678125 0.359375 0.678125
0 0.671875 0.921875 0.865625 0.921875 0.865625 1.0 0.671875 1.0
0 0.134375 0.196875 0.403125 0.196875 0.403125 0.440625 0.134375 0.440625
0 0.184375 0.971875 0.265625 0.971875 0.265625 1.0 0.184375 1.0
0 0.284375 0.734375 0.453125 0.734375 0.453125 0.903125 0.284375 0.903125
0 0.371875 0.346875 0.665625 0.346875 0.665625 0.515625 0.371875 0.515625
0 0.109375 0.0 0.340625 0.0 0.340625 0.253125 0.109375 0.253125
0 0.396875 0.584375 0.715625 0.584375 0.715625 0.790625 0.396875 0.790625
