0 0.0 0.784375 0.103125 0.784375 0.103125 0.965625 0.0 0.965625
0 0.471875 0.021875 0.815625 0.021875 0.815625 0.390625 0.471875 0.390625
0 0.796875 0.121875 1.0 0.121875 1.0 0.465625 0.796875 0.465625
0 0.0 0.796875 0.290625 0.796875 0.290625 1.0 0.0 1.0
0 0.309375 0.0 0.653125 0.0 0.653125 0.253125 0.309375 0.253125
0 0.034375 0.909375 0.203125 0.909375 0.203125 1.0 0.034375 1.0
0 0.246875 0.459375 0.540625 0.459375 0.540625 0.790625 0.246875 0.790625
0 0.621875 0.0 0.878125 0.0 0.878125 0.165625 0.621875 0.165625
0 0.0 0.596875 0.015625 0.596875 0.015625 0.615625 0.0 0.615625
0 0.534375 0.709375 0.778125 0.709375 0.778125 0.915625 0.534375 0.915625
0 0.0 0.0 0.090625 0.0 0.090625 0.190625 0.0 0.190625
0 0.184375 0.184375 0.578125 0.184375 0.578125 0.515625 0.184375 0.515625
0 0.609375 0.971875 0.690625 0.971875 0.690625 1.0 0.609375 1.0
0 0.0 0.134375 0.253125 0.134375 0.253125 0.490625 0.0 0.490625
0 0.684375 0.759375 1.0 0.759375 1.0 1.0 0.684375 1.0
0 0.871875 0.846875 1.0 0.846875 1.0 1.0 0.871875 1.0
0 0.0 0.484375 0.328125 0.484375 0.328125 0.765625 0.0 0.765625
