0 0.0 0.846875 0.028125 0.846875 0.028125 0.890625 0.0 0.890625
0 0.259375 0.534375 0.740625 0.534375 0.740625 0.928125 0.259375 0.928125
0 0.0 0.0 0.290625 0.0 0.290625 0.165625 0.0 0.165625
0 0.359375 0.221875 0.765625 0.221875 0.765625 0.565625 0.359375 0.565625
0 0.0 0.684375 0.040625 0.684375 0.040625 0.765625 0.0 0.765625
0 0.0 0.0 0.190625 0.0 0.190625 0.365625 0.0 0.365625
0 0.846875 0.0 1.0 0.0 1.0 0.215625 0.846875 0.215625
0 0.646875 0.471875 0.940625 0.471875 0.940625 0.728125 0.646875 0.728125
0 0.0 0.271875 0.165625 0.271875 0.165625 0.503125 0.0 0.503125
0 0.609375 0.621875 0.753125 0.621875 0.753125 0.840625 0.609375 0.840625
0 0.546875 0.121875 0.778125 0.121875 0.778125 0.315625 0.546875 0.315625
