0 0.221875 0.934375 0.328125 0.934375 0.328125 1.0 0.221875 1.0
0 0.534375 0.721875 0.778125 0.721875 0.778125 1.0 0.534375 1.0
0 0.0 0.721875 0.228125 0.721875 0.228125 0.990625 0.0 0.990625
0 0.259375 0.309375 0.540625 0.309375 0.540625 0.628125 0.259375 0.628125
0 0.409375 0.509375 0.628125 0.509375 0.628125 0.778125 0.409375 0.778125
0 0.0 0.921875 0.090625 0.921875 0.090625 1.0 0.0 1.0
0 0.296875 0.646875 0.553125 0.646875 0.553125 0.865625 0.296875 0.865625
0 0.709375 0.171875 1.0 0.171875 1.0 0.515625 0.709375 0.515625
0 0.034375 0.609375 0.303125 0.609375 0.303125 0.828125 0.034375 0.828125
0 0.246875 0.171875 0.478125 0.171875 0.478125 0.403125 0.246875 0.403125
0 0.034375 0.046875 0.253125 0.046875 0.253125 0.290625 0.034375 0.290625
0 0.659375 0.684375 0.915625 0.684375 0.915625 0.940625 0.659375 0.940625
0 0.434375 0.421875 0.640625 0.421875 0.640625 0.603125 0.434375 0.603125
0 0.196875 0.759375 0.428125 0.759375 0.428125 0.965625 0.196875 0.965625
0 0.321875 0.846875 0.615625 0.846875 0.615625 1.0 0.321875 1.0
0 0.0 0.059375 0.065625 0.059375 0.065625 0.240625 0.0 0.240625
0 0.521875 0.296875 0.878125 0.296875 0.878125 0.503125 0.521875 0.503125
0 0.384375 0.0 0.653125 0.0 0.653125 0.128125 0.384375 0.128125
0 0.384375 0.096875 0.628125 0.096875 0.628125 0.328125 0.384375 0.328125
0 0.309375 0.584375 0.540625 0.584375 0.540625 0.765625 0.309375 0.765625
0 0.0 0.296875 0.215625 0.296875 0.215625 0.553125 0.0 0.553125
0 0.571875 0.109375 0.890625 0.109375 0.890625 0.303125 0.571875 0.303125
