0 0.046875 0.346875 0.215625 0.346875 0.215625 0.553125 0.046875 0.553125
0 0.634375 0.309375 1.0 0.309375 1.0 0.728125 0.634375 0.728125
0 0.021875 0.896875 0.215625 0.896875 0.215625 1.0 0.021875 1.0
0 0.0 0.671875 0.015625 0.671875 0.015625 0.690625 0.0 0.690625
0 0.0 0.584375 0.228125 0.584375 0.228125 0.840625 0.0 0.840625
0 0.0 0.384375 0.253125 0.384375 0.253125 0.665625 0.0 0.665625
0 0.0 0.134375 0.028125 0.134375 0.028125 0.178125 0.0 0.178125
0 0.709375 0.971875 0.840625 0.971875 0.840625 1.0 0.709375 1.0
0 0.521875 0.159375 0.815625 0.159375 0.815625 0.403125 0.521875 0.403125
0 0.159375 0.0 0.328125 0.0 0.328125 0.228125 0.159375 0.228125
0 0.234375 0.884375 0.390625 0.884375 0.390625 1.0 0.234375 1.0
0 0.0 0.0 0.253125 0.0 0.253125 0.190625 0.0 0.190625
0 0.0 0.134375 0.103125 0.134375 0.103125 0.403125 0.0 0.403125
0 0.321875 0.721875 0.565625 0.721875 0.565625 0.903125 0.321875 0.903125
0 0.459375 0.646875 0.653125 0.646875 0.653125 0.865625 0.459375 0.865625
0 0.721875 0.609375 1.0 0.609375 1.0 0.853125 0.721875 0.853125
0 0.359375 0.834375 0.728125 0.834375 0.728125 1.0 0.359375 1.0
0 0.171875 0.909375 0.353125 0.909375 0.353125 1.0 0.171875 1.0
0 0.846875 0.196875 1.0 0.196875 1.0 0.365625 0.846875 0.365625
0 0.521875 0.721875 0.928125 0.721875 0.928125 0.978125 0.521875 0.978125
0 0.496875 0.0 0.878125 0.0 0.878125 0.240625 0.496875 0.240625
0 0.146875 0.296875 0.378125 0.296875 0.378125 0.528125 0.146875 0.528125
0 0.0 0.721875 0.090625 0.721875 0.090625 0.903125 0.0 0.903125
