0 0.709375 0.0 1.0 0.0 1.0 0.178125 0.709375 0.178125
0 0.0 0.0 0.178125 0.0 0.178125 0.290625 0.0 0.290625
0 0.0 0.959375 0.015625 0.959375 0.015625 1.0 0.0 1.0
0 0.534375 0.0 0.778125 0.0 0.778125 0.090625 0.534375 0.090625
0 0.071875 0.971875 0.115625 0.971875 0.115625 1.0 0.071875 1.0
0 0.571875 0.509375 0.903125 0.509375 0.903125 0.803125 0.571875 0.803125
0 0.421875 0.971875 0.478125 0.971875 0.478125 1.0 0.421875 1.0
0 0.821875 0.584375 1.0 0.584375 1.0 0.815625 0.821875 0.815625
0 0.209375 0.759375 0.440625 0.759375 0.440625 0.953125 0.209375 0.953125
0 0.021875 0.521875 0.203125 0.521875 0.203125 0.715625 0.021875 0.715625
0 0.0 0.371875 0.128125 0.371875 0.128125 0.615625 0.0 0.615625
0 0.559375 0.959375 0.603125 0.959375 0.603125 1.0 0.559375 1.0
