0 0.634375 0.321875 1.0 0.321875 1.0 0.553125 0.634375 0.553125
0 0.0 0.0 0.153125 0.0 0.153125 0.228125 0.0 0.228125
0 0.196875 0.134375 0.540625 0.134375 0.540625 0.428125 0.196875 0.428125
0 0.721875 0.621875 1.0 0.621875 1.0 0.928125 0.721875 0.928125
0 0.484375 0.896875 0.815625 0.896875 0.815625 1.0 0.484375 1.0
0 0.0 0.696875 0.290625 0.696875 0.290625 1.0 0.0 1.0
0 0.784375 0.009375 1.0 0.009375 1.0 0.265625 0.784375 0.265625
0 0.0 0.434375 0.065625 0.434375 0.065625 0.665625 0.0 0.665625
0 0.171875 0.334375 0.353125 0.334375 0.353125 0.528125 0.171875 0.528125
0 0.759375 0.246875 1.0 0.246875 1.0 0.440625 0.759375 0.440625
0 0.046875 0.0 0.290625 0.0 0.290625 0.178125 0.046875 0.178125
0 0.0 0.109375 0.040625 0.109375 0.040625 0.178125 0.0 0.178125
0 0.259375 0.271875 0.628125 0.271875 0.628125 0.590625 0.259375 0.590625
0 0.0 0.946875 0.090625 0.946875 0.090625 1.0 0.0 1.0
