0 0.446875 0.909375 0.815625 0.909375 0.815625 1.0 0.446875 1.0
0 0.671875 0.659375 0.978125 0.659375 0.978125 0.878125 0.671875 0.878125
0 0.0 0.0 0.253125 0.0 0.253125 0.328125 0.0 0.328125
0 0.646875 0.021875 0.965625 0.021875 0.965625 0.303125 0.646875 0.303125
0 0.896875 0.0 1.0 0.0 1.0 0.203125 0.896875 0.203125
0 0.371875 0.196875 0.665625 0.196875 0.665625 0.490625 0.371875 0.490625
0 0.721875 0.196875 1.0 0.196875 1.0 0.428125 0.721875 0.428125
0 0.259375 0.059375 0.590625 0.059375 0.590625 0.340625 0.259375 0.340625
0 0.671875 0.434375 0.990625 0.434375 0.990625 0.703125 0.671875 0.703125
0 0.296875 0.934375 0.465625 0.934375 0.465625 1.0 0.296875 1.0
0 0.871875 0.596875 1.0 0.596875 1.0 0.790625 0.871875 0.790625
0 0.0 0.571875 0.065625 0.571875 0.065625 0.728125 0.0 0.728125
0 0.0 0.359375 0.328125 0.359375 0.328125 0.653125 0.0 0.653125
0 0.834375 0.359375 1.0 0.359375 1.0 0.565625 0.834375 0.565625
0 0.059375 0.059375 0.303125 0.059375 0.303125 0.390625 0.059375 0.390625
0 0.546875 0.321875 0.953125 0.321875 0.953125 0.590625 0.546875 0.590625
0 0.509375 0.709375 0.915625 0.709375 0.915625 0.940625 0.509375 0.940625
