0 0.046875 0.509375 0.240625 0.509375 0.240625 0.740625 0.046875 0.740625
0 0.346875 0.309375 0.603125 0.309375 0.603125 0.540625 0.346875 0.540625
0 0.0 0.334375 0.190625 0.334375 0.190625 0.603125 0.0 0.603125
0 0.171875 0.046875 0.403125 0.046875 0.403125 0.303125 0.171875 0.303125
0 0.109375 0.334375 0.290625 0.334375 0.290625 0.528125 0.109375 0.528125
0 0.009375 0.034375 0.165625 0.034375 0.165625 0.253125 0.009375 0.253125
0 0.109375 0.834375 0.365625 0.834375 0.365625 1.0 0.109375 1.0
0 0.0 0.034375 0.128125 0.034375 0.128125 0.303125 0.0 0.303125
0 0.0 0.659375 0.178125 0.659375 0.178125 0.878125 0.0 0.878125
0 0.659375 0.421875 0.953125 0.421875 0.953125 0.690625 0.659375 0.690625
0 0.0 0.459375 0.015625 0.459375 0.015625 0.528125 0.0 0.528125
0 0.121875 0.484375 0.315625 0.484375 0.315625 0.690625 0.121875 0.690625
0 0.496875 0.709375 0.753125 0.709375 0.753125 0.878125 0.496875 0.878125
0 0.209375 0.746875 0.453125 0.746875 0.453125 0.940625 0.209375 0.940625
0 0.396875 0.946875 0.528125 0.946875 0.528125 1.0 0.396875 1.0
0 0.259375 0.459375 0.453125 0.459375 0.453125 0.653125 0.259375 0.653125
0 0.396875 0.571875 0.665625 0.571875 0.665625 0.790625 0.396875 0.790625
0 0.271875 0.784375 0.540625 0.784375 0.540625 0.978125 0.271875 0.978125
0 0.509375 0.821875 0.803125 0.821875 0.803125 1.0 0.509375 1.0
0 0.221875 0.596875 0.503125 0.596875 0.503125 0.790625 0.221875 0.790625
