0 0.171875 0.596875 0.378125 0.596875 0.378125 0.765625 0.171875 0.765625
0 0.0 0.471875 0.090625 0.471875 0.090625 0.690625 0.0 0.690625
0 0.221875 0.196875 0.515625 0.196875 0.515625 0.515625 0.221875 0.515625
0 0.234375 0.0 0.503125 0.0 0.503125 0.190625 0.234375 0.190625
0 0.534375 0.0 0.803125 0.0 0.803125 0.240625 0.534375 0.240625
0 0.0 0.684375 0.153125 0.684375 0.153125 1.0 0.0 1.0
0 0.434375 0.634375 0.815625 0.634375 0.815625 1.0 0.434375 1.0
0 0.034375 0.446875 0.290625 0.446875 0.290625 0.715625 0.034375 0.715625
0 0.334375 0.859375 0.478125 0.859375 0.478125 1.0 0.334375 1.0
0 0.721875 0.471875 1.0 0.471875 1.0 0.728125 0.721875 0.728125
0 0.659375 0.834375 0.990625 0.834375 0.990625 1.0 0.659375 1.0
0 0.0 0.271875 0.128125 0.271875 0.128125 0.503125 0.0 0.503125
