0 0.046875 0.596875 0.590625 0.596875 0.590625 1.0 0.046875 1.0
0 0.509375 0.0 0.965625 0.0 0.965625 0.265625 0.509375 0.265625
0 0.596875 0.171875 1.0 0.171875 1.0 0.640625 0.596875 0.640625
0 0.146875 0.434375 0.640625 0.434375 0.640625 0.828125 0.146875 0.828125
0 0.559375 0.684375 1.0 0.684375 1.0 1.0 0.559375 1.0
0 0.0 0.959375 0.015625 0.959375 0.015625 1.0 0.0 1.0
0 0.234375 0.196875 0.615625 0.196875 0.615625 0.540625 0.234375 0.540625
0 0.459375 0.496875 0.853125 0.496875 0.853125 0.953125 0.459375 0.953125
0 0.746875 0.0 1.0 0.0 1.0 0.215625 0.746875 0.215625
0 0.059375 0.0 0.315625 0.0 0.315625 0.240625 0.059375 0.240625
0 0.0 0.071875 0.228125 0.071875 0.228125 0.428125 0.0 0.428125
0 0.246875 0.846875 0.515625 0.846875 0.515625 1.0 0.246875 1.0
