0 0.0 0.096875 0.015625 0.096875 0.015625 0.128125 0.0 0.128125
0 0.184375 0.0 0.415625 0.0 0.415625 0.228125 0.184375 0.228125
0 0.0 0.0 0.215625 0.0 0.215625 0.153125 0.0 0.153125
0 0.071875 0.346875 0.315625 0.346875 0.315625 0.565625 0.071875 0.565625
0 0.234375 0.471875 0.440625 0.471875 0.440625 0.715625 0.234375 0.715625
0 0.509375 0.171875 0.765625 0.171875 0.765625 0.440625 0.509375 0.440625
0 0.0 0.184375 0.090625 0.184375 0.090625 0.428125 0.0 0.428125
0 0.384375 0.321875 0.628125 0.321875 0.628125 0.515625 0.384375 0.515625
0 0.559375 0.734375 0.878125 0.734375 0.878125 0.978125 0.559375 0.978125
0 0.509375 0.046875 0.803125 0.046875 0.803125 0.278125 0.509375 0.278125
0 0.0 0.584375 0.090625 0.584375 0.090625 0.815625 0.0 0.815625
0 0.559375 0.559375 0.765625 0.559375 0.765625 0.728125 0.559375 0.728125
0 0.621875 0.421875 0.840625 0.421875 0.840625 0.603125 0.621875 0.603125
0 0.221875 0.296875 0.440625 0.296875 0.440625 0.478125 0.221875 0.478125
0 0.271875 0.634375 0.603125 0.634375 0.603125 0.840625 0.271875 0.840625
0 0.359375 0.946875 0.415625 0.946875 0.415625 1.0 0.359375 1.0
0 0.421875 0.446875 0.703125 0.446875 0.703125 0.678125 0.421875 0.678125
0 0.196875 0.409375 0.528125 0.409375 0.528125 0.628125 0.196875 0.628125
0 0.059375 0.209375 0.328125 0.209375 0.328125 0.403125 0.059375 0.403125
