0 0.571875 0.0 0.865625 0.0 0.865625 0.253125 0.571875 0.253125
0 0.0 0.959375 0.028125 0.959375 0.028125 1.0 0.0 1.0
0 0.109375 0.371875 0.415625 0.371875 0.415625 0.640625 0.109375 0.640625
0 0.121875 0.959375 0.265625 0.959375 0.265625 1.0 0.121875 1.0
0 0.184375 0.0 0.465625 0.0 0.465625 0.178125 0.184375 0.178125
0 0.471875 0.846875 0.715625 0.846875 0.715625 1.0 0.471875 1.0
0 0.059375 0.234375 0.265625 0.234375 0.265625 0.453125 0.059375 0.453125
0 0.0 0.359375 0.165625 0.359375 0.165625 0.565625 0.0 0.565625
0 0.0 0.0 0.165625 0.0 0.165625 0.278125 0.0 0.278125
0 0.0 0.584375 0.040625 0.584375 0.040625 0.728125 0.0 0.728125
0 0.484375 0.971875 0.578125 0.971875 0.578125 1.0 0.484375 1.0
0 0.346875 0.0 0.665625 0.0 0.665625 0.253125 0.346875 0.253125
0 0.809375 0.984375 0.853125 0.984375 0.853125 1.0 0.809375 1.0
0 0.334375 0.709375 0.753125 0.709375 0.753125 0.965625 0.334375 0.965625
