0 0.084375 0.296875 0.353125 0.296875 0.353125 0.578125 0.084375 0.578125
0 0.371875 0.0 0.678125 0.0 0.678125 0.265625 0.371875 0.265625
0 0.596875 0.734375 0.878125 0.734375 0.878125 1.0 0.596875 1.0
0 0.421875 0.696875 0.703125 0.696875 0.703125 0.978125 0.421875 0.978125
0 0.0 0.484375 0.053125 0.484375 0.053125 0.640625 0.0 0.640625
0 0.646875 0.521875 0.928125 0.521875 0.928125 0.790625 0.646875 0.790625
0 0.184375 0.0 0.428125 0.0 0.428125 0.190625 0.184375 0.190625
0 0.096875 0.646875 0.340625 0.646875 0.340625 0.853125 0.096875 0.853125
0 0.771875 0.009375 1.0 0.009375 1.0 0.290625 0.771875 0.290625
0 0.259375 0.959375 0.353125 0.959375 0.353125 1.0 0.259375 1.0
0 0.584375 0.259375 0.928125 0.259375 0.928125 0.540625 0.584375 0.540625
