0 0.434375 0.259375 0.753125 0.259375 0.753125 0.540625 0.434375 0.540625
0 0.846875 0.921875 1.0 0.921875 1.0 1.0 0.846875 1.0
0 0.0 0.146875 0.165625 0.146875 0.165625 0.415625 0.0 0.415625
0 0.071875 0.0 0.303125 0.0 0.303125 0.278125 0.071875 0.278125
0 0.659375 0.671875 0.965625 0.671875 0.965625 0.940625 0.659375 0.940625
0 0.359375 0.796875 0.665625 0.796875 0.665625 1.0 0.359375 1.0
0 0.284375 0.421875 0.565625 0.421875 0.565625 0.690625 0.284375 0.690625
0 0.471875 0.709375 0.778125 0.709375 0.778125 0.978125 0.471875 0.978125
0 0.0 0.071875 0.053125 0.071875 0.053125 0.190625 0.0 0.190625
0 0.109375 0.759375 0.303125 0.759375 0.303125 0.978125 0.109375 0.978125
0 0.659375 0.971875 0.728125 0.971875 0.728125 1.0 0.659375 1.0
0 0.809375 0.0 1.0 0.0 1.0 0.165625 0.809375 0.165625
0 0.059375 0.434375 0.290625 0.434375 0.290625 0.628125 0.059375 0.628125
0 0.234375 0.634375 0.465625 0.634375 0.465625 0.828125 0.234375 0.828125
0 0.071875 0.959375 0.253125 0.959375 0.253125 1.0 0.071875 1.0
0 0.271875 0.0 0.578125 0.0 0.578125 0.265625 0.271875 0.265625
