0 0.359375 0.134375 0.853125 0.134375 0.853125 0.490625 0.359375 0.490625
0 0.846875 0.721875 1.0 0.721875 1.0 0.990625 0.846875 0.990625
0 0.046875 0.0 0.403125 0.0 0.403125 0.303125 0.046875 0.303125
0 0.284375 0.409375 0.603125 0.409375 0.603125 0.565625 0.284375 0.565625
0 0.409375 0.0 0.753125 0.0 0.753125 0.228125 0.409375 0.228125
0 0.496875 0.759375 0.965625 0.759375 0.965625 1.0 0.496875 1.0
0 0.0 0.0 0.078125 0.0 0.078125 0.140625 0.0 0.140625
0 0.209375 0.934375 0.428125 0.934375 0.428125 1.0 0.209375 1.0
0 0.534375 0.384375 0.765625 0.384375 0.765625 0.590625 0.534375 0.590625
0 0.0 0.721875 0.128125 0.721875 0.128125 0.953125 0.0 0.953125
0 0.571875 0.046875 0.953125 0.046875 0.953125 0.315625 0.571875 0.315625
0 0.871875 0.959375 0.928125 0.959375 0.928125 1.0 0.871875 1.0
0 0.534375 0.0 1.0 0.0 1.0 0.278125 0.534375 0.278125
