0 0.0 0.721875 0.115625 0.721875 0.115625 0.940625 0.0 0.940625
0 0.0 0.0 0.078125 0.0 0.078125 0.165625 0.0 0.165625
0 0.759375 0.271875 1.0 0.271875 1.0 0.590625 0.759375 0.590625
0 0.159375 0.046875 0.665625 0.046875 0.665625 0.515625 0.159375 0.515625
0 0.821875 0.746875 1.0 0.746875 1.0 1.0 0.821875 1.0
0 0.696875 0.684375 0.953125 0.684375 0.953125 0.903125 0.696875 0.903125
0 0.071875 0.696875 0.253125 0.696875 0.253125 0.928125 0.071875 0.928125
0 0.859375 0.971875 0.965625 0.971875 0.965625 1.0 0.859375 1.0
0 0.721875 0.0 1.0 0.0 1.0 0.278125 0.721875 0.278125
0 0.459375 0.221875 0.853125 0.221875 0.853125 0.565625 0.459375 0.565625
0 0.046875 0.0 0.428125 0.0 0.428125 0.240625 0.046875 0.240625
