0 0.0 0.484375 0.178125 0.484375 0.178125 0.765625 0.0 0.765625
0 0.259375 0.321875 0.540625 0.321875 0.540625 0.653125 0.259375 0.653125
0 0.0 0.109375 0.028125 0.109375 0.028125 0.190625 0.0 0.190625
0 0.434375 0.796875 0.778125 0.796875 0.778125 1.0 0.434375 1.0
0 0.0 0.0 0.215625 0.0 0.215625 0.128125 0.0 0.128125
0 0.246875 0.834375 0.465625 0.834375 0.465625 1.0 0.246875 1.0
0 0.0 0.209375 0.178125 0.209375 0.178125 0.403125 0.0 0.403125
0 0.0 0.759375 0.040625 0.759375 0.040625 0.865625 0.0 0.865625
0 0.234375 0.0 0.528125 0.0 0.528125 0.153125 0.234375 0.153125
0 0.459375 0.621875 0.828125 0.621875 0.828125 0.865625 0.459375 0.865625
