0 0.421875 0.784375 0.765625 0.784375 0.765625 1.0 0.421875 1.0
0 0.0 0.609375 0.190625 0.609375 0.190625 0.953125 0.0 0.953125
0 0.0 0.484375 0.253125 0.484375 0.253125 0.840625 0.0 0.840625
0 0.184375 0.846875 0.478125 0.846875 0.478125 1.0 0.184375 1.0
0 0.0 0.009375 0.190625 0.009375 0.190625 0.290625 0.0 0.290625
0 0.484375 0.359375 0.815625 0.359375 0.815625 0.653125 0.484375 0.653125
0 0.246875 0.209375 0.603125 0.209375 0.603125 0.490625 0.246875 0.490625
0 0.334375 0.0 0.553125 0.0 0.553125 0.115625 0.334375 0.115625
0 0.0 0.396875 0.153125 0.396875 0.153125 0.553125 0.0 0.553125
0 0.159375 0.359375 0.440625 0.359375 0.440625 0.640625 0.159375 0.640625
0 0.746875 0.534375 1.0 0.534375 1.0 0.828125 0.746875 0.828125
0 0.571875 0.896875 0.940625 0.896875 0.940625 1.0 0.571875 1.0
