0 0.659375 0.134375 0.965625 0.134375 0.965625 0.315625 0.659375 0.315625
0 0.721875 0.584375 0.978125 0.584375 0.978125 0.790625 0.721875 0.790625
0 0.509375 0.609375 0.828125 0.609375 0.828125 0.915625 0.509375 0.915625
0 0.609375 0.021875 0.853125 0.021875 0.853125 0.228125 0.609375 0.228125
0 0.246875 0.171875 0.515625 0.171875 0.515625 0.453125 0.246875 0.453125
0 0.0 0.384375 0.078125 0.384375 0.078125 0.540625 0.0 0.540625
0 0.446875 0.134375 0.715625 0.134375 0.715625 0.415625 0.446875 0.415625
0 0.196875 0.946875 0.378125 0.946875 0.378125 1.0 0.196875 1.0
0 0.734375 0.309375 0.928125 0.309375 0.928125 0.465625 0.734375 0.465625
0 0.0 0.871875 0.028125 0.871875 0.028125 0.978125 0.0 0.978125
0 0.0 0.471875 0.178125 0.471875 0.178125 0.728125 0.0 0.728125
0 0.434375 0.0 0.753125 0.0 0.753125 0.190625 0.434375 0.190625
