0 0.0 0.546875 0.165625 0.546875 0.165625 0.803125 0.0 0.803125
0 0.109375 0.0 0.390625 0.0 0.390625 0.240625 0.109375 0.240625
0 0.421875 0.434375 0.753125 0.434375 0.753125 0.728125 0.421875 0.728125
0 0.646875 0.509375 1.0 0.509375 1.0 0.803125 0.646875 0.803125
0 0.271875 0.146875 0.528125 0.146875 0.528125 0.490625 0.271875 0.490625
0 0.434375 0.309375 0.640625 0.309375 0.640625 0.490625 0.434375 0.490625
0 0.159375 0.534375 0.390625 0.534375 0.390625 0.778125 0.159375 0.778125
0 0.384375 0.721875 0.590625 0.721875 0.590625 0.903125 0.384375 0.903125
0 0.0 0.0 0.103125 0.0 0.103125 0.228125 0.0 0.228125
0 0.0 0.734375 0.090625 0.734375 0.090625 0.953125 0.0 0.953125
0 0.0 0.309375 0.053125 0.309375 0.053125 0.428125 0.0 0.428125
0 0.271875 0.659375 0.553125 0.659375 0.553125 0.840625 0.271875 0.840625
0 0.096875 0.609375 0.303125 0.609375 0.303125 0.803125 0.096875 0.803125
0 0.0 0.409375 0.065625 0.409375 0.065625 0.553125 0.0 0.553125
0 0.009375 0.271875 0.165625 0.271875 0.165625 0.440625 0.009375 0.440625
0 0.284375 0.809375 0.540625 0.809375 0.540625 0.990625 0.284375 0.990625
0 0.184375 0.909375 0.390625 0.909375 0.390625 1.0 0.184375 1.0
0 0.159375 0.734375 0.378125 0.734375 0.378125 0.928125 0.159375 0.928125
0 0.471875 0.821875 0.603125 0.821875 0.603125 1.0 0.471875 1.0
0 0.121875 0.934375 0.190625 0.934375 0.190625 1.0 0.121875 1.0
0 0.584375 0.321875 0.803125 0.321875 0.803125 0.515625 0.584375 0.515625
