0 0.659375 0.446875 1.0 0.446875 1.0 0.778125 0.659375 0.778125
0 0.959375 0.971875 1.0 0.971875 1.0 1.0 0.959375 1.0
0 0.709375 0.0 1.0 0.0 1.0 0.215625 0.709375 0.215625
0 0.221875 0.0 0.490625 0.0 0.490625 0.140625 0.221875 0.140625
0 0.584375 0.259375 0.853125 0.259375 0.853125 0.503125 0.584375 0.503125
0 0.0 0.571875 0.128125 0.571875 0.128125 0.778125 0.0 0.778125
0 0.0 0.359375 0.165625 0.359375 0.165625 0.553125 0.0 0.553125
0 0.321875 0.159375 0.515625 0.159375 0.515625 0.353125 0.321875 0.353125
0 0.171875 0.771875 0.415625 0.771875 0.415625 1.0 0.171875 1.0
0 0.596875 0.009375 1.0 0.009375 1.0 0.265625 0.596875 0.265625
0 0.309375 0.734375 0.665625 0.734375 0.665625 0.965625 0.309375 0.965625
0 0.409375 0.646875 0.803125 0.646875 0.803125 0.903125 0.409375 0.903125
0 0.021875 0.784375 0.340625 0.784375 0.340625 1.0 0.021875 1.0
