0 0.609375 0.009375 0.953125 0.009375 0.953125 0.315625 0.609375 0.315625
0 0.0 0.0 0.115625 0.0 0.115625 0.290625 0.0 0.290625
0 0.0 0.559375 0.228125 0.559375 0.228125 0.803125 0.0 0.803125
0 0.809375 0.096875 1.0 0.096875 1.0 0.378125 0.809375 0.378125
0 0.721875 0.421875 1.0 0.421875 1.0 0.740625 0.721875 0.740625
0 0.359375 0.671875 0.640625 0.671875 0.640625 0.953125 0.359375 0.953125
0 0.821875 0.959375 0.965625 0.959375 0.965625 1.0 0.821875 1.0
0 0.184375 0.171875 0.478125 0.171875 0.478125 0.453125 0.184375 0.453125
0 0.759375 0.0 1.0 0.0 1.0 0.153125 0.759375 0.153125
0 0.684375 0.959375 0.715625 0.959375 0.715625 1.0 0.684375 1.0
0 0.196875 0.434375 0.378125 0.434375 0.378125 0.628125 0.196875 0.628125
0 0.359375 0.959375 0.503125 0.959375 0.503125 1.0 0.359375 1.0
0 0.221875 0.809375 0.403125 0.809375 0.403125 0.990625 0.221875 0.990625
0 0.0 0.509375 0.065625 0.509375 0.065625 0.690625 0.0 0.690625
0 0.484375 0.896875 0.778125 0.896875 0.778125 1.0 0.484375 1.0
0 0.059375 0.459375 0.278125 0.459375 0.278125 0.665625 0.059375 0.665625
0 0.0 0.784375 0.290625 0.784375 0.290625 0.990625 0.0 0.990625
