0 0.296875 0.0 0.565625 0.0 0.565625 0.153125 0.296875 0.153125
0 0.296875 0.396875 0.578125 0.396875 0.578125 0.690625 0.296875 0.690625
0 0.684375 0.0 0.990625 0.0 0.990625 0.253125 0.684375 0.253125
0 0.534375 0.0 0.840625 0.0 0.840625 0.115625 0.534375 0.115625
0 0.659375 0.734375 0.915625 0.734375 0.915625 0.965625 0.659375 0.965625
0 0.0 0.759375 0.103125 0.759375 0.103125 0.990625 0.0 0.990625
0 0.059375 0.796875 0.303125 0.796875 0.303125 1.0 0.059375 1.0
0 0.684375 0.946875 0.878125 0.946875 0.878125 1.0 0.684375 1.0
0 0.071875 0.109375 0.240625 0.109375 0.240625 0.278125 0.071875 0.278125
0 0.021875 0.546875 0.240625 0.546875 0.240625 0.753125 0.021875 0.753125
0 0.671875 0.409375 1.0 0.409375 1.0 0.628125 0.671875 0.628125
0 0.0 0.596875 0.203125 0.596875 0.203125 0.790625 0.0 0.790625
0 0.659375 0.596875 1.0 0.596875 1.0 0.803125 0.659375 0.803125
