0 0.121875 0.721875 0.403125 0.721875 0.403125 0.965625 0.121875 0.965625
0 0.784375 0.309375 1.0 0.309375 1.0 0.615625 0.784375 0.615625
0 0.046875 0.0 0.315625 0.0 0.315625 0.140625 0.046875 0.140625
0 0.0 0.971875 0.015625 0.971875 0.015625 1.0 0.0 1.0
0 0.496875 0.371875 0.728125 0.371875 0.728125 0.678125 0.496875 0.678125
0 0.184375 0.884375 0.490625 0.884375 0.490625 1.0 0.184375 1.0
0 0.146875 0.296875 0.465625 0.296875 0.465625 0.590625 0.146875 0.590625
0 0.446875 0.934375 0.628125 0.934375 0.628125 1.0 0.446875 1.0
0 0.509375 0.296875 0.815625 0.296875 0.815625 0.553125 0.509375 0.553125
0 0.0 0.884375 0.128125 0.884375 0.128125 1.0 0.0 1.0
0 0.146875 0.071875 0.390625 0.071875 0.390625 0.328125 0.146875 0.328125
0 0.596875 0.0 0.953125 0.0 0.953125 0.215625 0.596875 0.215625
0 0.359375 0.359375 0.640625 0.359375 0.640625 0.590625 0.359375 0.590625
