0 0.809375 0.0 1.0 0.0 1.0 0.315625 0.809375 0.315625
0 0.634375 0.484375 1.0 0.484375 1.0 0.778125 0.634375 0.778125
0 0.396875 0.909375 0.665625 0.909375 0.665625 1.0 0.396875 1.0
0 0.0 0.846875 0.153125 0.846875 0.153125 1.0 0.0 1.0
0 0.0 0.271875 0.115625 0.271875 0.115625 0.503125 0.0 0.503125
0 0.584375 0.221875 0.790625 0.221875 0.790625 0.440625 0.584375 0.440625
0 0.271875 0.846875 0.428125 0.846875 0.428125 1.0 0.271875 1.0
0 0.0 0.471875 0.053125 0.471875 0.053125 0.590625 0.0 0.590625
0 0.471875 0.296875 0.653125 0.296875 0.653125 0.528125 0.471875 0.528125
0 0.759375 0.846875 0.965625 0.846875 0.965625 1.0 0.759375 1.0
0 0.0 0.671875 0.090625 0.671875 0.090625 0.890625 0.0 0.890625
0 0.0 0.021875 0.228125 0.021875 0.228125 0.253125 0.0 0.253125
0 0.0 0.146875 0.190625 0.146875 0.190625 0.378125 0.0 0.378125
0 0.796875 0.359375 1.0 0.359375 1.0 0.615625 0.796875 0.615625
0 0.159375 0.196875 0.453125 0.196875 0.453125 0.490625 0.159375 0.490625
0 0.0 0.034375 0.028125 0.034375 0.028125 0.128125 0.0 0.128125
