0 0.0 0.821875 0.090625 0.821875 0.090625 1.0 0.0 1.0
0 0.746875 0.534375 1.0 0.534375 1.0 0.853125 0.746875 0.853125
0 0.059375 0.221875 0.390625 0.221875 0.390625 0.565625 0.059375 0.565625
0 0.134375 0.459375 0.440625 0.459375 0.440625 0.765625 0.134375 0.765625
0 0.446875 0.521875 0.778125 0.521875 0.778125 0.753125 0.446875 0.753125
0 0.421875 0.821875 0.690625 0.821875 0.690625 1.0 0.421875 1.0
0 0.534375 0.821875 0.765625 0.821875 0.765625 1.0 0.534375 1.0
0 0.384375 0.034375 0.603125 0.034375 0.603125 0.215625 0.384375 0.215625
0 0.0 0.084375 0.090625 0.084375 0.090625 0.253125 0.0 0.253125
0 0.071875 0.0 0.403125 0.0 0.403125 0.253125 0.071875 0.253125
0 0.296875 0.721875 0.565625 0.721875 0.565625 0.965625 0.296875 0.965625
0 0.059375 0.821875 0.340625 0.821875 0.340625 1.0 0.059375 1.0
0 0.0 0.534375 0.015625 0.534375 0.015625 0.565625 0.0 0.565625
0 0.484375 0.246875 0.853125 0.246875 0.853125 0.515625 0.484375 0.515625
0 0.484375 0.684375 0.828125 0.684375 0.828125 0.890625 0.484375 0.890625
0 0.546875 0.0 0.940625 0.0 0.940625 0.240625 0.546875 0.240625
