0 0.184375 0.721875 0.440625 0.721875 0.440625 0.978125 0.184375 0.978125
0 0.396875 0.734375 0.703125 0.734375 0.703125 0.978125 0.396875 0.978125
0 0.0 0.696875 0.015625 0.696875 0.015625 0.715625 0.0 0.715625
0 0.459375 0.921875 0.728125 0.921875 0.728125 1.0 0.459375 1.0
0 0.546875 0.0 0.853125 0.0 0.853125 0.153125 0.546875 0.153125
0 0.0 0.684375 0.065625 0.684375 0.065625 0.853125 0.0 0.853125
0 0.584375 0.496875 0.828125 0.496875 0.828125 0.715625 0.584375 0.715625
0 0.0 0.734375 0.190625 0.734375 0.190625 0.953125 0.0 0.953125
0 0.0 0.821875 0.090625 0.821875 0.090625 1.0 0.0 1.0
0 0.621875 0.821875 0.865625 0.821875 0.865625 1.0 0.621875 1.0
0 0.0 0.321875 0.190625 0.321875 0.190625 0.578125 0.0 0.578125
0 0.596875 0.121875 0.865625 0.121875 0.865625 0.365625 0.596875 0.365625
0 0.234375 0.946875 0.415625 0.946875 0.415625 1.0 0.234375 1.0
0 0.434375 0.134375 0.590625 0.134375 0.590625 0.328125 0.434375 0.328125
0 0.496875 0.146875 0.653125 0.146875 0.653125 0.303125 0.496875 0.303125
0 0.496875 0.496875 0.865625 0.496875 0.865625 0.728125 0.496875 0.728125
0 0.0 0.409375 0.028125 0.409375 0.028125 0.528125 0.0 0.528125
0 0.221875 0.0 0.490625 0.0 0.490625 0.190625 0.221875 0.190625
