0 0.484375 0.0 0.828125 0.0 0.828125 0.178125 0.484375 0.178125
0 0.634375 0.409375 0.965625 0.409375 0.965625 0.678125 0.634375 0.678125
0 0.796875 0.321875 1.0 0.321875 1.0 0.628125 0.796875 0.628125
0 0.046875 0.346875 0.378125 0.346875 0.378125 0.715625 0.046875 0.715625
0 0.209375 0.746875 0.515625 0.746875 0.515625 1.0 0.209375 1.0
0 0.071875 0.0 0.303125 0.0 0.303125 0.265625 0.071875 0.265625
0 0.0 0.0 0.165625 0.0 0.165625 0.290625 0.0 0.290625
0 0.671875 0.0 1.0 0.0 1.0 0.253125 0.671875 0.253125
0 0.171875 0.159375 0.428125 0.159375 0.428125 0.428125 0.171875 0.428125
0 0.571875 0.609375 0.965625 0.609375 0.965625 0.903125 0.571875 0.903125
0 0.0 0.171875 0.228125 0.171875 0.228125 0.490625 0.0 0.490625
0 0.221875 0.509375 0.515625 0.509375 0.515625 0.840625 0.221875 0.840625
0 0.271875 0.246875 0.503125 0.246875 0.503125 0.490625 0.271875 0.490625
0 0.0 0.734375 0.178125 0.734375 0.178125 1.0 0.0 1.0
0 0.221875 0.0 0.503125 0.0 0.503125 0.240625 0.221875 0.240625
0 0.471875 0.759375 0.653125 0.759375 0.653125 0.953125 0.471875 0.953125
0 0.659375 0.834375 0.865625 0.834375 0.865625 0.990625 0.659375 0.990625
0 0.0 0.0 0.190625 0.0 0.190625 0.153125 0.0 0.153125
0 0.559375 0.171875 0.940625 0.171875 0.940625 0.428125 0.559375 0.428125
0 0.0 0.946875 0.165625 0.946875 0.165625 1.0 0.0 1.0
