0 0.0 0.559375 0.290625 0.559375 0.290625 0.890625 0.0 0.890625
0 0.0 0.909375 0.053125 0.909375 0.053125 1.0 0.0 1.0
0 0.0 0.471875 0.028125 0.471875 0.028125 0.528125 0.0 0.528125
0 0.0 0.0 0.190625 0.0 0.190625 0.228125 0.0 0.228125
0 0.621875 0.809375 0.978125 0.809375 0.978125 1.0 0.621875 1.0
0 0.934375 0.971875 1.0 0.971875 1.0 1.0 0.934375 1.0
0 0.084375 0.446875 0.240625 0.446875 0.240625 0.615625 0.084375 0.615625
0 0.621875 0.609375 1.0 0.609375 1.0 0.853125 0.621875 0.853125
0 0.671875 0.121875 1.0 0.121875 1.0 0.378125 0.671875 0.378125
0 0.259375 0.559375 0.603125 0.559375 0.603125 0.803125 0.259375 0.803125
0 0.059375 0.071875 0.315625 0.071875 0.315625 0.378125 0.059375 0.378125
