0 0.196875 0.0 0.528125 0.0 0.528125 0.215625 0.196875 0.215625
0 0.584375 0.484375 1.0 0.484375 1.0 0.915625 0.584375 0.915625
0 0.284375 0.946875 0.378125 0.946875 0.378125 1.0 0.284375 1.0
0 0.046875 0.984375 0.078125 0.984375 0.078125 1.0 0.046875 1.0
0 0.0 0.321875 0.103125 0.321875 0.103125 0.490625 0.0 0.490625
0 0.671875 0.846875 1.0 0.846875 1.0 1.0 0.671875 1.0
0 0.096875 0.696875 0.478125 0.696875 0.478125 0.990625 0.096875 0.990625
0 0.509375 0.921875 0.840625 0.921875 0.840625 1.0 0.509375 1.0
0 0.271875 0.396875 0.665625 0.396875 0.665625 0.765625 0.271875 0.765625
0 0.0 0.471875 0.203125 0.471875 0.203125 0.790625 0.0 0.790625
0 0.0 0.209375 0.240625 0.209375 0.240625 0.428125 0.0 0.428125
0 0.671875 0.0 1.0 0.0 1.0 0.328125 0.671875 0.328125
