0 0.521875 0.284375 0.803125 0.284375 0.803125 0.540625 0.521875 0.540625
0 0.496875 0.434375 0.778125 0.434375 0.778125 0.690625 0.496875 0.690625
0 0.321875 0.084375 0.578125 0.084375 0.578125 0.303125 0.321875 0.303125
0 0.0 0.771875 0.128125 0.771875 0.128125 1.0 0.0 1.0
0 0.0 0.071875 0.103125 0.071875 0.103125 0.278125 0.0 0.278125
0 0.0 0.871875 0.190625 0.871875 0.190625 1.0 0.0 1.0
0 0.546875 0.646875 0.803125 0.646875 0.803125 0.878125 0.546875 0.878125
0 0.271875 0.984375 0.303125 0.984375 0.303125 1.0 0.271875 1.0
0 0.134375 0.296875 0.265625 0.296875 0.265625 0.478125 0.134375 0.478125
0 0.509375 0.859375 0.703125 0.859375 0.703125 1.0 0.509375 1.0
0 0.0 0.259375 0.140625 0.259375 0.140625 0.503125 0.0 0.503125
0 0.684375 0.434375 0.878125 0.434375 0.878125 0.603125 0.684375 0.603125
