0 0.321875 0.121875 0.565625 0.121875 0.565625 0.365625 0.321875 0.365625
0 0.0 0.0 0.053125 0.0 0.053125 0.140625 0.0 0.140625
0 0.446875 0.0 0.840625 0.0 0.840625 0.228125 0.446875 0.228125
0 0.346875 0.371875 0.590625 0.371875 0.590625 0.628125 0.346875 0.628125
0 0.246875 0.821875 0.553125 0.821875 0.553125 1.0 0.246875 1.0
0 0.496875 0.759375 0.790625 0.759375 0.790625 1.0 0.496875 1.0
0 0.434375 0.096875 0.678125 0.096875 0.678125 0.378125 0.434375 0.378125
0 0.696875 0.0 1.0 0.0 1.0 0.228125 0.696875 0.228125
0 0.621875 0.659375 0.903125 0.659375 0.903125 0.940625 0.621875 0.940625
0 0.0 0.509375 0.240625 0.509375 0.240625 0.815625 0.0 0.815625
0 0.096875 0.434375 0.340625 0.434375 0.340625 0.665625 0.096875 0.665625
0 0.809375 0.071875 1.0 0.071875 1.0 0.353125 0.809375 0.353125
0 0.084375 0.009375 0.428125 0.009375 0.428125 0.278125 0.084375 0.278125
0 0.0 0.746875 0.053125 0.746875 0.053125 0.940625 0.0 0.940625
0 0.859375 0.834375 1.0 0.834375 1.0 1.0 0.859375 1.0
0 0.171875 0.271875 0.453125 0.271875 0.453125 0.540625 0.171875 0.540625
0 0.684375 0.459375 1.0 0.459375 1.0 0.728125 0.684375 0.728125
0 0.109375 0.084375 0.428125 0.084375 0.428125 0.303125 0.109375 0.303125
