0 0.659375 0.484375 0.990625 0.484375 0.990625 0.790625 0.659375 0.790625
0 0.046875 0.871875 0.315625 0.871875 0.315625 1.0 0.046875 1.0
0 0.0 0.096875 0.078125 0.096875 0.078125 0.328125 0.0 0.328125
0 0.434375 0.009375 0.728125 0.009375 0.728125 0.265625 0.434375 0.265625
0 0.221875 0.0 0.515625 0.0 0.515625 0.290625 0.221875 0.290625
0 0.859375 0.696875 1.0 0.696875 1.0 0.878125 0.859375 0.878125
0 0.534375 0.196875 0.740625 0.196875 0.740625 0.428125 0.534375 0.428125
0 0.0 0.221875 0.190625 0.221875 0.190625 0.428125 0.0 0.428125
0 0.734375 0.159375 1.0 0.159375 1.0 0.353125 0.734375 0.353125
0 0.346875 0.896875 0.528125 0.896875 0.528125 1.0 0.346875 1.0
0 0.709375 0.0 1.0 0.0 1.0 0.215625 0.709375 0.215625
0 0.534375 0.734375 0.990625 0.734375 0.990625 1.0 0.534375 1.0
