0 0.009375 0.696875 0.390625 0.696875 0.390625 1.0 0.009375 1.0
0 0.446875 0.934375 0.528125 0.934375 0.528125 1.0 0.446875 1.0
0 0.571875 0.834375 0.990625 0.834375 0.990625 1.0 0.571875 1.0
0 0.0 0.521875 0.040625 0.521875 0.040625 0.603125 0.0 0.603125
0 0.0 0.646875 0.353125 0.646875 0.353125 0.915625 0.0 0.915625
0 0.646875 0.371875 1.0 0.371875 1.0 0.790625 0.646875 0.790625
0 0.721875 0.121875 1.0 0.121875 1.0 0.453125 0.721875 0.453125
0 0.309375 0.109375 0.753125 0.109375 0.753125 0.428125 0.309375 0.428125
0 0.0 0.271875 0.265625 0.271875 0.265625 0.690625 0.0 0.690625
0 0.434375 0.209375 0.753125 0.209375 0.753125 0.578125 0.434375 0.578125
0 0.0 0.284375 0.065625 0.284375 0.065625 0.365625 0.0 0.365625
0 0.571875 0.0 0.840625 0.0 0.840625 0.190625 0.571875 0.190625
0 0.134375 0.221875 0.540625 0.221875 0.540625 0.640625 0.134375 0.640625
0 0.709375 0.0 1.0 0.0 1.0 0.165625 0.709375 0.165625
