0 0.396875 0.559375 0.815625 0.559375 0.815625 0.953125 0.396875 0.953125
0 0.296875 0.946875 0.378125 0.946875 0.378125 1.0 0.296875 1.0
0 0.271875 0.184375 0.553125 0.184375 0.553125 0.403125 0.271875 0.403125
0 0.596875 0.534375 0.790625 0.534375 0.790625 0.678125 0.596875 0.678125
0 0.0 0.671875 0.365625 0.671875 0.365625 1.0 0.0 1.0
0 0.0 0.109375 0.153125 0.109375 0.153125 0.415625 0.0 0.415625
0 0.734375 0.309375 1.0 0.309375 1.0 0.578125 0.734375 0.578125
0 0.521875 0.371875 0.803125 0.371875 0.803125 0.578125 0.521875 0.578125
0 0.071875 0.546875 0.303125 0.546875 0.303125 0.753125 0.071875 0.753125
0 0.0 0.396875 0.015625 0.396875 0.015625 0.415625 0.0 0.415625
0 0.684375 0.684375 1.0 0.684375 1.0 0.903125 0.684375 0.903125
0 0.0 0.159375 0.128125 0.159375 0.128125 0.428125 0.0 0.428125
0 0.734375 0.584375 1.0 0.584375 1.0 0.778125 0.734375 0.778125
0 0.259375 0.0 0.628125 0.0 0.628125 0.228125 0.259375 0.228125
