0 0.284375 0.059375 0.665625 0.059375 0.665625 0.428125 0.284375 0.428125
0 0.0 0.171875 0.203125 0.171875 0.203125 0.490625 0.0 0.490625
0 0.059375 0.134375 0.315625 0.134375 0.315625 0.415625 0.059375 0.415625
0 0.234375 0.521875 0.553125 0.521875 0.553125 0.790625 0.234375 0.790625
0 0.384375 0.0 0.640625 0.0 0.640625 0.115625 0.384375 0.115625
0 0.309375 0.771875 0.478125 0.771875 0.478125 0.965625 0.309375 0.965625
0 0.646875 0.571875 1.0 0.571875 1.0 0.778125 0.646875 0.778125
0 0.109375 0.934375 0.253125 0.934375 0.253125 1.0 0.109375 1.0
0 0.0 0.559375 0.278125 0.559375 0.278125 0.778125 0.0 0.778125
0 0.146875 0.0 0.453125 0.0 0.453125 0.178125 0.146875 0.178125
0 0.671875 0.759375 1.0 0.759375 1.0 0.965625 0.671875 0.965625
