0 0.596875 0.434375 0.978125 0.434375 0.978125 0.715625 0.596875 0.715625
0 0.321875 0.709375 0.603125 0.709375 0.603125 0.953125 0.321875 0.953125
0 0.496875 0.146875 0.740625 0.146875 0.740625 0.540625 0.496875 0.540625
0 0.796875 0.196875 1.0 0.196875 1.0 0.478125 0.796875 0.478125
0 0.346875 0.346875 0.540625 0.346875 0.540625 0.565625 0.346875 0.565625
0 0.859375 0.734375 1.0 0.734375 1.0 1.0 0.859375 1.0
0 0.0 0.709375 0.203125 0.709375 0.203125 1.0 0.0 1.0
0 0.709375 0.0 1.0 0.0 1.0 0.178125 0.709375 0.178125
0 0.509375 0.046875 0.840625 0.046875 0.840625 0.340625 0.509375 0.340625
0 0.659375 0.984375 0.703125 0.984375 0.703125 1.0 0.659375 1.0
0 0.071875 0.084375 0.315625 0.084375 0.315625 0.315625 0.071875 0.315625
0 0.0 0.596875 0.178125 0.596875 0.178125 0.765625 0.0 0.765625
0 0.571875 0.796875 0.940625 0.796875 0.940625 1.0 0.571875 1.0
0 0.421875 0.0 0.840625 0.0 0.840625 0.153125 0.421875 0.153125
0 0.434375 0.184375 0.690625 0.184375 0.690625 0.415625 0.434375 0.415625
0 0.0 0.934375 0.178125 0.934375 0.178125 1.0 0.0 1.0
0 0.146875 0.234375 0.490625 0.234375 0.490625 0.528125 0.146875 0.528125
0 0.109375 0.496875 0.453125 0.496875 0.453125 0.740625 0.109375 0.740625
