0 0.534375 0.496875 0.803125 0.496875 0.803125 0.665625 0.534375 0.665625
0 0.284375 0.159375 0.490625 0.159375 0.490625 0.365625 0.284375 0.365625
0 0.509375 0.059375 0.853125 0.059375 0.853125 0.365625 0.509375 0.365625
0 0.209375 0.846875 0.465625 0.846875 0.465625 1.0 0.209375 1.0
0 0.284375 0.721875 0.640625 0.721875 0.640625 0.953125 0.284375 0.953125
0 0.246875 0.434375 0.528125 0.434375 0.528125 0.728125 0.246875 0.728125
0 0.0 0.0 0.015625 0.0 0.015625 0.015625 0.0 0.015625
0 0.121875 0.659375 0.328125 0.659375 0.328125 0.915625 0.121875 0.915625
0 0.0 0.596875 0.178125 0.596875 0.178125 0.828125 0.0 0.828125
0 0.484375 0.909375 0.578125 0.909375 0.578125 1.0 0.484375 1.0
0 0.0 0.896875 0.240625 0.896875 0.240625 1.0 0.0 1.0
0 0.734375 0.0 1.0 0.0 1.0 0.140625 0.734375 0.140625
0 0.446875 0.809375 0.740625 0.809375 0.740625 1.0 0.446875 1.0
0 0.0 0.721875 0.190625 0.721875 0.190625 0.940625 0.0 0.940625
0 0.596875 0.396875 0.853125 0.396875 0.853125 0.665625 0.596875 0.665625
0 0.734375 0.246875 1.0 0.246875 1.0 0.540625 0.734375 0.540625
0 0.259375 0.209375 0.578125 0.209375 0.578125 0.478125 0.259375 0.478125
0 0.171875 0.0 0.465625 0.0 0.465625 0.190625 0.171875 0.190625
0 0.0 0.946875 0.103125 0.946875 0.103125 1.0 0.0 1.0
