0 0.0 0.909375 0.028125 0.909375 0.028125 1.0 0.0 1.0
0 0.721875 0.146875 1.0 0.146875 1.0 0.503125 0.721875 0.503125
0 0.0 0.271875 0.253125 0.271875 0.253125 0.578125 0.0 0.578125
0 0.509375 0.359375 0.790625 0.359375 0.790625 0.640625 0.509375 0.640625
0 0.259375 0.946875 0.403125 0.946875 0.403125 1.0 0.259375 1.0
0 0.0 0.596875 0.115625 0.596875 0.115625 0.853125 0.0 0.853125
0 0.0 0.146875 0.078125 0.146875 0.078125 0.315625 0.0 0.315625
0 0.0 0.509375 0.015625 0.509375 0.015625 0.540625 0.0 0.540625
0 0.0 0.109375 0.153125 0.109375 0.153125 0.303125 0.0 0.303125
0 0.746875 0.859375 1.0 0.859375 1.0 1.0 0.746875 1.0
0 0.234375 0.334375 0.590625 0.334375 0.590625 0.615625 0.234375 0.615625
0 0.0 0.371875 0.240625 0.371875 0.240625 0.628125 0.0 0.628125
0 0.434375 0.746875 0.790625 0.746875 0.790625 1.0 0.434375 1.0
