0 0.0 0.871875 0.015625 0.871875 0.015625 0.915625 0.0 0.915625
0 0.246875 0.184375 0.503125 0.184375 0.503125 0.378125 0.246875 0.378125
0 0.334375 0.734375 0.578125 0.734375 0.578125 0.990625 0.334375 0.990625
0 0.234375 0.309375 0.503125 0.309375 0.503125 0.578125 0.234375 0.578125
0 0.0 0.646875 0.078125 0.646875 0.078125 0.840625 0.0 0.840625
0 0.671875 0.784375 0.940625 0.784375 0.940625 1.0 0.671875 1.0
0 0.146875 0.909375 0.353125 0.909375 0.353125 1.0 0.146875 1.0
0 0.0 0.321875 0.153125 0.321875 0.153125 0.503125 0.0 0.503125
0 0.221875 0.059375 0.428125 0.059375 0.428125 0.228125 0.221875 0.228125
0 0.0 0.184375 0.140625 0.184375 0.140625 0.340625 0.0 0.340625
0 0.309375 0.559375 0.603125 0.559375 0.603125 0.753125 0.309375 0.753125
0 0.209375 0.609375 0.503125 0.609375 0.503125 0.840625 0.209375 0.840625
0 0.434375 0.159375 0.715625 0.159375 0.715625 0.415625 0.434375 0.415625
0 0.0 0.0 0.215625 0.0 0.215625 0.203125 0.0 0.203125
