0 0.171875 0.721875 0.465625 0.721875 0.465625 0.978125 0.171875 0.978125
0 0.484375 0.221875 0.840625 0.221875 0.840625 0.565625 0.484375 0.565625
0 0.0 0.946875 0.190625 0.946875 0.190625 1.0 0.0 1.0
0 0.0 0.471875 0.090625 0.471875 0.090625 0.703125 0.0 0.703125
0 0.521875 0.671875 0.815625 0.671875 0.815625 0.990625 0.521875 0.990625
0 0.009375 0.509375 0.203125 0.509375 0.203125 0.765625 0.009375 0.765625
0 0.396875 0.559375 0.653125 0.559375 0.653125 0.853125 0.396875 0.853125
0 0.896875 0.984375 0.915625 0.984375 0.915625 1.0 0.896875 1.0
0 0.0 0.696875 0.178125 0.696875 0.178125 0.865625 0.0 0.865625
0 0.0 0.821875 0.165625 0.821875 0.165625 0.978125 0.0 0.978125
0 0.0 0.134375 0.140625 0.134375 0.140625 0.353125 0.0 0.353125
0 0.084375 0.434375 0.340625 0.434375 0.340625 0.703125 0.084375 0.703125
0 0.0 0.846875 0.015625 0.846875 0.015625 0.865625 0.0 0.865625
0 0.809375 0.196875 1.0 0.196875 1.0 0.453125 0.809375 0.453125
0 0.171875 0.134375 0.490625 0.134375 0.490625 0.415625 0.171875 0.415625
0 0.259375 0.384375 0.540625 0.384375 0.540625 0.640625 0.259375 0.640625
