0 0.0 0.0 0.353125 0.0 0.353125 0.315625 0.0 0.315625
0 0.0 0.446875 0.053125 0.446875 0.053125 0.515625 0.0 0.515625
0 0.0 0.621875 0.403125 0.621875 0.403125 1.0 0.0 1.0
0 0.696875 0.971875 0.778125 0.971875 0.778125 1.0 0.696875 1.0
0 0.796875 0.271875 1.0 0.271875 1.0 0.515625 0.796875 0.515625
0 0.384375 0.584375 0.753125 0.584375 0.753125 0.978125 0.384375 0.978125
0 0.084375 0.496875 0.378125 0.496875 0.378125 0.728125 0.084375 0.728125
0 0.434375 0.271875 0.815625 0.271875 0.815625 0.603125 0.434375 0.603125
0 0.0 0.0 0.190625 0.0 0.190625 0.178125 0.0 0.178125
0 0.696875 0.271875 0.940625 0.271875 0.940625 0.453125 0.696875 0.453125
0 0.234375 0.634375 0.665625 0.634375 0.665625 0.965625 0.234375 0.965625
