0 0.296875 0.0 0.553125 0.0 0.553125 0.265625 0.296875 0.265625
0 0.0 0.609375 0.140625 0.609375 0.140625 0.790625 0.0 0.790625
0 0.259375 0.071875 0.753125 0.071875 0.753125 0.528125 0.259375 0.528125
0 0.009375 0.484375 0.340625 0.484375 0.340625 0.890625 0.009375 0.890625
0 0.209375 0.096875 0.490625 0.096875 0.490625 0.390625 0.209375 0.390625
0 0.284375 0.821875 0.603125 0.821875 0.603125 1.0 0.284375 1.0
0 0.0 0.334375 0.115625 0.334375 0.115625 0.590625 0.0 0.590625
0 0.346875 0.521875 0.840625 0.521875 0.840625 0.865625 0.346875 0.865625
0 0.721875 0.959375 1.0 0.959375 1.0 1.0 0.721875 1.0
0 0.021875 0.0 0.353125 0.0 0.353125 0.303125 0.021875 0.303125
0 0.0 0.0 0.115625 0.0 0.115625 0.140625 0.0 0.140625
0 0.521875 0.896875 0.715625 0.896875 0.715625 1.0 0.521875 1.0
0 0.571875 0.746875 1.0 0.746875 1.0 1.0 0.571875 1.0
