0 0.0 0.309375 0.090625 0.309375 0.090625 0.565625 0.0 0.565625
0 0.234375 0.0 0.465625 0.0 0.465625 0.190625 0.234375 0.190625
0 0.0 0.284375 0.153125 0.284375 0.153125 0.478125 0.0 0.478125
0 0.259375 0.221875 0.553125 0.221875 0.553125 0.503125 0.259375 0.503125
0 0.221875 0.746875 0.503125 0.746875 0.503125 0.965625 0.221875 0.965625
0 0.209375 0.434375 0.440625 0.434375 0.440625 0.578125 0.209375 0.578125
0 0.671875 0.134375 0.953125 0.134375 0.953125 0.365625 0.671875 0.365625
0 0.334375 0.171875 0.553125 0.171875 0.553125 0.390625 0.334375 0.390625
0 0.046875 0.184375 0.315625 0.184375 0.315625 0.428125 0.046875 0.428125
0 0.421875 0.034375 0.653125 0.034375 0.653125 0.290625 0.421875 0.290625
0 0.359375 0.646875 0.528125 0.646875 0.528125 0.853125 0.359375 0.853125
0 0.646875 0.859375 0.878125 0.859375 0.878125 1.0 0.646875 1.0
0 0.134375 0.609375 0.290625 0.609375 0.290625 0.778125 0.134375 0.778125
0 0.471875 0.446875 0.665625 0.446875 0.665625 0.628125 0.471875 0.628125
0 0.621875 0.584375 0.815625 0.584375 0.815625 0.765625 0.621875 0.765625
0 0.546875 0.071875 0.815625 0.071875 0.815625 0.265625 0.546875 0.265625
0 0.734375 0.0 0.965625 0.0 0.965625 0.165625 0.734375 0.165625
0 0.0 0.246875 0.015625 0.246875 0.015625 0.315625 0.0 0.315625
0 0.384375 0.0 0.590625 0.0 0.590625 0.178125 0.384375 0.178125
0 0.446875 0.821875 0.703125 0.821875 0.703125 1.0 0.446875 1.0
