0 0.696875 0.521875 1.0 0.521875 1.0 0.690625 0.696875 0.690625
0 0.696875 0.309375 1.0 0.309375 1.0 0.728125 0.696875 0.728125
0 0.271875 0.846875 0.603125 0.846875 0.603125 1.0 0.271875 1.0
0 0.884375 0.959375 0.940625 0.959375 0.940625 1.0 0.884375 1.0
0 0.334375 0.421875 0.778125 0.421875 0.778125 0.853125 0.334375 0.853125
0 0.059375 0.0 0.465625 0.0 0.465625 0.403125 0.059375 0.403125
0 0.521875 0.784375 0.728125 0.784375 0.728125 0.978125 0.521875 0.978125
0 0.0 0.546875 0.278125 0.546875 0.278125 0.815625 0.0 0.815625
0 0.646875 0.846875 1.0 0.846875 1.0 1.0 0.646875 1.0
0 0.559375 0.0 1.0 0.0 1.0 0.303125 0.559375 0.303125
0 0.0 0.0 0.153125 0.0 0.153125 0.215625 0.0 0.215625
0 0.0 0.646875 0.365625 0.646875 0.365625 1.0 0.0 1.0
