0 0.0 0.746875 0.315625 0.746875 0.315625 1.0 0.0 1.0
0 0.721875 0.721875 1.0 0.721875 1.0 1.0 0.721875 1.0
0 0.171875 0.521875 0.453125 0.521875 0.453125 0.840625 0.171875 0.840625
0 0.546875 0.321875 0.803125 0.321875 0.803125 0.553125 0.546875 0.553125
0 0.0 0.0 0.078125 0.0 0.078125 0.065625 0.0 0.065625
0 0.259375 0.871875 0.453125 0.871875 0.453125 1.0 0.259375 1.0
0 0.596875 0.371875 0.853125 0.371875 0.853125 0.640625 0.596875 0.640625
0 0.746875 0.434375 1.0 0.434375 1.0 0.703125 0.746875 0.703125
0 0.0 0.971875 0.040625 0.971875 0.040625 1.0 0.0 1.0
0 0.0 0.021875 0.103125 0.021875 0.103125 0.178125 0.0 0.178125
0 0.734375 0.0 0.965625 0.0 0.965625 0.203125 0.734375 0.203125
0 0.234375 0.946875 0.290625 0.946875 0.290625 1.0 0.234375 1.0
0 0.234375 0.759375 0.490625 0.759375 0.490625 0.990625 0.234375 0.990625
0 0.434375 0.009375 0.703125 0.009375 0.703125 0.265625 0.434375 0.265625
0 0.0 0.109375 0.090625 0.109375 0.090625 0.353125 0.0 0.353125
0 0.671875 0.459375 0.990625 0.459375 0.990625 0.665625 0.671875 0.665625
0 0.621875 0.846875 0.928125 0.846875 0.928125 1.0 0.621875 1.0
0 0.046875 0.596875 0.240625 0.596875 0.240625 0.790625 0.046875 0.790625
0 0.434375 0.984375 0.478125 0.984375 0.478125 1.0 0.434375 1.0
0 0.446875 0.834375 0.803125 0.834375 0.803125 1.0 0.446875 1.0
0 0.659375 0.0 0.865625 0.0 0.865625 0.178125 0.659375 0.178125
