0 0.0 0.209375 0.340625 0.209375 0.340625 0.515625 0.0 0.515625
0 0.196875 0.0 0.465625 0.0 0.465625 0.115625 0.196875 0.115625
0 0.221875 0.559375 0.503125 0.559375 0.503125 0.853125 0.221875 0.853125
0 0.609375 0.334375 1.0 0.334375 1.0 0.678125 0.609375 0.678125
0 0.321875 0.0 0.578125 0.0 0.578125 0.178125 0.321875 0.178125
0 0.796875 0.859375 1.0 0.859375 1.0 1.0 0.796875 1.0
0 0.571875 0.0 0.915625 0.0 0.915625 0.190625 0.571875 0.190625
0 0.609375 0.821875 0.853125 0.821875 0.853125 1.0 0.609375 1.0
0 0.084375 0.121875 0.378125 0.121875 0.378125 0.328125 0.084375 0.328125
0 0.246875 0.271875 0.615625 0.271875 0.615625 0.565625 0.246875 0.565625
