0 0.0 0.009375 0.115625 0.009375 0.115625 0.228125 0.0 0.228125
0 0.084375 0.921875 0.265625 0.921875 0.265625 1.0 0.084375 1.0
0 0.459375 0.984375 0.490625 0.984375 0.490625 1.0 0.459375 1.0
0 0.0 0.759375 0.228125 0.759375 0.228125 0.978125 0.0 0.978125
0 0.596875 0.596875 0.853125 0.596875 0.853125 0.853125 0.596875 0.853125
0 0.0 0.0 0.065625 0.0 0.065625 0.065625 0.0 0.065625
0 0.421875 0.309375 0.640625 0.309375 0.640625 0.503125 0.421875 0.503125
0 0.184375 0.296875 0.365625 0.296875 0.365625 0.478125 0.184375 0.478125
0 0.209375 0.059375 0.490625 0.059375 0.490625 0.303125 0.209375 0.303125
0 0.0 0.746875 0.103125 0.746875 0.103125 0.928125 0.0 0.928125
