0 0.109375 0.221875 0.378125 0.221875 0.378125 0.465625 0.109375 0.465625
0 0.546875 0.0 0.778125 0.0 0.778125 0.240625 0.546875 0.240625
0 0.0 0.0 0.190625 0.0 0.190625 0.153125 0.0 0.153125
0 0.196875 0.696875 0.428125 0.696875 0.428125 0.990625 0.196875 0.990625
0 0.384375 0.346875 0.653125 0.346875 0.653125 0.578125 0.384375 0.578125
0 0.021875 0.734375 0.215625 0.734375 0.215625 0.978125 0.021875 0.978125
0 0.496875 0.784375 0.753125 0.784375 0.753125 1.0 0.496875 1.0
0 0.034375 0.359375 0.265625 0.359375 0.265625 0.565625 0.034375 0.565625
0 0.0 0.546875 0.028125 0.546875 0.028125 0.628125 0.0 0.628125
0 0.071875 0.809375 0.265625 0.809375 0.265625 1.0 0.071875 1.0
0 0.521875 0.271875 0.690625 0.271875 0.690625 0.428125 0.521875 0.428125
0 0.621875 0.446875 0.815625 0.446875 0.815625 0.640625 0.621875 0.640625
0 0.171875 0.046875 0.453125 0.046875 0.453125 0.290625 0.171875 0.290625
0 0.171875 0.0 0.440625 0.0 0.440625 0.178125 0.171875 0.178125
0 0.0 0.509375 0.178125 0.509375 0.178125 0.740625 0.0 0.740625
