0 0.084375 0.0 0.303125 0.0 0.303125 0.165625 0.084375 0.165625
0 0.521875 0.734375 0.903125 0.734375 0.903125 1.0 0.521875 1.0
0 0.821875 0.584375 1.0 0.584375 1.0 0.965625 0.821875 0.965625
0 0.621875 0.084375 0.953125 0.084375 0.953125 0.353125 0.621875 0.353125
0 0.346875 0.596875 0.640625 0.596875 0.640625 0.803125 0.346875 0.803125
0 0.246875 0.209375 0.603125 0.209375 0.603125 0.465625 0.246875 0.465625
0 0.571875 0.609375 0.890625 0.609375 0.890625 0.815625 0.571875 0.815625
0 0.409375 0.059375 0.765625 0.059375 0.765625 0.303125 0.409375 0.303125
0 0.184375 0.734375 0.503125 0.734375 0.503125 1.0 0.184375 1.0
0 0.0 0.721875 0.190625 0.721875 0.190625 1.0 0.0 1.0
0 0.646875 0.859375 0.890625 0.859375 0.890625 1.0 0.646875 1.0
0 0.009375 0.284375 0.340625 0.284375 0.340625 0.590625 0.009375 0.590625
0 0.296875 0.971875 0.378125 0.971875 0.378125 1.0 0.296875 1.0
0 0.671875 0.296875 0.903125 0.296875 0.903125 0.465625 0.671875 0.465625
0 0.484375 0.146875 0.753125 0.146875 0.753125 0.365625 0.484375 0.365625
0 0.271875 0.071875 0.515625 0.071875 0.515625 0.290625 0.271875 0.290625
0 0.509375 0.721875 0.878125 0.721875 0.878125 0.940625 0.509375 0.940625
0 0.884375 0.959375 0.978125 0.959375 0.978125 1.0 0.884375 1.0
0 0.271875 0.396875 0.603125 0.396875 0.603125 0.653125 0.271875 0.653125
0 0.034375 0.571875 0.378125 0.571875 0.378125 0.853125 0.034375 0.853125
