0 0.596875 0.0 0.853125 0.0 0.853125 0.165625 0.596875 0.165625
0 0.209375 0.159375 0.403125 0.159375 0.403125 0.390625 0.209375 0.390625
0 0.534375 0.959375 0.590625 0.959375 0.590625 1.0 0.534375 1.0
0 0.721875 0.571875 1.0 0.571875 1.0 0.840625 0.721875 0.840625
0 0.721875 0.746875 1.0 0.746875 1.0 0.953125 0.721875 0.953125
0 0.0 0.109375 0.153125 0.109375 0.153125 0.340625 0.0 0.340625
0 0.759375 0.984375 0.790625 0.984375 0.790625 1.0 0.759375 1.0
0 0.259375 0.134375 0.515625 0.134375 0.515625 0.353125 0.259375 0.353125
0 0.396875 0.234375 0.640625 0.234375 0.640625 0.440625 0.396875 0.440625
0 0.696875 0.0 0.915625 0.0 0.915625 0.178125 0.696875 0.178125
0 0.346875 0.434375 0.628125 0.434375 0.628125 0.728125 0.346875 0.728125
0 0.259375 0.621875 0.465625 0.621875 0.465625 0.815625 0.259375 0.815625
0 0.309375 0.884375 0.478125 0.884375 0.478125 1.0 0.309375 1.0
0 0.034375 0.971875 0.140625 0.971875 0.140625 1.0 0.034375 1.0
0 0.146875 0.0 0.378125 0.0 0.378125 0.165625 0.146875 0.165625
0 0.059375 0.484375 0.353125 0.484375 0.353125 0.728125 0.059375 0.728125
