0 0.146875 0.859375 0.365625 0.859375 0.365625 1.0 0.146875 1.0
0 0.159375 0.509375 0.378125 0.509375 0.378125 0.715625 0.159375 0.715625
0 0.034375 0.984375 0.065625 0.984375 0.065625 1.0 0.034375 1.0
0 0.596875 0.296875 0.915625 0.296875 0.915625 0.565625 0.596875 0.565625
0 0.0 0.196875 0.165625 0.196875 0.165625 0.465625 0.0 0.465625
0 0.359375 0.634375 0.565625 0.634375 0.565625 0.815625 0.359375 0.815625
0 0.359375 0.434375 0.528125 0.434375 0.528125 0.653125 0.359375 0.653125
0 0.184375 0.371875 0.415625 0.371875 0.415625 0.565625 0.184375 0.565625
0 0.396875 0.721875 0.603125 0.721875 0.603125 0.928125 0.396875 0.928125
0 0.284375 0.534375 0.503125 0.534375 0.503125 0.765625 0.284375 0.765625
0 0.096875 0.034375 0.265625 0.034375 0.265625 0.203125 0.096875 0.203125
0 0.0 0.596875 0.228125 0.596875 0.228125 0.778125 0.0 0.778125
0 0.0 0.721875 0.165625 0.721875 0.165625 0.903125 0.0 0.903125
0 0.621875 0.621875 0.965625 0.621875 0.965625 0.853125 0.621875 0.853125
0 0.0 0.896875 0.090625 0.896875 0.090625 1.0 0.0 1.0
0 0.459375 0.0 0.778125 0.0 0.778125 0.190625 0.459375 0.190625
0 0.0 0.009375 0.153125 0.009375 0.153125 0.215625 0.0 0.215625
0 0.334375 0.121875 0.653125 0.121875 0.653125 0.378125 0.334375 0.378125
0 0.596875 0.0 0.890625 0.0 0.890625 0.240625 0.596875 0.240625
