0 0.621875 0.021875 0.915625 0.021875 0.915625 0.240625 0.621875 0.240625
0 0.596875 0.0 0.790625 0.0 0.790625 0.228125 0.596875 0.228125
0 0.021875 0.0 0.365625 0.0 0.365625 0.165625 0.021875 0.165625
0 0.0 0.009375 0.053125 0.009375 0.053125 0.103125 0.0 0.103125
0 0.509375 0.159375 0.778125 0.159375 0.778125 0.440625 0.509375 0.440625
0 0.046875 0.434375 0.278125 0.434375 0.278125 0.753125 0.046875 0.753125
0 0.0 0.221875 0.178125 0.221875 0.178125 0.515625 0.0 0.515625
0 0.334375 0.296875 0.578125 0.296875 0.578125 0.565625 0.334375 0.565625
0 0.571875 0.859375 0.878125 0.859375 0.878125 1.0 0.571875 1.0
0 0.509375 0.446875 0.778125 0.446875 0.778125 0.703125 0.509375 0.703125
0 0.134375 0.971875 0.240625 0.971875 0.240625 1.0 0.134375 1.0
0 0.0 0.309375 0.065625 0.309375 0.065625 0.440625 0.0 0.440625
0 0.296875 0.671875 0.540625 0.671875 0.540625 0.915625 0.296875 0.915625
0 0.271875 0.984375 0.290625 0.984375 0.290625 1.0 0.271875 1.0
0 0.146875 0.234375 0.328125 0.234375 0.328125 0.440625 0.146875 0.440625
0 0.0 0.521875 0.178125 0.521875 0.178125 0.740625 0.0 0.740625
0 0.584375 0.721875 0.978125 0.721875 0.978125 0.915625 0.584375 0.915625
0 0.0 0.496875 0.078125 0.496875 0.078125 0.665625 0.0 0.665625
0 0.259375 0.509375 0.528125 0.509375 0.528125 0.740625 0.259375 0.740625
0 0.696875 0.946875 0.840625 0.946875 0.840625 1.0 0.696875 1.0
0 0.659375 0.134375 0.940625 0.134375 0.940625 0.365625 0.659375 0.365625
0 0.0 0.746875 0.203125 0.746875 0.203125 0.990625 0.0 0.990625
