0 0.0 0.559375 0.240625 0.559375 0.240625 0.778125 0.0 0.778125
0 0.0 0.171875 0.265625 0.171875 0.265625 0.465625 0.0 0.465625
0 0.471875 0.446875 0.753125 0.446875 0.753125 0.690625 0.471875 0.690625
0 0.0 0.671875 0.240625 0.671875 0.240625 0.915625 0.0 0.915625
0 0.384375 0.271875 0.640625 0.271875 0.640625 0.590625 0.384375 0.590625
0 0.171875 0.546875 0.390625 0.546875 0.390625 0.853125 0.171875 0.853125
0 0.234375 0.909375 0.315625 0.909375 0.315625 1.0 0.234375 1.0
0 0.0 0.0 0.265625 0.0 0.265625 0.215625 0.0 0.215625
0 0.359375 0.146875 0.640625 0.146875 0.640625 0.353125 0.359375 0.353125
0 0.009375 0.859375 0.290625 0.859375 0.290625 1.0 0.009375 1.0
0 0.584375 0.321875 0.765625 0.321875 0.765625 0.515625 0.584375 0.515625
0 0.634375 0.959375 0.753125 0.959375 0.753125 1.0 0.634375 1.0
0 0.646875 0.0 0.965625 0.0 0.965625 0.190625 0.646875 0.190625
0 0.209375 0.0 0.428125 0.0 0.428125 0.103125 0.209375 0.103125
