0 0.196875 0.859375 0.353125 0.859375 0.353125 1.0 0.196875 1.0
0 0.634375 0.046875 1.0 0.046875 1.0 0.315625 0.634375 0.315625
0 0.0 0.0 0.215625 0.0 0.215625 0.115625 0.0 0.115625
0 0.809375 0.759375 1.0 0.759375 1.0 1.0 0.809375 1.0
0 0.196875 0.746875 0.490625 0.746875 0.490625 0.965625 0.196875 0.965625
0 0.746875 0.946875 0.990625 0.946875 0.990625 1.0 0.746875 1.0
0 0.634375 0.809375 0.878125 0.809375 0.878125 1.0 0.634375 1.0
0 0.684375 0.621875 0.878125 0.621875 0.878125 0.853125 0.684375 0.853125
0 0.0 0.921875 0.203125 0.921875 0.203125 1.0 0.0 1.0
0 0.0 0.634375 0.115625 0.634375 0.115625 0.903125 0.0 0.903125
0 0.584375 0.884375 0.815625 0.884375 0.815625 1.0 0.584375 1.0
0 0.509375 0.621875 0.828125 0.621875 0.828125 0.878125 0.509375 0.878125
0 0.746875 0.0 1.0 0.0 1.0 0.140625 0.746875 0.140625
0 0.146875 0.359375 0.465625 0.359375 0.465625 0.628125 0.146875 0.628125
0 0.634375 0.209375 0.978125 0.209375 0.978125 0.478125 0.634375 0.478125
0 0.546875 0.984375 0.565625 0.984375 0.565625 1.0 0.546875 1.0
0 0.0 0.609375 0.028125 0.609375 0.028125 0.728125 0.0 0.728125
