0 0.684375 0.496875 1.0 0.496875 1.0 0.965625 0.684375 0.965625
0 0.659375 0.0 1.0 0.0 1.0 0.128125 0.659375 0.128125
0 0.0 0.0 0.028125 0.0 0.028125 0.140625 0.0 0.140625
0 0.009375 0.0 0.378125 0.0 0.378125 0.178125 0.009375 0.178125
0 0.434375 0.121875 0.690625 0.121875 0.690625 0.340625 0.434375 0.340625
0 0.0 0.984375 0.015625 0.984375 0.015625 1.0 0.0 1.0
0 0.0 0.846875 0.065625 0.846875 0.065625 1.0 0.0 1.0
0 0.0 0.521875 0.128125 0.521875 0.128125 0.703125 0.0 0.703125
0 0.134375 0.784375 0.703125 0.784375 0.703125 1.0 0.134375 1.0
0 0.609375 0.896875 0.940625 0.896875 0.940625 1.0 0.609375 1.0
0 0.309375 0.0 0.690625 0.0 0.690625 0.228125 0.309375 0.228125
0 0.046875 0.421875 0.490625 0.421875 0.490625 0.803125 0.046875 0.803125
