0 0.371875 0.0 0.865625 0.0 0.865625 0.178125 0.371875 0.178125
0 0.0 0.909375 0.190625 0.909375 0.190625 1.0 0.0 1.0
0 0.0 0.771875 0.115625 0.771875 0.115625 0.890625 0.0 0.890625
0 0.0 0.596875 0.165625 0.596875 0.165625 0.815625 0.0 0.815625
0 0.634375 0.259375 1.0 0.259375 1.0 0.490625 0.634375 0.490625
0 0.471875 0.134375 0.840625 0.134375 0.840625 0.490625 0.471875 0.490625
0 0.584375 0.434375 0.915625 0.434375 0.915625 0.728125 0.584375 0.728125
0 0.309375 0.821875 0.728125 0.821875 0.728125 1.0 0.309375 1.0
0 0.809375 0.384375 1.0 0.384375 1.0 0.715625 0.809375 0.715625
0 0.734375 0.0 1.0 0.0 1.0 0.178125 0.734375 0.178125
0 0.646875 0.696875 1.0 0.696875 1.0 1.0 0.646875 1.0
0 0.821875 0.971875 0.853125 0.971875 0.853125 1.0 0.821875 1.0
0 0.809375 0.621875 1.0 0.621875 1.0 0.865625 0.809375 0.865625
0 0.0 0.759375 0.065625 0.759375 0.065625 0.903125 0.0 0.903125
