0 0.521875 0.621875 0.803125 0.621875 0.803125 0.890625 0.521875 0.890625
0 0.346875 0.021875 0.678125 0.021875 0.678125 0.228125 0.346875 0.228125
0 0.671875 0.046875 1.0 0.046875 1.0 0.328125 0.671875 0.328125
0 0.134375 0.784375 0.365625 0.784375 0.365625 1.0 0.134375 1.0
0 0.346875 0.246875 0.615625 0.246875 0.615625 0.515625 0.346875 0.515625
0 0.0 0.371875 0.253125 0.371875 0.253125 0.665625 0.0 0.665625
0 0.134375 0.0 0.415625 0.0 0.415625 0.153125 0.134375 0.153125
0 0.0 0.196875 0.065625 0.196875 0.065625 0.415625 0.0 0.415625
0 0.371875 0.921875 0.628125 0.921875 0.628125 1.0 0.371875 1.0
0 0.0 0.809375 0.278125 0.809375 0.278125 1.0 0.0 1.0
0 0.384375 0.0 0.678125 0.0 0.678125 0.190625 0.384375 0.190625
0 0.696875 0.734375 1.0 0.734375 1.0 0.965625 0.696875 0.965625
0 0.0 0.0 0.103125 0.0 0.103125 0.078125 0.0 0.078125
