0 0.471875 0.484375 1.0 0.484375 1.0 0.990625 0.471875 0.990625
0 0.0 0.0 0.140625 0.0 0.140625 0.253125 0.0 0.253125
0 0.821875 0.471875 1.0 0.471875 1.0 0.965625 0.821875 0.965625
0 0.0 0.509375 0.078125 0.509375 0.078125 0.728125 0.0 0.728125
0 0.171875 0.021875 0.565625 0.021875 0.565625 0.390625 0.171875 0.390625
0 0.0 0.196875 0.353125 0.196875 0.353125 0.553125 0.0 0.553125
0 0.321875 0.784375 0.590625 0.784375 0.590625 0.990625 0.321875 0.990625
0 0.359375 0.196875 0.865625 0.196875 0.865625 0.565625 0.359375 0.565625
0 0.784375 0.334375 1.0 0.334375 1.0 0.528125 0.784375 0.528125
0 0.946875 0.971875 0.990625 0.971875 0.990625 1.0 0.946875 1.0
0 0.621875 0.0 0.840625 0.0 0.840625 0.153125 0.621875 0.153125
0 0.071875 0.0 0.403125 0.0 0.403125 0.240625 0.071875 0.240625
0 0.009375 0.471875 0.415625 0.471875 0.415625 0.815625 0.009375 0.815625
