0 0.0 0.284375 0.215625 0.284375 0.215625 0.553125 0.0 0.553125
0 0.634375 0.371875 0.903125 0.371875 0.903125 0.565625 0.634375 0.565625
0 0.559375 0.871875 0.815625 0.871875 0.815625 1.0 0.559375 1.0
0 0.459375 0.596875 0.678125 0.596875 0.678125 0.828125 0.459375 0.828125
0 0.009375 0.646875 0.240625 0.646875 0.240625 0.890625 0.009375 0.890625
0 0.559375 0.109375 0.840625 0.109375 0.840625 0.353125 0.559375 0.353125
0 0.484375 0.346875 0.690625 0.346875 0.690625 0.603125 0.484375 0.603125
0 0.246875 0.559375 0.503125 0.559375 0.503125 0.815625 0.246875 0.815625
0 0.584375 0.534375 0.815625 0.534375 0.815625 0.765625 0.584375 0.765625
0 0.159375 0.0 0.353125 0.0 0.353125 0.153125 0.159375 0.153125
0 0.284375 0.846875 0.490625 0.846875 0.490625 1.0 0.284375 1.0
0 0.084375 0.109375 0.290625 0.109375 0.290625 0.303125 0.084375 0.303125
0 0.134375 0.334375 0.403125 0.334375 0.403125 0.578125 0.134375 0.578125
0 0.196875 0.659375 0.415625 0.659375 0.415625 0.890625 0.196875 0.890625
0 0.0 0.034375 0.140625 0.034375 0.140625 0.278125 0.0 0.278125
0 0.609375 0.446875 0.865625 0.446875 0.865625 0.615625 0.609375 0.615625
0 0.0 0.796875 0.178125 0.796875 0.178125 0.990625 0.0 0.990625
0 0.496875 0.034375 0.778125 0.034375 0.778125 0.240625 0.496875 0.240625
