0 0.0 0.134375 0.128125 0.134375 0.128125 0.415625 0.0 0.415625
0 0.0 0.834375 0.265625 0.834375 0.265625 1.0 0.0 1.0
0 0.221875 0.834375 0.503125 0.834375 0.503125 1.0 0.221875 1.0
0 0.759375 0.809375 1.0 0.809375 1.0 1.0 0.759375 1.0
0 0.421875 0.734375 0.690625 0.734375 0.690625 1.0 0.421875 1.0
0 0.396875 0.534375 0.603125 0.534375 0.603125 0.715625 0.396875 0.715625
0 0.671875 0.534375 1.0 0.534375 1.0 0.778125 0.671875 0.778125
0 0.0 0.0 0.078125 0.0 0.078125 0.178125 0.0 0.178125
0 0.796875 0.496875 1.0 0.496875 1.0 0.740625 0.796875 0.740625
0 0.471875 0.346875 0.840625 0.346875 0.840625 0.628125 0.471875 0.628125
0 0.634375 0.721875 1.0 0.721875 1.0 0.953125 0.634375 0.953125
0 0.559375 0.809375 0.865625 0.809375 0.865625 1.0 0.559375 1.0
0 0.059375 0.0 0.303125 0.0 0.303125 0.128125 0.059375 0.128125
