0 0.0 0.196875 0.165625 0.196875 0.165625 0.503125 0.0 0.503125
0 0.734375 0.821875 1.0 0.821875 1.0 1.0 0.734375 1.0
0 0.084375 0.484375 0.490625 0.484375 0.490625 0.703125 0.084375 0.703125
0 0.0 0.109375 0.028125 0.109375 0.028125 0.178125 0.0 0.178125
0 0.0 0.071875 0.215625 0.071875 0.215625 0.378125 0.0 0.378125
0 0.134375 0.709375 0.453125 0.709375 0.453125 1.0 0.134375 1.0
0 0.459375 0.809375 0.803125 0.809375 0.803125 1.0 0.459375 1.0
0 0.234375 0.296875 0.528125 0.296875 0.528125 0.553125 0.234375 0.553125
0 0.609375 0.346875 0.915625 0.346875 0.915625 0.603125 0.609375 0.603125
0 0.0 0.0 0.190625 0.0 0.190625 0.190625 0.0 0.190625
0 0.334375 0.634375 0.753125 0.634375 0.753125 0.965625 0.334375 0.965625
0 0.0 0.496875 0.440625 0.496875 0.440625 0.815625 0.0 0.815625
