0 0.0 0.596875 0.053125 0.596875 0.053125 0.728125 0.0 0.728125
0 0.0 0.721875 0.078125 0.721875 0.078125 0.865625 0.0 0.865625
0 0.271875 0.471875 0.540625 0.471875 0.540625 0.803125 0.271875 0.803125
0 0.384375 0.896875 0.628125 0.896875 0.628125 1.0 0.384375 1.0
0 0.034375 0.0 0.253125 0.0 0.253125 0.228125 0.034375 0.228125
0 0.134375 0.984375 0.153125 0.984375 0.153125 1.0 0.134375 1.0
0 0.0 0.496875 0.215625 0.496875 0.215625 0.703125 0.0 0.703125
0 0.0 0.371875 0.040625 0.371875 0.040625 0.515625 0.0 0.515625
0 0.584375 0.0 0.865625 0.0 0.865625 0.140625 0.584375 0.140625
0 0.634375 0.084375 0.915625 0.084375 0.915625 0.340625 0.634375 0.340625
0 0.484375 0.621875 0.803125 0.621875 0.803125 0.853125 0.484375 0.853125
0 0.421875 0.184375 0.715625 0.184375 0.715625 0.478125 0.421875 0.478125
0 0.146875 0.034375 0.440625 0.034375 0.440625 0.315625 0.146875 0.315625
0 0.0 0.834375 0.215625 0.834375 0.215625 1.0 0.0 1.0
0 0.771875 0.759375 0.940625 0.759375 0.940625 0.928125 0.771875 0.928125
0 0.121875 0.409375 0.303125 0.409375 0.303125 0.565625 0.121875 0.565625
0 0.571875 0.321875 0.903125 0.321875 0.903125 0.515625 0.571875 0.515625
0 0.0 0.834375 0.028125 0.834375 0.028125 0.953125 0.0 0.953125
0 0.584375 0.446875 0.990625 0.446875 0.990625 0.690625 0.584375 0.690625
