0 0.559375 0.0 0.965625 0.0 0.965625 0.353125 0.559375 0.353125
0 0.109375 0.0 0.403125 0.0 0.403125 0.190625 0.109375 0.190625
0 0.409375 0.959375 0.453125 0.959375 0.453125 1.0 0.409375 1.0
0 0.384375 0.371875 0.740625 0.371875 0.740625 0.665625 0.384375 0.665625
0 0.359375 0.034375 0.640625 0.034375 0.640625 0.340625 0.359375 0.340625
0 0.621875 0.521875 0.815625 0.521875 0.815625 0.740625 0.621875 0.740625
0 0.584375 0.309375 0.790625 0.309375 0.790625 0.478125 0.584375 0.478125
0 0.071875 0.546875 0.315625 0.546875 0.315625 0.778125 0.071875 0.778125
0 0.0 0.421875 0.065625 0.421875 0.065625 0.578125 0.0 0.578125
0 0.346875 0.721875 0.628125 0.721875 0.628125 0.965625 0.346875 0.965625
0 0.671875 0.909375 0.878125 0.909375 0.878125 1.0 0.671875 1.0
0 0.0 0.734375 0.178125 0.734375 0.178125 0.990625 0.0 0.990625
0 0.734375 0.759375 1.0 0.759375 1.0 1.0 0.734375 1.0
