0 0.0 0.0 0.128125 0.0 0.128125 0.140625 0.0 0.140625
0 0.184375 0.121875 0.490625 0.121875 0.490625 0.403125 0.184375 0.403125
0 0.646875 0.521875 0.990625 0.521875 0.990625 0.803125 0.646875 0.803125
0 0.321875 0.309375 0.590625 0.309375 0.590625 0.528125 0.321875 0.528125
0 0.0 0.121875 0.215625 0.121875 0.215625 0.390625 0.0 0.390625
0 0.0 0.721875 0.028125 0.721875 0.028125 0.803125 0.0 0.803125
0 0.296875 0.934375 0.478125 0.934375 0.478125 1.0 0.296875 1.0
0 0.509375 0.459375 0.753125 0.459375 0.753125 0.703125 0.509375 0.703125
0 0.109375 0.584375 0.353125 0.584375 0.353125 0.790625 0.109375 0.790625
0 0.396875 0.684375 0.715625 0.684375 0.715625 0.903125 0.396875 0.903125
0 0.596875 0.959375 0.678125 0.959375 0.678125 1.0 0.596875 1.0
