0 0.384375 0.421875 0.728125 0.421875 0.728125 0.815625 0.384375 0.815625
0 0.0 0.0 0.065625 0.0 0.065625 0.090625 0.0 0.090625
0 0.0 0.759375 0.040625 0.759375 0.040625 0.853125 0.0 0.853125
0 0.234375 0.121875 0.628125 0.121875 0.628125 0.478125 0.234375 0.478125
0 0.571875 0.009375 0.890625 0.009375 0.890625 0.303125 0.571875 0.303125
0 0.0 0.546875 0.328125 0.546875 0.328125 0.890625 0.0 0.890625
0 0.0 0.0 0.253125 0.0 0.253125 0.365625 0.0 0.365625
0 0.0 0.871875 0.053125 0.871875 0.053125 1.0 0.0 1.0
0 0.709375 0.721875 0.965625 0.721875 0.965625 1.0 0.709375 1.0
0 0.521875 0.696875 0.890625 0.696875 0.890625 0.928125 0.521875 0.928125
0 0.571875 0.971875 0.653125 0.971875 0.653125 1.0 0.571875 1.0
0 0.009375 0.846875 0.303125 0.846875 0.303125 1.0 0.009375 1.0
0 0.521875 0.809375 1.0 0.809375 1.0 1.0 0.521875 1.0
0 0.346875 0.0 0.628125 0.0 0.628125 0.240625 0.346875 0.240625
0 0.509375 0.0 0.965625 0.0 0.965625 0.228125 0.509375 0.228125
