0 0.596875 0.946875 0.740625 0.946875 0.740625 1.0 0.596875 1.0
0 0.459375 0.834375 0.740625 0.834375 0.740625 1.0 0.459375 1.0
0 0.321875 0.921875 0.478125 0.921875 0.478125 1.0 0.321875 1.0
0 0.759375 0.984375 0.778125 0.984375 0.778125 1.0 0.759375 1.0
0 0.096875 0.134375 0.328125 0.134375 0.328125 0.340625 0.096875 0.340625
0 0.696875 0.959375 0.790625 0.959375 0.790625 1.0 0.696875 1.0
0 0.334375 0.384375 0.565625 0.384375 0.565625 0.690625 0.334375 0.690625
0 0.846875 0.121875 1.0 0.121875 1.0 0.328125 0.846875 0.328125
0 0.571875 0.221875 0.890625 0.221875 0.890625 0.490625 0.571875 0.490625
0 0.0 0.209375 0.190625 0.209375 0.190625 0.453125 0.0 0.453125
0 0.0 0.034375 0.203125 0.034375 0.203125 0.278125 0.0 0.278125
0 0.821875 0.309375 1.0 0.309375 1.0 0.603125 0.821875 0.603125
0 0.359375 0.0 0.665625 0.0 0.665625 0.190625 0.359375 0.190625
0 0.671875 0.171875 0.965625 0.171875 0.965625 0.390625 0.671875 0.390625
0 0.0 0.859375 0.165625 0.859375 0.165625 1.0 0.0 1.0
0 0.371875 0.521875 0.653125 0.521875 0.653125 0.778125 0.371875 0.778125
0 0.321875 0.284375 0.603125 0.284375 0.603125 0.478125 0.321875 0.478125
0 0.234375 0.784375 0.528125 0.784375 0.528125 0.953125 0.234375 0.953125
0 0.0 0.059375 0.103125 0.059375 0.103125 0.290625 0.0 0.290625
0 0.734375 0.0 1.0 0.0 1.0 0.178125 0.734375 0.178125
0 0.171875 0.659375 0.490625 0.659375 0.490625 0.878125 0.171875 0.878125
