0 0.446875 0.634375 0.753125 0.634375 0.753125 0.828125 0.446875 0.828125
0 0.234375 0.796875 0.540625 0.796875 0.540625 1.0 0.234375 1.0
0 0.0 0.0 0.240625 0.0 0.240625 0.303125 0.0 0.303125
0 0.0 0.371875 0.103125 0.371875 0.103125 0.640625 0.0 0.640625
0 0.771875 0.809375 1.0 0.809375 1.0 1.0 0.771875 1.0
0 0.559375 0.909375 0.815625 0.909375 0.815625 1.0 0.559375 1.0
0 0.0 0.271875 0.240625 0.271875 0.240625 0.540625 0.0 0.540625
0 0.096875 0.671875 0.303125 0.671875 0.303125 0.828125 0.096875 0.828125
0 0.484375 0.284375 0.715625 0.284375 0.715625 0.490625 0.484375 0.490625
0 0.684375 0.0 0.915625 0.0 0.915625 0.165625 0.684375 0.165625
0 0.0 0.984375 0.015625 0.984375 0.015625 1.0 0.0 1.0
0 0.946875 0.971875 0.978125 0.971875 0.978125 1.0 0.946875 1.0
0 0.621875 0.271875 0.815625 0.271875 0.815625 0.490625 0.621875 0.490625
0 0.009375 0.796875 0.328125 0.796875 0.328125 1.0 0.009375 1.0
0 0.321875 0.334375 0.603125 0.334375 0.603125 0.615625 0.321875 0.615625
0 0.371875 0.534375 0.778125 0.534375 0.778125 0.753125 0.371875 0.753125
0 0.184375 0.309375 0.515625 0.309375 0.515625 0.578125 0.184375 0.578125
0 0.196875 0.0 0.478125 0.0 0.478125 0.178125 0.196875 0.178125
0 0.621875 0.696875 0.940625 0.696875 0.940625 0.940625 0.621875 0.940625
