0 0.0 0.334375 0.103125 0.334375 0.103125 0.640625 0.0 0.640625
0 0.546875 0.621875 0.790625 0.621875 0.790625 0.865625 0.546875 0.865625
0 0.434375 0.709375 0.703125 0.709375 0.703125 0.978125 0.434375 0.978125
0 0.321875 0.034375 0.603125 0.034375 0.603125 0.328125 0.321875 0.328125
0 0.321875 0.846875 0.565625 0.846875 0.565625 1.0 0.321875 1.0
0 0.0 0.884375 0.065625 0.884375 0.065625 1.0 0.0 1.0
0 0.096875 0.596875 0.265625 0.596875 0.265625 0.790625 0.096875 0.790625
0 0.671875 0.571875 0.865625 0.571875 0.865625 0.778125 0.671875 0.778125
0 0.0 0.071875 0.178125 0.071875 0.178125 0.253125 0.0 0.253125
0 0.184375 0.721875 0.428125 0.721875 0.428125 0.903125 0.184375 0.903125
0 0.146875 0.834375 0.415625 0.834375 0.415625 1.0 0.146875 1.0
0 0.759375 0.059375 1.0 0.059375 1.0 0.315625 0.759375 0.315625
0 0.109375 0.259375 0.415625 0.259375 0.415625 0.553125 0.109375 0.553125
0 0.021875 0.721875 0.328125 0.721875 0.328125 0.940625 0.021875 0.940625
