0 0.071875 0.684375 0.478125 0.684375 0.478125 1.0 0.071875 1.0
0 0.796875 0.0 1.0 0.0 1.0 0.140625 0.796875 0.140625
0 0.734375 0.859375 1.0 0.859375 1.0 1.0 0.734375 1.0
0 0.359375 0.271875 0.678125 0.271875 0.678125 0.590625 0.359375 0.590625
0 0.821875 0.434375 1.0 0.434375 1.0 0.740625 0.821875 0.740625
0 0.0 0.571875 0.178125 0.571875 0.178125 0.903125 0.0 0.903125
0 0.521875 0.421875 0.728125 0.421875 0.728125 0.615625 0.521875 0.615625
0 0.0 0.359375 0.115625 0.359375 0.115625 0.603125 0.0 0.603125
0 0.0 0.309375 0.028125 0.309375 0.028125 0.403125 0.0 0.403125
0 0.121875 0.096875 0.328125 0.096875 0.328125 0.303125 0.121875 0.303125
0 0.621875 0.296875 1.0 0.296875 1.0 0.615625 0.621875 0.615625
0 0.384375 0.921875 0.603125 0.921875 0.603125 1.0 0.384375 1.0
0 0.621875 0.021875 1.0 0.021875 1.0 0.353125 0.621875 0.353125
0 0.109375 0.209375 0.478125 0.209375 0.478125 0.515625 0.109375 0.515625
