0 0.234375 0.146875 0.465625 0.146875 0.465625 0.378125 0.234375 0.378125
0 0.0 0.871875 0.090625 0.871875 0.090625 1.0 0.0 1.0
0 0.0 0.434375 0.240625 0.434375 0.240625 0.715625 0.0 0.715625
0 0.659375 0.396875 0.903125 0.396875 0.903125 0.603125 0.659375 0.603125
0 0.221875 0.0 0.490625 0.0 0.490625 0.253125 0.221875 0.253125
0 0.621875 0.871875 0.878125 0.871875 0.878125 1.0 0.621875 1.0
0 0.484375 0.0 0.690625 0.0 0.690625 0.153125 0.484375 0.153125
0 0.0 0.696875 0.265625 0.696875 0.265625 0.953125 0.0 0.953125
0 0.346875 0.709375 0.603125 0.709375 0.603125 0.965625 0.346875 0.965625
0 0.0 0.0 0.190625 0.0 0.190625 0.203125 0.0 0.203125
0 0.0 0.209375 0.078125 0.209375 0.078125 0.340625 0.0 0.340625
0 0.121875 0.896875 0.315625 0.896875 0.315625 1.0 0.121875 1.0
0 0.584375 0.671875 0.765625 0.671875 0.765625 0.828125 0.584375 0.828125
0 0.046875 0.259375 0.303125 0.259375 0.303125 0.503125 0.046875 0.503125
0 0.559375 0.259375 0.865625 0.259375 0.865625 0.490625 0.559375 0.490625
