0 0.0 0.059375 0.140625 0.059375 0.140625 0.240625 0.0 0.240625
0 0.0 0.721875 0.103125 0.721875 0.103125 0.903125 0.0 0.903125
0 0.371875 0.384375 0.778125 0.384375 0.778125 0.703125 0.371875 0.703125
0 0.009375 0.934375 0.140625 0.934375 0.140625 1.0 0.009375 1.0
0 0.0 0.0 0.128125 0.0 0.128125 0.153125 0.0 0.153125
0 0.196875 0.771875 0.440625 0.771875 0.440625 1.0 0.196875 1.0
0 0.784375 0.534375 1.0 0.534375 1.0 0.840625 0.784375 0.840625
0 0.0 0.284375 0.178125 0.284375 0.178125 0.553125 0.0 0.553125
0 0.821875 0.784375 1.0 0.784375 1.0 1.0 0.821875 1.0
0 0.384375 0.034375 0.653125 0.034375 0.653125 0.303125 0.384375 0.303125
0 0.809375 0.134375 1.0 0.134375 1.0 0.328125 0.809375 0.328125
0 0.484375 0.734375 0.715625 0.734375 0.715625 0.953125 0.484375 0.953125
0 0.021875 0.584375 0.303125 0.584375 0.303125 0.815625 0.021875 0.815625
0 0.659375 0.0 0.840625 0.0 0.840625 0.128125 0.659375 0.128125
0 0.059375 0.846875 0.278125 0.846875 0.278125 1.0 0.059375 1.0
0 0.671875 0.246875 1.0 0.246875 1.0 0.515625 0.671875 0.515625
0 0.034375 0.746875 0.203125 0.746875 0.203125 0.940625 0.034375 0.940625
