0 0.434375 0.034375 0.828125 0.034375 0.828125 0.390625 0.434375 0.390625
0 0.046875 0.909375 0.228125 0.909375 0.228125 1.0 0.046875 1.0
0 0.721875 0.009375 1.0 0.009375 1.0 0.190625 0.721875 0.190625
0 0.309375 0.421875 0.665625 0.421875 0.665625 0.753125 0.309375 0.753125
0 0.146875 0.496875 0.428125 0.496875 0.428125 0.828125 0.146875 0.828125
0 0.0 0.046875 0.203125 0.046875 0.203125 0.303125 0.0 0.303125
0 0.0 0.359375 0.065625 0.359375 0.065625 0.515625 0.0 0.515625
0 0.634375 0.396875 1.0 0.396875 1.0 0.740625 0.634375 0.740625
0 0.796875 0.196875 1.0 0.196875 1.0 0.528125 0.796875 0.528125
0 0.171875 0.0 0.528125 0.0 0.528125 0.153125 0.171875 0.153125
0 0.084375 0.009375 0.378125 0.009375 0.378125 0.365625 0.084375 0.365625
0 0.346875 0.0 0.603125 0.0 0.603125 0.190625 0.346875 0.190625
0 0.0 0.709375 0.028125 0.709375 0.028125 0.865625 0.0 0.865625
