0 0.746875 0.0 1.0 0.0 1.0 0.203125 0.746875 0.203125
0 0.796875 0.296875 1.0 0.296875 1.0 0.540625 0.796875 0.540625
0 0.0 0.196875 0.190625 0.196875 0.190625 0.465625 0.0 0.465625
0 0.759375 0.946875 0.865625 0.946875 0.865625 1.0 0.759375 1.0
0 0.0 0.746875 0.165625 0.746875 0.165625 0.978125 0.0 0.978125
0 0.384375 0.209375 0.640625 0.209375 0.640625 0.478125 0.384375 0.478125
0 0.0 0.834375 0.015625 0.834375 0.015625 0.853125 0.0 0.853125
0 0.359375 0.871875 0.590625 0.871875 0.590625 1.0 0.359375 1.0
0 0.471875 0.784375 0.728125 0.784375 0.728125 1.0 0.471875 1.0
0 0.0 0.596875 0.128125 0.596875 0.128125 0.790625 0.0 0.790625
0 0.546875 0.459375 0.740625 0.459375 0.740625 0.640625 0.546875 0.640625
0 0.446875 0.571875 0.628125 0.571875 0.628125 0.740625 0.446875 0.740625
0 0.659375 0.609375 1.0 0.609375 1.0 0.865625 0.659375 0.865625
0 0.309375 0.384375 0.665625 0.384375 0.665625 0.603125 0.309375 0.603125
