0 0.834375 0.0 1.0 0.0 1.0 0.190625 0.834375 0.190625
0 0.209375 0.0 0.428125 0.0 0.428125 0.103125 0.209375 0.103125
0 0.421875 0.0 0.928125 0.0 0.928125 0.478125 0.421875 0.478125
0 0.0 0.0 0.340625 0.0 0.340625 0.165625 0.0 0.165625
0 0.609375 0.684375 0.890625 0.684375 0.890625 0.928125 0.609375 0.928125
0 0.521875 0.446875 0.978125 0.446875 0.978125 0.740625 0.521875 0.740625
0 0.0 0.796875 0.128125 0.796875 0.128125 1.0 0.0 1.0
0 0.696875 0.621875 1.0 0.621875 1.0 0.903125 0.696875 0.903125
0 0.421875 0.859375 0.903125 0.859375 0.903125 1.0 0.421875 1.0
0 0.784375 0.896875 1.0 0.896875 1.0 1.0 0.784375 1.0
0 0.196875 0.609375 0.690625 0.609375 0.690625 0.940625 0.196875 0.940625
