0 0.684375 0.0 1.0 0.0 1.0 0.140625 0.684375 0.140625
0 0.596875 0.771875 0.928125 0.771875 0.928125 1.0 0.596875 1.0
0 0.421875 0.696875 0.740625 0.696875 0.740625 0.978125 0.421875 0.978125
0 0.271875 0.0 0.590625 0.0 0.590625 0.315625 0.271875 0.315625
0 0.0 0.909375 0.165625 0.909375 0.165625 1.0 0.0 1.0
0 0.646875 0.646875 0.978125 0.646875 0.978125 0.928125 0.646875 0.928125
0 0.896875 0.409375 1.0 0.409375 1.0 0.703125 0.896875 0.703125
0 0.0 0.359375 0.228125 0.359375 0.228125 0.665625 0.0 0.665625
0 0.0 0.084375 0.140625 0.084375 0.140625 0.290625 0.0 0.290625
0 0.384375 0.534375 0.603125 0.534375 0.603125 0.715625 0.384375 0.715625
0 0.559375 0.259375 0.790625 0.259375 0.790625 0.440625 0.559375 0.440625
0 0.484375 0.084375 0.665625 0.084375 0.665625 0.265625 0.484375 0.265625
0 0.0 0.309375 0.103125 0.309375 0.103125 0.528125 0.0 0.528125
0 0.0 0.221875 0.215625 0.221875 0.215625 0.440625 0.0 0.440625
