0 0.584375 0.0 0.940625 0.0 0.940625 0.153125 0.584375 0.153125
0 0.146875 0.609375 0.465625 0.609375 0.465625 0.953125 0.146875 0.953125
0 0.0 0.346875 0.440625 0.346875 0.440625 0.690625 0.0 0.690625
0 0.309375 0.371875 0.515625 0.371875 0.515625 0.665625 0.309375 0.665625
0 0.0 0.521875 0.103125 0.521875 0.103125 0.765625 0.0 0.765625
0 0.0 0.071875 0.240625 0.071875 0.240625 0.378125 0.0 0.378125
0 0.421875 0.446875 0.753125 0.446875 0.753125 0.740625 0.421875 0.740625
0 0.584375 0.621875 0.765625 0.621875 0.765625 0.803125 0.584375 0.803125
0 0.584375 0.321875 1.0 0.321875 1.0 0.628125 0.584375 0.628125
0 0.534375 0.746875 0.953125 0.746875 0.953125 1.0 0.534375 1.0
