0 0.309375 0.546875 0.553125 0.546875 0.553125 0.765625 0.309375 0.765625
0 0.0 0.671875 0.065625 0.671875 0.065625 0.778125 0.0 0.778125
0 0.746875 0.871875 1.0 0.871875 1.0 1.0 0.746875 1.0
0 0.559375 0.421875 0.840625 0.421875 0.840625 0.690625 0.559375 0.690625
0 0.284375 0.209375 0.540625 0.209375 0.540625 0.428125 0.284375 0.428125
0 0.209375 0.384375 0.453125 0.384375 0.453125 0.578125 0.209375 0.578125
0 0.0 0.409375 0.115625 0.409375 0.115625 0.628125 0.0 0.628125
0 0.684375 0.496875 0.890625 0.496875 0.890625 0.703125 0.684375 0.703125
0 0.171875 0.859375 0.428125 0.859375 0.428125 1.0 0.171875 1.0
0 0.0 0.184375 0.153125 0.184375 0.153125 0.390625 0.0 0.390625
0 0.0 0.296875 0.178125 0.296875 0.178125 0.490625 0.0 0.490625
0 0.546875 0.759375 0.778125 0.759375 0.778125 1.0 0.546875 1.0
0 0.359375 0.684375 0.603125 0.684375 0.603125 0.940625 0.359375 0.940625
0 0.459375 0.921875 0.615625 0.921875 0.615625 1.0 0.459375 1.0
0 0.496875 0.071875 0.715625 0.071875 0.715625 0.240625 0.496875 0.240625
0 0.621875 0.359375 0.940625 0.359375 0.940625 0.540625 0.621875 0.540625
