0 0.0 0.709375 0.165625 0.709375 0.165625 1.0 0.0 1.0
0 0.0 0.334375 0.078125 0.334375 0.078125 0.490625 0.0 0.490625
0 0.409375 0.746875 0.703125 0.746875 0.703125 1.0 0.409375 1.0
0 0.209375 0.521875 0.515625 0.521875 0.515625 0.765625 0.209375 0.765625
0 0.234375 0.734375 0.503125 0.734375 0.503125 0.940625 0.234375 0.940625
0 0.634375 0.896875 0.915625 0.896875 0.915625 1.0 0.634375 1.0
0 0.234375 0.246875 0.503125 0.246875 0.503125 0.515625 0.234375 0.515625
0 0.621875 0.709375 0.853125 0.709375 0.853125 0.953125 0.621875 0.953125
0 0.784375 0.246875 1.0 0.246875 1.0 0.528125 0.784375 0.528125
0 0.184375 0.459375 0.465625 0.459375 0.465625 0.665625 0.184375 0.665625
0 0.546875 0.584375 0.803125 0.584375 0.803125 0.815625 0.546875 0.815625
0 0.734375 0.084375 0.928125 0.084375 0.928125 0.278125 0.734375 0.278125
0 0.471875 0.046875 0.853125 0.046875 0.853125 0.315625 0.471875 0.315625
0 0.0 0.496875 0.203125 0.496875 0.203125 0.740625 0.0 0.740625
0 0.884375 0.984375 0.915625 0.984375 0.915625 1.0 0.884375 1.0
