0 0.384375 0.334375 0.665625 0.334375 0.665625 0.603125 0.384375 0.603125
0 0.659375 0.471875 0.978125 0.471875 0.978125 0.728125 0.659375 0.728125
0 0.209375 0.759375 0.428125 0.759375 0.428125 0.990625 0.209375 0.990625
0 0.246875 0.609375 0.490625 0.609375 0.490625 0.803125 0.246875 0.803125
0 0.259375 0.096875 0.415625 0.096875 0.415625 0.253125 0.259375 0.253125
0 0.209375 0.484375 0.390625 0.484375 0.390625 0.653125 0.209375 0.653125
0 0.359375 0.0 0.565625 0.0 0.565625 0.140625 0.359375 0.140625
0 0.0 0.559375 0.103125 0.559375 0.103125 0.765625 0.0 0.765625
0 0.484375 0.784375 0.828125 0.784375 0.828125 1.0 0.484375 1.0
0 0.471875 0.0 0.740625 0.0 0.740625 0.128125 0.471875 0.128125
0 0.0 0.371875 0.115625 0.371875 0.115625 0.603125 0.0 0.603125
