0 0.259375 0.984375 0.290625 0.984375 0.290625 1.0 0.259375 1.0
0 0.0 0.071875 0.140625 0.071875 0.140625 0.328125 0.0 0.328125
0 0.334375 0.521875 0.615625 0.521875 0.615625 0.728125 0.334375 0.728125
0 0.0 0.846875 0.028125 0.846875 0.028125 0.928125 0.0 0.928125
0 0.0 0.271875 0.040625 0.271875 0.040625 0.415625 0.0 0.415625
0 0.484375 0.084375 0.803125 0.084375 0.803125 0.365625 0.484375 0.365625
0 0.534375 0.609375 0.753125 0.609375 0.753125 0.878125 0.534375 0.878125
0 0.0 0.659375 0.028125 0.659375 0.028125 0.715625 0.0 0.715625
0 0.421875 0.959375 0.578125 0.959375 0.578125 1.0 0.421875 1.0
0 0.0 0.934375 0.103125 0.934375 0.103125 1.0 0.0 1.0
0 0.209375 0.509375 0.403125 0.509375 0.403125 0.678125 0.209375 0.678125
0 0.596875 0.834375 0.765625 0.834375 0.765625 1.0 0.596875 1.0
0 0.446875 0.634375 0.690625 0.634375 0.690625 0.828125 0.446875 0.828125
0 0.334375 0.809375 0.653125 0.809375 0.653125 1.0 0.334375 1.0
0 0.284375 0.634375 0.603125 0.634375 0.603125 0.840625 0.284375 0.840625
