0 0.146875 0.234375 0.490625 0.234375 0.490625 0.603125 0.146875 0.603125
0 0.0 0.496875 0.190625 0.496875 0.190625 0.815625 0.0 0.815625
0 0.684375 0.034375 1.0 0.034375 1.0 0.340625 0.684375 0.340625
0 0.734375 0.0 1.0 0.0 1.0 0.103125 0.734375 0.103125
0 0.621875 0.371875 0.940625 0.371875 0.940625 0.728125 0.621875 0.728125
0 0.221875 0.559375 0.565625 0.559375 0.565625 0.878125 0.221875 0.878125
0 0.209375 0.934375 0.390625 0.934375 0.390625 1.0 0.209375 1.0
0 0.121875 0.0 0.365625 0.0 0.365625 0.203125 0.121875 0.203125
0 0.146875 0.659375 0.340625 0.659375 0.340625 0.865625 0.146875 0.865625
0 0.259375 0.0 0.503125 0.0 0.503125 0.215625 0.259375 0.215625
0 0.171875 0.146875 0.528125 0.146875 0.528125 0.390625 0.171875 0.390625
0 0.609375 0.871875 1.0 0.871875 1.0 1.0 0.609375 1.0
