0 0.259375 0.871875 0.478125 0.871875 0.478125 1.0 0.259375 1.0
0 0.471875 0.071875 0.740625 0.071875 0.740625 0.315625 0.471875 0.315625
0 0.0 0.771875 0.090625 0.771875 0.090625 1.0 0.0 1.0
0 0.621875 0.784375 0.890625 0.784375 0.890625 1.0 0.621875 1.0
0 0.009375 0.071875 0.215625 0.071875 0.215625 0.353125 0.009375 0.353125
0 0.271875 0.496875 0.528125 0.496875 0.528125 0.740625 0.271875 0.740625
0 0.0 0.0 0.040625 0.0 0.040625 0.078125 0.0 0.078125
0 0.184375 0.109375 0.353125 0.109375 0.353125 0.278125 0.184375 0.278125
0 0.321875 0.721875 0.503125 0.721875 0.503125 0.890625 0.321875 0.890625
0 0.396875 0.0 0.665625 0.0 0.665625 0.115625 0.396875 0.115625
0 0.384375 0.096875 0.665625 0.096875 0.665625 0.303125 0.384375 0.303125
0 0.084375 0.509375 0.353125 0.509375 0.353125 0.728125 0.084375 0.728125
0 0.584375 0.921875 0.903125 0.921875 0.903125 1.0 0.584375 1.0
