0 0.721875 0.834375 0.940625 0.834375 0.940625 0.965625 0.721875 0.965625
0 0.121875 0.0 0.390625 0.0 0.390625 0.265625 0.121875 0.265625
0 0.384375 0.184375 0.703125 0.184375 0.703125 0.453125 0.384375 0.453125
0 0.159375 0.709375 0.503125 0.709375 0.503125 1.0 0.159375 1.0
0 0.0 0.096875 0.240625 0.096875 0.240625 0.465625 0.0 0.465625
0 0.134375 0.259375 0.390625 0.259375 0.390625 0.503125 0.134375 0.503125
0 0.071875 0.0 0.303125 0.0 0.303125 0.140625 0.071875 0.140625
0 0.246875 0.171875 0.465625 0.171875 0.465625 0.453125 0.246875 0.453125
0 0.871875 0.459375 1.0 0.459375 1.0 0.728125 0.871875 0.728125
0 0.371875 0.659375 0.590625 0.659375 0.590625 0.903125 0.371875 0.903125
0 0.721875 0.259375 1.0 0.259375 1.0 0.440625 0.721875 0.440625
0 0.559375 0.746875 0.765625 0.746875 0.765625 0.928125 0.559375 0.928125
0 0.0 0.0 0.053125 0.0 0.053125 0.128125 0.0 0.128125
0 0.759375 0.759375 1.0 0.759375 1.0 0.965625 0.759375 0.965625
0 0.334375 0.334375 0.640625 0.334375 0.640625 0.628125 0.334375 0.628125
0 0.0 0.846875 0.240625 0.846875 0.240625 1.0 0.0 1.0
0 0.521875 0.859375 0.828125 0.859375 0.828125 1.0 0.521875 1.0
