0 0.221875 0.046875 0.503125 0.046875 0.503125 0.290625 0.221875 0.290625
0 0.0 0.0 0.153125 0.0 0.153125 0.240625 0.0 0.240625
0 0.309375 0.634375 0.603125 0.634375 0.603125 0.928125 0.309375 0.928125
0 0.0 0.434375 0.178125 0.434375 0.178125 0.653125 0.0 0.653125
0 0.596875 0.621875 0.828125 0.621875 0.828125 0.803125 0.596875 0.803125
0 0.0 0.134375 0.178125 0.134375 0.178125 0.378125 0.0 0.378125
0 0.171875 0.0 0.428125 0.0 0.428125 0.128125 0.171875 0.128125
0 0.384375 0.396875 0.665625 0.396875 0.665625 0.628125 0.384375 0.628125
0 0.0 0.296875 0.053125 0.296875 0.053125 0.453125 0.0 0.453125
0 0.0 0.846875 0.040625 0.846875 0.040625 0.978125 0.0 0.978125
0 0.059375 0.971875 0.078125 0.971875 0.078125 1.0 0.059375 1.0
0 0.284375 0.446875 0.453125 0.446875 0.453125 0.615625 0.284375 0.615625
0 0.396875 0.921875 0.678125 0.921875 0.678125 1.0 0.396875 1.0
0 0.371875 0.259375 0.678125 0.259375 0.678125 0.453125 0.371875 0.453125
