0 0.021875 0.196875 0.240625 0.196875 0.240625 0.428125 0.021875 0.428125
0 0.0 0.321875 0.053125 0.321875 0.053125 0.428125 0.0 0.428125
0 0.571875 0.571875 0.828125 0.571875 0.828125 0.828125 0.571875 0.828125
0 0.121875 0.059375 0.378125 0.059375 0.378125 0.290625 0.121875 0.290625
0 0.321875 0.234375 0.578125 0.234375 0.578125 0.465625 0.321875 0.465625
0 0.646875 0.109375 0.878125 0.109375 0.878125 0.265625 0.646875 0.265625
0 0.509375 0.971875 0.603125 0.971875 0.603125 1.0 0.509375 1.0
0 0.684375 0.384375 0.903125 0.384375 0.903125 0.565625 0.684375 0.565625
0 0.0 0.684375 0.078125 0.684375 0.078125 0.853125 0.0 0.853125
0 0.0 0.0 0.153125 0.0 0.153125 0.178125 0.0 0.178125
0 0.271875 0.946875 0.465625 0.946875 0.465625 1.0 0.271875 1.0
0 0.0 0.821875 0.028125 0.821875 0.028125 0.903125 0.0 0.903125
0 0.209375 0.0 0.403125 0.0 0.403125 0.165625 0.209375 0.165625
