0 0.0 0.109375 0.065625 0.109375 0.065625 0.290625 0.0 0.290625
0 0.534375 0.109375 0.878125 0.109375 0.878125 0.403125 0.534375 0.403125
0 0.084375 0.134375 0.403125 0.134375 0.403125 0.440625 0.084375 0.440625
0 0.0 0.034375 0.165625 0.034375 0.165625 0.278125 0.0 0.278125
0 0.596875 0.971875 0.678125 0.971875 0.678125 1.0 0.596875 1.0
0 0.071875 0.571875 0.378125 0.571875 0.378125 0.853125 0.071875 0.853125
0 0.396875 0.809375 0.765625 0.809375 0.765625 1.0 0.396875 1.0
0 0.446875 0.034375 0.778125 0.034375 0.778125 0.290625 0.446875 0.290625
0 0.796875 0.759375 1.0 0.759375 1.0 0.953125 0.796875 0.953125
0 0.096875 0.0 0.353125 0.0 0.353125 0.240625 0.096875 0.240625
0 0.371875 0.0 0.728125 0.0 0.728125 0.128125 0.371875 0.128125
0 0.259375 0.396875 0.590625 0.396875 0.590625 0.665625 0.259375 0.665625
0 0.109375 0.446875 0.340625 0.446875 0.340625 0.653125 0.109375 0.653125
0 0.0 0.396875 0.253125 0.396875 0.253125 0.653125 0.0 0.653125
0 0.546875 0.209375 0.965625 0.209375 0.965625 0.490625 0.546875 0.490625
