0 0.309375 0.0 0.653125 0.0 0.653125 0.403125 0.309375 0.403125
0 0.809375 0.346875 1.0 0.346875 1.0 0.653125 0.809375 0.653125
0 0.0 0.0 0.253125 0.0 0.253125 0.365625 0.0 0.365625
0 0.646875 0.0 1.0 0.0 1.0 0.415625 0.646875 0.415625
0 0.934375 0.971875 1.0 0.971875 1.0 1.0 0.934375 1.0
0 0.484375 0.471875 0.978125 0.471875 0.978125 0.940625 0.484375 0.940625
0 0.246875 0.296875 0.478125 0.296875 0.478125 0.515625 0.246875 0.515625
0 0.0 0.421875 0.015625 0.421875 0.015625 0.453125 0.0 0.453125
0 0.0 0.284375 0.053125 0.284375 0.053125 0.515625 0.0 0.515625
0 0.259375 0.896875 0.478125 0.896875 0.478125 1.0 0.259375 1.0
0 0.0 0.296875 0.253125 0.296875 0.253125 0.565625 0.0 0.565625
0 0.496875 0.0 0.865625 0.0 0.865625 0.265625 0.496875 0.265625
