0 0.0 0.384375 0.303125 0.384375 0.303125 0.728125 0.0 0.728125
0 0.484375 0.0 0.903125 0.0 0.903125 0.203125 0.484375 0.203125
0 0.546875 0.846875 0.865625 0.846875 0.865625 1.0 0.546875 1.0
0 0.171875 0.471875 0.565625 0.471875 0.565625 0.803125 0.171875 0.803125
0 0.921875 0.934375 1.0 0.934375 1.0 1.0 0.921875 1.0
0 0.0 0.021875 0.153125 0.021875 0.153125 0.290625 0.0 0.290625
0 0.0 0.284375 0.040625 0.284375 0.040625 0.403125 0.0 0.403125
0 0.396875 0.284375 0.915625 0.284375 0.915625 0.640625 0.396875 0.640625
0 0.146875 0.246875 0.540625 0.246875 0.540625 0.553125 0.146875 0.553125
0 0.0 0.0 0.040625 0.0 0.040625 0.128125 0.0 0.128125
