0 0.621875 0.0 0.903125 0.0 0.903125 0.078125 0.621875 0.078125
0 0.459375 0.071875 0.790625 0.071875 0.790625 0.353125 0.459375 0.353125
0 0.946875 0.984375 0.978125 0.984375 0.978125 1.0 0.946875 1.0
0 0.0 0.496875 0.240625 0.496875 0.240625 0.765625 0.0 0.765625
0 0.571875 0.571875 0.903125 0.571875 0.903125 0.990625 0.571875 0.990625
0 0.0 0.134375 0.178125 0.134375 0.178125 0.340625 0.0 0.340625
0 0.346875 0.221875 0.715625 0.221875 0.715625 0.553125 0.346875 0.553125
0 0.684375 0.921875 0.828125 0.921875 0.828125 1.0 0.684375 1.0
0 0.0 0.0 0.128125 0.0 0.128125 0.115625 0.0 0.115625
0 0.084375 0.171875 0.315625 0.171875 0.315625 0.440625 0.084375 0.440625
0 0.334375 0.659375 0.628125 0.659375 0.628125 0.890625 0.334375 0.890625
0 0.359375 0.559375 0.628125 0.559375 0.628125 0.728125 0.359375 0.728125
0 0.309375 0.0 0.640625 0.0 0.640625 0.215625 0.309375 0.215625
0 0.109375 0.309375 0.390625 0.309375 0.390625 0.590625 0.109375 0.590625
0 0.721875 0.396875 1.0 0.396875 1.0 0.653125 0.721875 0.653125
0 0.459375 0.509375 0.678125 0.509375 0.678125 0.678125 0.459375 0.678125
