0 0.184375 0.296875 0.515625 0.296875 0.515625 0.615625 0.184375 0.615625
0 0.0 0.559375 0.153125 0.559375 0.153125 0.865625 0.0 0.865625
0 0.271875 0.696875 0.628125 0.696875 0.628125 1.0 0.271875 1.0
0 0.0 0.434375 0.065625 0.434375 0.065625 0.615625 0.0 0.615625
0 0.0 0.921875 0.165625 0.921875 0.165625 1.0 0.0 1.0
0 0.546875 0.0 0.753125 0.0 0.753125 0.190625 0.546875 0.190625
0 0.671875 0.234375 0.915625 0.234375 0.915625 0.440625 0.671875 0.440625
0 0.359375 0.196875 0.703125 0.196875 0.703125 0.490625 0.359375 0.490625
0 0.0 0.771875 0.140625 0.771875 0.140625 1.0 0.0 1.0
0 0.434375 0.196875 0.778125 0.196875 0.778125 0.528125 0.434375 0.528125
0 0.271875 0.0 0.703125 0.0 0.703125 0.240625 0.271875 0.240625
0 0.321875 0.309375 0.528125 0.309375 0.528125 0.453125 0.321875 0.453125
0 0.0 0.234375 0.090625 0.234375 0.090625 0.453125 0.0 0.453125
