0 0.0 0.696875 0.240625 0.696875 0.240625 0.928125 0.0 0.928125
0 0.0 0.059375 0.215625 0.059375 0.215625 0.353125 0.0 0.353125
0 0.834375 0.971875 0.878125 0.971875 0.878125 1.0 0.834375 1.0
0 0.396875 0.934375 0.490625 0.934375 0.490625 1.0 0.396875 1.0
0 0.471875 0.659375 0.815625 0.659375 0.815625 0.940625 0.471875 0.940625
0 0.0 0.884375 0.303125 0.884375 0.303125 1.0 0.0 1.0
0 0.159375 0.746875 0.465625 0.746875 0.465625 1.0 0.159375 1.0
0 0.184375 0.634375 0.453125 0.634375 0.453125 0.815625 0.184375 0.815625
0 0.671875 0.021875 0.878125 0.021875 0.878125 0.178125 0.671875 0.178125
0 0.196875 0.234375 0.378125 0.234375 0.378125 0.428125 0.196875 0.428125
0 0.146875 0.021875 0.390625 0.021875 0.390625 0.290625 0.146875 0.290625
0 0.496875 0.934375 0.653125 0.934375 0.653125 1.0 0.496875 1.0
0 0.759375 0.746875 1.0 0.746875 1.0 0.928125 0.759375 0.928125
0 0.684375 0.859375 1.0 0.859375 1.0 1.0 0.684375 1.0
0 0.759375 0.721875 0.965625 0.721875 0.965625 0.903125 0.759375 0.903125
