0 0.684375 0.184375 1.0 0.184375 1.0 0.553125 0.684375 0.553125
0 0.734375 0.446875 1.0 0.446875 1.0 0.778125 0.734375 0.778125
0 0.159375 0.309375 0.465625 0.309375 0.465625 0.565625 0.159375 0.565625
0 0.0 0.584375 0.028125 0.584375 0.028125 0.628125 0.0 0.628125
0 0.0 0.346875 0.253125 0.346875 0.253125 0.615625 0.0 0.615625
0 0.184375 0.659375 0.478125 0.659375 0.478125 0.928125 0.184375 0.928125
0 0.346875 0.0 0.628125 0.0 0.628125 0.115625 0.346875 0.115625
0 0.646875 0.0 0.978125 0.0 0.978125 0.153125 0.646875 0.153125
0 0.109375 0.859375 0.340625 0.859375 0.340625 1.0 0.109375 1.0
0 0.784375 0.946875 0.890625 0.946875 0.890625 1.0 0.784375 1.0
0 0.246875 0.484375 0.590625 0.484375 0.590625 0.715625 0.246875 0.715625
0 0.384375 0.521875 0.728125 0.521875 0.728125 0.790625 0.384375 0.790625
0 0.609375 0.521875 0.815625 0.521875 0.815625 0.765625 0.609375 0.765625
0 0.0 0.909375 0.090625 0.909375 0.090625 1.0 0.0 1.0
0 0.0 0.0 0.203125 0.0 0.203125 0.240625 0.0 0.240625
