0 0.496875 0.359375 0.828125 0.359375 0.828125 0.640625 0.496875 0.640625
0 0.571875 0.971875 0.703125 0.971875 0.703125 1.0 0.571875 1.0
0 0.571875 0.084375 0.990625 0.084375 0.990625 0.515625 0.571875 0.515625
0 0.0 0.796875 0.365625 0.796875 0.365625 1.0 0.0 1.0
0 0.559375 0.609375 0.840625 0.609375 0.840625 0.890625 0.559375 0.890625
0 0.459375 0.659375 0.815625 0.659375 0.815625 0.940625 0.459375 0.940625
0 0.0 0.621875 0.103125 0.621875 0.103125 0.890625 0.0 0.890625
0 0.759375 0.609375 0.928125 0.609375 0.928125 0.878125 0.759375 0.878125
0 0.209375 0.009375 0.415625 0.009375 0.415625 0.240625 0.209375 0.240625
0 0.596875 0.0 0.978125 0.0 0.978125 0.190625 0.596875 0.190625
0 0.796875 0.021875 1.0 0.021875 1.0 0.315625 0.796875 0.315625
0 0.0 0.0 0.303125 0.0 0.303125 0.365625 0.0 0.365625
0 0.684375 0.884375 1.0 0.884375 1.0 1.0 0.684375 1.0
0 0.196875 0.271875 0.628125 0.271875 0.628125 0.540625 0.196875 0.540625
