0 0.0 0.934375 0.215625 0.934375 0.215625 1.0 0.0 1.0
0 0.021875 0.609375 0.328125 0.609375 0.328125 0.915625 0.021875 0.915625
0 0.296875 0.921875 0.465625 0.921875 0.465625 1.0 0.296875 1.0
0 0.284375 0.634375 0.640625 0.634375 0.640625 0.915625 0.284375 0.915625
0 0.0 0.584375 0.140625 0.584375 0.140625 0.790625 0.0 0.790625
0 0.021875 0.809375 0.328125 0.809375 0.328125 1.0 0.021875 1.0
0 0.609375 0.859375 0.890625 0.859375 0.890625 1.0 0.609375 1.0
0 0.0 0.371875 0.103125 0.371875 0.103125 0.590625 0.0 0.590625
0 0.559375 0.134375 0.878125 0.134375 0.878125 0.428125 0.559375 0.428125
0 0.021875 0.184375 0.303125 0.184375 0.303125 0.453125 0.021875 0.453125
0 0.309375 0.471875 0.615625 0.471875 0.615625 0.728125 0.309375 0.728125
0 0.321875 0.0 0.565625 0.0 0.565625 0.203125 0.321875 0.203125
0 0.546875 0.421875 0.815625 0.421875 0.815625 0.678125 0.546875 0.678125
