0 0.259375 0.959375 0.465625 0.959375 0.465625 1.0 0.259375 1.0
0 0.359375 0.646875 0.565625 0.646875 0.565625 0.915625 0.359375 0.915625
0 0.046875 0.271875 0.353125 0.271875 0.353125 0.528125 0.046875 0.528125
0 0.809375 0.559375 1.0 0.559375 1.0 0.903125 0.809375 0.903125
0 0.0 0.221875 0.190625 0.221875 0.190625 0.578125 0.0 0.578125
0 0.0 0.921875 0.053125 0.921875 0.053125 1.0 0.0 1.0
0 0.234375 0.0 0.503125 0.0 0.503125 0.215625 0.234375 0.215625
0 0.709375 0.159375 0.990625 0.159375 0.990625 0.453125 0.709375 0.453125
0 0.034375 0.859375 0.278125 0.859375 0.278125 1.0 0.034375 1.0
0 0.596875 0.446875 0.878125 0.446875 0.878125 0.690625 0.596875 0.690625
0 0.0 0.584375 0.253125 0.584375 0.253125 0.828125 0.0 0.828125
0 0.484375 0.334375 0.740625 0.334375 0.740625 0.528125 0.484375 0.528125
0 0.646875 0.934375 0.865625 0.934375 0.865625 1.0 0.646875 1.0
0 0.0 0.771875 0.065625 0.771875 0.065625 0.878125 0.0 0.878125
0 0.321875 0.259375 0.653125 0.259375 0.653125 0.528125 0.321875 0.528125
0 0.521875 0.609375 0.828125 0.609375 0.828125 0.815625 0.521875 0.815625
0 0.784375 0.096875 1.0 0.096875 1.0 0.303125 0.784375 0.303125
0 0.359375 0.484375 0.715625 0.484375 0.715625 0.690625 0.359375 0.690625
0 0.0 0.0 0.140625 0.0 0.140625 0.228125 0.0 0.228125
0 0.596875 0.721875 0.965625 0.721875 0.965625 0.965625 0.596875 0.965625
0 0.496875 0.734375 0.715625 0.734375 0.715625 0.928125 0.496875 0.928125
0 0.134375 0.734375 0.440625 0.734375 0.440625 0.953125 0.134375 0.953125
0 0.421875 0.884375 0.678125 0.884375 0.678125 1.0 0.421875 1.0
