0 0.284375 0.396875 0.540625 0.396875 0.540625 0.878125 0.284375 0.878125
0 0.346875 0.634375 0.815625 0.634375 0.815625 1.0 0.346875 1.0
0 0.121875 0.434375 0.528125 0.434375 0.528125 0.815625 0.121875 0.815625
0 0.596875 0.159375 1.0 0.159375 1.0 0.528125 0.596875 0.528125
0 0.296875 0.0 0.828125 0.0 0.828125 0.315625 0.296875 0.315625
0 0.646875 0.559375 1.0 0.559375 1.0 0.940625 0.646875 0.940625
0 0.0 0.321875 0.153125 0.321875 0.153125 0.528125 0.0 0.528125
0 0.759375 0.0 1.0 0.0 1.0 0.090625 0.759375 0.090625
0 0.0 0.209375 0.278125 0.209375 0.278125 0.465625 0.0 0.465625
0 0.184375 0.121875 0.403125 0.121875 0.403125 0.390625 0.184375 0.390625
0 0.184375 0.846875 0.553125 0.846875 0.553125 1.0 0.184375 1.0
0 0.0 0.871875 0.103125 0.871875 0.103125 1.0 0.0 1.0
0 0.446875 0.484375 0.728125 0.484375 0.728125 0.790625 0.446875 0.790625
