0 0.159375 0.346875 0.315625 0.346875 0.315625 0.503125 0.159375 0.503125
0 0.821875 0.796875 1.0 0.796875 1.0 1.0 0.821875 1.0
0 0.859375 0.971875 0.965625 0.971875 0.965625 1.0 0.859375 1.0
0 0.0 0.321875 0.115625 0.321875 0.115625 0.503125 0.0 0.503125
0 0.396875 0.0 0.703125 0.0 0.703125 0.215625 0.396875 0.215625
0 0.584375 0.721875 0.915625 0.721875 0.915625 1.0 0.584375 1.0
0 0.246875 0.584375 0.515625 0.584375 0.515625 0.765625 0.246875 0.765625
0 0.0 0.496875 0.178125 0.496875 0.178125 0.790625 0.0 0.790625
0 0.059375 0.446875 0.278125 0.446875 0.278125 0.653125 0.059375 0.653125
0 0.584375 0.096875 0.878125 0.096875 0.878125 0.365625 0.584375 0.365625
0 0.609375 0.0 0.853125 0.0 0.853125 0.153125 0.609375 0.153125
0 0.534375 0.934375 0.728125 0.934375 0.728125 1.0 0.534375 1.0
0 0.059375 0.746875 0.303125 0.746875 0.303125 1.0 0.059375 1.0
0 0.0 0.0 0.165625 0.0 0.165625 0.240625 0.0 0.240625
0 0.196875 0.709375 0.428125 0.709375 0.428125 0.903125 0.196875 0.903125
0 0.046875 0.0 0.290625 0.0 0.290625 0.303125 0.046875 0.303125
