0 0.421875 0.296875 0.740625 0.296875 0.740625 0.603125 0.421875 0.603125
0 0.134375 0.659375 0.328125 0.659375 0.328125 0.903125 0.134375 0.903125
0 0.496875 0.946875 0.628125 0.946875 0.628125 1.0 0.496875 1.0
0 0.0 0.696875 0.040625 0.696875 0.040625 0.753125 0.0 0.753125
0 0.496875 0.071875 0.740625 0.071875 0.740625 0.315625 0.496875 0.315625
0 0.234375 0.821875 0.503125 0.821875 0.503125 1.0 0.234375 1.0
0 0.0 0.934375 0.065625 0.934375 0.065625 1.0 0.0 1.0
0 0.0 0.021875 0.040625 0.021875 0.040625 0.140625 0.0 0.140625
0 0.271875 0.259375 0.428125 0.259375 0.428125 0.415625 0.271875 0.415625
0 0.0 0.134375 0.065625 0.134375 0.065625 0.328125 0.0 0.328125
0 0.534375 0.559375 0.803125 0.559375 0.803125 0.765625 0.534375 0.765625
0 0.034375 0.059375 0.253125 0.059375 0.253125 0.315625 0.034375 0.315625
0 0.109375 0.146875 0.365625 0.146875 0.365625 0.403125 0.109375 0.403125
0 0.646875 0.959375 0.690625 0.959375 0.690625 1.0 0.646875 1.0
0 0.021875 0.909375 0.215625 0.909375 0.215625 1.0 0.021875 1.0
