0 0.159375 0.0 0.440625 0.0 0.440625 0.140625 0.159375 0.140625
0 0.584375 0.0 0.915625 0.0 0.915625 0.215625 0.584375 0.215625
0 0.0 0.584375 0.203125 0.584375 0.203125 0.903125 0.0 0.903125
0 0.659375 0.959375 0.790625 0.959375 0.790625 1.0 0.659375 1.0
0 0.709375 0.609375 0.990625 0.609375 0.990625 0.878125 0.709375 0.878125
0 0.271875 0.521875 0.565625 0.521875 0.565625 0.815625 0.271875 0.815625
0 0.0 0.484375 0.015625 0.484375 0.015625 0.528125 0.0 0.528125
0 0.159375 0.784375 0.403125 0.784375 0.403125 1.0 0.159375 1.0
0 0.171875 0.359375 0.340625 0.359375 0.340625 0.565625 0.171875 0.565625
0 0.371875 0.846875 0.540625 0.846875 0.540625 1.0 0.371875 1.0
0 0.134375 0.709375 0.315625 0.709375 0.315625 0.915625 0.134375 0.915625
0 0.346875 0.009375 0.653125 0.009375 0.653125 0.278125 0.346875 0.278125
0 0.0 0.321875 0.128125 0.321875 0.128125 0.528125 0.0 0.528125
0 0.0 0.746875 0.015625 0.746875 0.015625 0.790625 0.0 0.790625
0 0.659375 0.271875 1.0 0.271875 1.0 0.515625 0.659375 0.515625
0 0.0 0.884375 0.140625 0.884375 0.140625 1.0 0.0 1.0
