0 0.571875 0.0 0.928125 0.0 0.928125 0.278125 0.571875 0.278125
0 0.321875 0.121875 0.690625 0.121875 0.690625 0.403125 0.321875 0.403125
0 0.584375 0.934375 0.728125 0.934375 0.728125 1.0 0.584375 1.0
0 0.784375 0.296875 1.0 0.296875 1.0 0.640625 0.784375 0.640625
0 0.0 0.009375 0.315625 0.009375 0.315625 0.428125 0.0 0.428125
0 0.321875 0.0 0.565625 0.0 0.565625 0.203125 0.321875 0.203125
0 0.0 0.884375 0.253125 0.884375 0.253125 1.0 0.0 1.0
0 0.346875 0.396875 0.753125 0.396875 0.753125 0.778125 0.346875 0.778125
0 0.646875 0.659375 0.990625 0.659375 0.990625 0.965625 0.646875 0.965625
0 0.809375 0.659375 1.0 0.659375 1.0 0.915625 0.809375 0.915625
0 0.0 0.484375 0.140625 0.484375 0.140625 0.703125 0.0 0.703125
0 0.034375 0.509375 0.328125 0.509375 0.328125 0.803125 0.034375 0.803125
0 0.196875 0.809375 0.440625 0.809375 0.440625 1.0 0.196875 1.0
0 0.496875 0.0 0.703125 0.0 0.703125 0.140625 0.496875 0.140625
0 0.734375 0.521875 1.0 0.521875 1.0 0.715625 0.734375 0.715625
