0 0.0 0.946875 0.090625 0.946875 0.090625 1.0 0.0 1.0
0 0.546875 0.259375 0.853125 0.259375 0.853125 0.515625 0.546875 0.515625
0 0.096875 0.621875 0.453125 0.621875 0.453125 0.915625 0.096875 0.915625
0 0.696875 0.384375 0.990625 0.384375 0.990625 0.628125 0.696875 0.628125
0 0.196875 0.421875 0.453125 0.421875 0.453125 0.678125 0.196875 0.678125
0 0.384375 0.759375 0.540625 0.759375 0.540625 0.940625 0.384375 0.940625
0 0.021875 0.546875 0.303125 0.546875 0.303125 0.728125 0.021875 0.728125
0 0.421875 0.584375 0.778125 0.584375 0.778125 0.803125 0.421875 0.803125
0 0.434375 0.759375 0.753125 0.759375 0.753125 0.990625 0.434375 0.990625
0 0.021875 0.846875 0.215625 0.846875 0.215625 1.0 0.021875 1.0
