0 0.0 0.084375 0.190625 0.084375 0.190625 0.515625 0.0 0.515625
0 0.221875 0.834375 0.515625 0.834375 0.515625 1.0 0.221875 1.0
0 0.771875 0.109375 1.0 0.109375 1.0 0.353125 0.771875 0.353125
0 0.584375 0.784375 1.0 0.784375 1.0 1.0 0.584375 1.0
0 0.446875 0.0 0.815625 0.0 0.815625 0.340625 0.446875 0.340625
0 0.009375 0.571875 0.428125 0.571875 0.428125 1.0 0.009375 1.0
0 0.246875 0.009375 0.515625 0.009375 0.515625 0.290625 0.246875 0.290625
0 0.0 0.009375 0.103125 0.009375 0.103125 0.140625 0.0 0.140625
0 0.396875 0.896875 0.590625 0.896875 0.590625 1.0 0.396875 1.0
0 0.071875 0.146875 0.353125 0.146875 0.353125 0.528125 0.071875 0.528125
0 0.109375 0.0 0.440625 0.0 0.440625 0.203125 0.109375 0.203125
0 0.734375 0.0 1.0 0.0 1.0 0.103125 0.734375 0.103125
