0 0.521875 0.571875 0.890625 0.571875 0.890625 0.978125 0.521875 0.978125
0 0.746875 0.934375 0.940625 0.934375 0.940625 1.0 0.746875 1.0
0 0.796875 0.334375 1.0 0.334375 1.0 0.578125 0.796875 0.578125
0 0.284375 0.859375 0.628125 0.859375 0.628125 1.0 0.284375 1.0
0 0.771875 0.0 1.0 0.0 1.0 0.153125 0.771875 0.153125
0 0.246875 0.196875 0.415625 0.196875 0.415625 0.415625 0.246875 0.415625
0 0.146875 0.0 0.378125 0.0 0.378125 0.178125 0.146875 0.178125
0 0.0 0.484375 0.265625 0.484375 0.265625 0.790625 0.0 0.790625
0 0.784375 0.671875 1.0 0.671875 1.0 0.915625 0.784375 0.915625
0 0.184375 0.671875 0.590625 0.671875 0.590625 0.953125 0.184375 0.953125
0 0.034375 0.084375 0.403125 0.084375 0.403125 0.390625 0.034375 0.390625
0 0.809375 0.559375 1.0 0.559375 1.0 0.840625 0.809375 0.840625
0 0.0 0.0 0.203125 0.0 0.203125 0.240625 0.0 0.240625
0 0.196875 0.484375 0.578125 0.484375 0.578125 0.728125 0.196875 0.728125
0 0.0 0.284375 0.215625 0.284375 0.215625 0.540625 0.0 0.540625
