0 0.546875 0.259375 0.940625 0.259375 0.940625 0.528125 0.546875 0.528125
0 0.171875 0.621875 0.465625 0.621875 0.465625 1.0 0.171875 1.0
0 0.359375 0.621875 0.640625 0.621875 0.640625 0.965625 0.359375 0.965625
0 0.471875 0.0 0.828125 0.0 0.828125 0.265625 0.471875 0.265625
0 0.0 0.796875 0.178125 0.796875 0.178125 1.0 0.0 1.0
0 0.446875 0.509375 0.778125 0.509375 0.778125 0.753125 0.446875 0.753125
0 0.834375 0.584375 1.0 0.584375 1.0 0.853125 0.834375 0.853125
0 0.0 0.409375 0.303125 0.409375 0.303125 0.665625 0.0 0.665625
0 0.621875 0.759375 0.890625 0.759375 0.890625 1.0 0.621875 1.0
0 0.709375 0.546875 0.990625 0.546875 0.990625 0.815625 0.709375 0.815625
0 0.221875 0.284375 0.515625 0.284375 0.515625 0.553125 0.221875 0.553125
0 0.046875 0.684375 0.278125 0.684375 0.278125 0.878125 0.046875 0.878125
0 0.434375 0.909375 0.765625 0.909375 0.765625 1.0 0.434375 1.0
0 0.609375 0.459375 0.828125 0.459375 0.828125 0.653125 0.609375 0.653125
0 0.0 0.334375 0.265625 0.334375 0.265625 0.578125 0.0 0.578125
