0 0.734375 0.709375 1.0 0.709375 1.0 0.965625 0.734375 0.965625
0 0.0 0.221875 0.240625 0.221875 0.240625 0.465625 0.0 0.465625
0 0.109375 0.021875 0.428125 0.021875 0.428125 0.315625 0.109375 0.315625
0 0.259375 0.896875 0.565625 0.896875 0.565625 1.0 0.259375 1.0
0 0.684375 0.484375 1.0 0.484375 1.0 0.778125 0.684375 0.778125
0 0.259375 0.559375 0.528125 0.559375 0.528125 0.815625 0.259375 0.815625
0 0.496875 0.146875 0.765625 0.146875 0.765625 0.365625 0.496875 0.365625
0 0.371875 0.684375 0.603125 0.684375 0.603125 0.928125 0.371875 0.928125
0 0.084375 0.434375 0.353125 0.434375 0.353125 0.678125 0.084375 0.678125
0 0.0 0.634375 0.203125 0.634375 0.203125 0.890625 0.0 0.890625
0 0.596875 0.071875 0.840625 0.071875 0.840625 0.328125 0.596875 0.328125
0 0.0 0.596875 0.078125 0.596875 0.078125 0.790625 0.0 0.790625
0 0.309375 0.0 0.578125 0.0 0.578125 0.215625 0.309375 0.215625
0 0.484375 0.584375 0.715625 0.584375 0.715625 0.840625 0.484375 0.840625
0 0.0 0.646875 0.015625 0.646875 0.015625 0.678125 0.0 0.678125
0 0.809375 0.971875 0.878125 0.971875 0.878125 1.0 0.809375 1.0
