0 0.0 0.921875 0.065625 0.921875 0.065625 1.0 0.0 1.0
0 0.446875 0.634375 0.690625 0.634375 0.690625 0.803125 0.446875 0.803125
0 0.0 0.009375 0.315625 0.009375 0.315625 0.378125 0.0 0.378125
0 0.021875 0.459375 0.340625 0.459375 0.340625 0.778125 0.021875 0.778125
0 0.334375 0.0 0.628125 0.0 0.628125 0.278125 0.334375 0.278125
0 0.571875 0.421875 0.865625 0.421875 0.865625 0.728125 0.571875 0.728125
0 0.334375 0.434375 0.615625 0.434375 0.615625 0.690625 0.334375 0.690625
0 0.559375 0.171875 0.865625 0.171875 0.865625 0.453125 0.559375 0.453125
0 0.309375 0.809375 0.603125 0.809375 0.603125 1.0 0.309375 1.0
0 0.384375 0.759375 0.665625 0.759375 0.665625 1.0 0.384375 1.0
0 0.596875 0.946875 0.740625 0.946875 0.740625 1.0 0.596875 1.0
0 0.684375 0.834375 1.0 0.834375 1.0 1.0 0.684375 1.0
0 0.771875 0.534375 1.0 0.534375 1.0 0.740625 0.771875 0.740625
