0 0.0 0.159375 0.265625 0.159375 0.265625 0.628125 0.0 0.628125
0 0.0 0.796875 0.440625 0.796875 0.440625 1.0 0.0 1.0
0 0.0 0.0 0.353125 0.0 0.353125 0.365625 0.0 0.365625
0 0.546875 0.709375 0.953125 0.709375 0.953125 1.0 0.546875 1.0
0 0.621875 0.596875 1.0 0.596875 1.0 0.978125 0.621875 0.978125
0 0.0 0.021875 0.103125 0.021875 0.103125 0.203125 0.0 0.203125
0 0.0 0.659375 0.103125 0.659375 0.103125 0.953125 0.0 0.953125
0 0.571875 0.321875 0.915625 0.321875 0.915625 0.753125 0.571875 0.753125
0 0.0 0.0 0.065625 0.0 0.065625 0.053125 0.0 0.053125
0 0.259375 0.396875 0.678125 0.396875 0.678125 0.815625 0.259375 0.815625
0 0.409375 0.0 0.890625 0.0 0.890625 0.253125 0.409375 0.253125
0 0.171875 0.396875 0.378125 0.396875 0.378125 0.640625 0.171875 0.640625
0 0.796875 0.421875 0.978125 0.421875 0.978125 0.640625 0.796875 0.640625
0 0.309375 0.721875 0.653125 0.721875 0.653125 1.0 0.309375 1.0
0 0.0 0.809375 0.015625 0.809375 0.015625 0.840625 0.0 0.840625
0 0.184375 0.184375 0.540625 0.184375 0.540625 0.528125 0.184375 0.528125
