0 0.0 0.134375 0.015625 0.134375 0.015625 0.153125 0.0 0.153125
0 0.184375 0.0 0.515625 0.0 0.515625 0.228125 0.184375 0.228125
0 0.134375 0.709375 0.428125 0.709375 0.428125 0.978125 0.134375 0.978125
0 0.559375 0.359375 0.865625 0.359375 0.865625 0.628125 0.559375 0.628125
0 0.684375 0.796875 0.915625 0.796875 0.915625 0.965625 0.684375 0.965625
0 0.0 0.471875 0.028125 0.471875 0.028125 0.590625 0.0 0.590625
0 0.421875 0.659375 0.740625 0.659375 0.740625 0.890625 0.421875 0.890625
0 0.159375 0.946875 0.390625 0.946875 0.390625 1.0 0.159375 1.0
0 0.371875 0.946875 0.465625 0.946875 0.465625 1.0 0.371875 1.0
0 0.359375 0.784375 0.678125 0.784375 0.678125 1.0 0.359375 1.0
