0 0.0 0.834375 0.290625 0.834375 0.290625 1.0 0.0 1.0
0 0.0 0.946875 0.040625 0.946875 0.040625 1.0 0.0 1.0
0 0.359375 0.0 0.753125 0.0 0.753125 0.378125 0.359375 0.378125
0 0.446875 0.384375 0.840625 0.384375 0.840625 0.765625 0.446875 0.765625
0 0.0 0.034375 0.140625 0.034375 0.140625 0.340625 0.0 0.340625
0 0.0 0.359375 0.253125 0.359375 0.253125 0.565625 0.0 0.565625
0 0.196875 0.809375 0.515625 0.809375 0.515625 1.0 0.196875 1.0
0 0.359375 0.109375 0.940625 0.109375 0.940625 0.465625 0.359375 0.465625
0 0.109375 0.709375 0.528125 0.709375 0.528125 0.940625 0.109375 0.940625
0 0.596875 0.0 0.978125 0.0 0.978125 0.215625 0.596875 0.215625
0 0.734375 0.921875 0.940625 0.921875 0.940625 1.0 0.734375 1.0
