0 0.0 0.796875 0.140625 0.796875 0.140625 0.990625 0.0 0.990625
0 0.296875 0.771875 0.590625 0.771875 0.590625 1.0 0.296875 1.0
0 0.109375 0.096875 0.403125 0.096875 0.403125 0.428125 0.109375 0.428125
0 0.846875 0.121875 1.0 0.121875 1.0 0.340625 0.846875 0.340625
0 0.0 0.484375 0.128125 0.484375 0.128125 0.653125 0.0 0.653125
0 0.159375 0.559375 0.365625 0.559375 0.365625 0.765625 0.159375 0.765625
0 0.0 0.346875 0.128125 0.346875 0.128125 0.565625 0.0 0.565625
0 0.0 0.0 0.178125 0.0 0.178125 0.153125 0.0 0.153125
0 0.459375 0.884375 0.640625 0.884375 0.640625 1.0 0.459375 1.0
0 0.559375 0.884375 0.828125 0.884375 0.828125 1.0 0.559375 1.0
0 0.734375 0.734375 1.0 0.734375 1.0 1.0 0.734375 1.0
0 0.0 0.646875 0.253125 0.646875 0.253125 0.890625 0.0 0.890625
