0 0.0 0.084375 0.040625 0.084375 0.040625 0.153125 0.0 0.153125
0 0.346875 0.484375 0.628125 0.484375 0.628125 0.778125 0.346875 0.778125
0 0.184375 0.096875 0.465625 0.096875 0.465625 0.353125 0.184375 0.353125
0 0.159375 0.396875 0.440625 0.396875 0.440625 0.653125 0.159375 0.653125
0 0.0 0.0 0.153125 0.0 0.153125 0.240625 0.0 0.240625
0 0.521875 0.646875 0.715625 0.646875 0.715625 0.878125 0.521875 0.878125
0 0.0 0.771875 0.128125 0.771875 0.128125 0.940625 0.0 0.940625
0 0.096875 0.771875 0.315625 0.771875 0.315625 0.915625 0.096875 0.915625
0 0.459375 0.171875 0.665625 0.171875 0.665625 0.315625 0.459375 0.315625
0 0.0 0.771875 0.028125 0.771875 0.028125 0.853125 0.0 0.853125
0 0.609375 0.559375 0.903125 0.559375 0.903125 0.728125 0.609375 0.728125
0 0.459375 0.0 0.703125 0.0 0.703125 0.203125 0.459375 0.203125
0 0.446875 0.334375 0.778125 0.334375 0.778125 0.553125 0.446875 0.553125
0 0.159375 0.296875 0.378125 0.296875 0.378125 0.465625 0.159375 0.465625
0 0.621875 0.671875 0.853125 0.671875 0.853125 0.865625 0.621875 0.865625
