0 0.459375 0.0 0.778125 0.0 0.778125 0.253125 0.459375 0.253125
0 0.084375 0.809375 0.328125 0.809375 0.328125 1.0 0.084375 1.0
0 0.634375 0.171875 0.903125 0.171875 0.903125 0.428125 0.634375 0.428125
0 0.034375 0.621875 0.265625 0.621875 0.265625 0.828125 0.034375 0.828125
0 0.509375 0.584375 0.765625 0.584375 0.765625 0.803125 0.509375 0.803125
0 0.171875 0.0 0.428125 0.0 0.428125 0.178125 0.171875 0.178125
0 0.184375 0.734375 0.390625 0.734375 0.390625 0.965625 0.184375 0.965625
0 0.271875 0.971875 0.365625 0.971875 0.365625 1.0 0.271875 1.0
0 0.596875 0.696875 0.815625 0.696875 0.815625 0.828125 0.596875 0.828125
0 0.434375 0.896875 0.690625 0.896875 0.690625 1.0 0.434375 1.0
0 0.071875 0.309375 0.253125 0.309375 0.253125 0.478125 0.071875 0.478125
0 0.0 0.871875 0.028125 0.871875 0.028125 0.903125 0.0 0.903125
0 0.546875 0.521875 0.865625 0.521875 0.865625 0.703125 0.546875 0.703125
0 0.446875 0.971875 0.478125 0.971875 0.478125 1.0 0.446875 1.0
