0 0.734375 0.384375 1.0 0.384375 1.0 0.615625 0.734375 0.615625
0 0.0 0.0 0.203125 0.0 0.203125 0.265625 0.0 0.265625
0 0.0 0.159375 0.340625 0.159375 0.340625 0.440625 0.0 0.440625
0 0.696875 0.0 1.0 0.0 1.0 0.190625 0.696875 0.190625
0 0.034375 0.871875 0.328125 0.871875 0.328125 1.0 0.034375 1.0
0 0.059375 0.746875 0.390625 0.746875 0.390625 1.0 0.059375 1.0
0 0.221875 0.546875 0.615625 0.546875 0.615625 0.840625 0.221875 0.840625
0 0.0 0.796875 0.140625 0.796875 0.140625 1.0 0.0 1.0
0 0.734375 0.171875 1.0 0.171875 1.0 0.465625 0.734375 0.465625
0 0.334375 0.009375 0.690625 0.009375 0.690625 0.340625 0.334375 0.340625
0 0.0 0.396875 0.303125 0.396875 0.303125 0.665625 0.0 0.665625
0 0.0 0.534375 0.140625 0.534375 0.140625 0.803125 0.0 0.803125
