0 0.296875 0.821875 0.640625 0.821875 0.640625 1.0 0.296875 1.0
0 0.0 0.371875 0.165625 0.371875 0.165625 0.703125 0.0 0.703125
0 0.0 0.171875 0.290625 0.171875 0.290625 0.490625 0.0 0.490625
0 0.171875 0.009375 0.590625 0.009375 0.590625 0.390625 0.171875 0.390625
0 0.496875 0.421875 0.865625 0.421875 0.865625 0.628125 0.496875 0.628125
0 0.259375 0.671875 0.540625 0.671875 0.540625 0.890625 0.259375 0.890625
0 0.621875 0.459375 0.915625 0.459375 0.915625 0.740625 0.621875 0.740625
0 0.509375 0.709375 0.803125 0.709375 0.803125 0.990625 0.509375 0.990625
0 0.771875 0.034375 1.0 0.034375 1.0 0.378125 0.771875 0.378125
0 0.771875 0.359375 1.0 0.359375 1.0 0.653125 0.771875 0.653125
0 0.359375 0.0 0.678125 0.0 0.678125 0.153125 0.359375 0.153125
0 0.759375 0.696875 1.0 0.696875 1.0 0.953125 0.759375 0.953125
0 0.159375 0.534375 0.565625 0.534375 0.565625 0.740625 0.159375 0.740625
0 0.496875 0.709375 0.865625 0.709375 0.865625 0.965625 0.496875 0.965625
0 0.234375 0.421875 0.565625 0.421875 0.565625 0.615625 0.234375 0.615625
0 0.0 0.084375 0.103125 0.084375 0.103125 0.353125 0.0 0.353125
