0 0.0 0.646875 0.065625 0.646875 0.065625 0.715625 0.0 0.715625
0 0.484375 0.0 0.953125 0.0 0.953125 0.265625 0.484375 0.265625
0 0.671875 0.859375 1.0 0.859375 1.0 1.0 0.671875 1.0
0 0.621875 0.284375 1.0 0.284375 1.0 0.890625 0.621875 0.890625
0 0.059375 0.0 0.415625 0.0 0.415625 0.115625 0.059375 0.115625
0 0.234375 0.246875 0.703125 0.246875 0.703125 0.653125 0.234375 0.653125
0 0.034375 0.559375 0.378125 0.559375 0.378125 0.878125 0.034375 0.878125
0 0.821875 0.0 1.0 0.0 1.0 0.228125 0.821875 0.228125
0 0.384375 0.809375 0.665625 0.809375 0.665625 1.0 0.384375 1.0
0 0.421875 0.334375 0.790625 0.334375 0.790625 0.615625 0.421875 0.615625
0 0.0 0.696875 0.265625 0.696875 0.265625 1.0 0.0 1.0
