0 0.396875 0.921875 0.590625 0.921875 0.590625 1.0 0.396875 1.0
0 0.609375 0.771875 0.915625 0.771875 0.915625 0.990625 0.609375 0.990625
0 0.496875 0.471875 0.815625 0.471875 0.815625 0.728125 0.496875 0.728125
0 0.159375 0.759375 0.540625 0.759375 0.540625 1.0 0.159375 1.0
0 0.0 0.284375 0.090625 0.284375 0.090625 0.503125 0.0 0.503125
0 0.146875 0.271875 0.428125 0.271875 0.428125 0.590625 0.146875 0.590625
0 0.471875 0.121875 0.690625 0.121875 0.690625 0.415625 0.471875 0.415625
0 0.284375 0.309375 0.515625 0.309375 0.515625 0.578125 0.284375 0.578125
0 0.659375 0.259375 0.928125 0.259375 0.928125 0.440625 0.659375 0.440625
0 0.221875 0.084375 0.378125 0.084375 0.378125 0.253125 0.221875 0.253125
0 0.696875 0.959375 0.840625 0.959375 0.840625 1.0 0.696875 1.0
0 0.209375 0.096875 0.553125 0.096875 0.553125 0.303125 0.209375 0.303125
0 0.009375 0.721875 0.328125 0.721875 0.328125 0.953125 0.009375 0.953125
0 0.0 0.559375 0.015625 0.559375 0.015625 0.603125 0.0 0.603125
0 0.0 0.871875 0.103125 0.871875 0.103125 1.0 0.0 1.0
0 0.609375 0.671875 1.0 0.671875 1.0 0.878125 0.609375 0.878125
