0 0.346875 0.409375 0.678125 0.409375 0.678125 0.678125 0.346875 0.678125
0 0.071875 0.559375 0.403125 0.559375 0.403125 0.815625 0.071875 0.815625
0 0.796875 0.434375 1.0 0.434375 1.0 0.665625 0.796875 0.665625
0 0.284375 0.284375 0.640625 0.284375 0.640625 0.590625 0.284375 0.590625
0 0.084375 0.209375 0.378125 0.209375 0.378125 0.515625 0.084375 0.515625
0 0.071875 0.0 0.390625 0.0 0.390625 0.228125 0.071875 0.228125
0 0.721875 0.796875 1.0 0.796875 1.0 1.0 0.721875 1.0
0 0.0 0.246875 0.165625 0.246875 0.165625 0.540625 0.0 0.540625
0 0.584375 0.234375 0.853125 0.234375 0.853125 0.528125 0.584375 0.528125
0 0.571875 0.184375 0.928125 0.184375 0.928125 0.415625 0.571875 0.415625
0 0.059375 0.721875 0.390625 0.721875 0.390625 0.965625 0.059375 0.965625
0 0.596875 0.046875 0.828125 0.046875 0.828125 0.240625 0.596875 0.240625
0 0.0 0.921875 0.153125 0.921875 0.153125 1.0 0.0 1.0
0 0.0 0.771875 0.115625 0.771875 0.115625 0.965625 0.0 0.965625
0 0.0 0.071875 0.053125 0.071875 0.053125 0.278125 0.0 0.278125
