0 0.134375 0.159375 0.465625 0.159375 0.465625 0.390625 0.134375 0.390625
0 0.496875 0.021875 0.728125 0.021875 0.728125 0.253125 0.496875 0.253125
0 0.696875 0.421875 0.978125 0.421875 0.978125 0.615625 0.696875 0.615625
0 0.259375 0.509375 0.578125 0.509375 0.578125 0.878125 0.259375 0.878125
0 0.584375 0.746875 0.878125 0.746875 0.878125 0.978125 0.584375 0.978125
0 0.571875 0.596875 0.903125 0.596875 0.903125 0.865625 0.571875 0.865625
0 0.796875 0.946875 0.915625 0.946875 0.915625 1.0 0.796875 1.0
0 0.0 0.259375 0.015625 0.259375 0.015625 0.278125 0.0 0.278125
0 0.359375 0.159375 0.565625 0.159375 0.565625 0.415625 0.359375 0.415625
0 0.121875 0.696875 0.403125 0.696875 0.403125 0.903125 0.121875 0.903125
0 0.034375 0.234375 0.228125 0.234375 0.228125 0.528125 0.034375 0.528125
0 0.696875 0.221875 0.940625 0.221875 0.940625 0.453125 0.696875 0.453125
0 0.021875 0.0 0.190625 0.0 0.190625 0.165625 0.021875 0.165625
0 0.596875 0.046875 0.853125 0.046875 0.853125 0.315625 0.596875 0.315625
0 0.0 0.309375 0.053125 0.309375 0.053125 0.490625 0.0 0.490625
0 0.0 0.634375 0.065625 0.634375 0.065625 0.828125 0.0 0.828125
0 0.0 0.534375 0.040625 0.534375 0.040625 0.628125 0.0 0.628125
0 0.434375 0.946875 0.540625 0.946875 0.540625 1.0 0.434375 1.0
0 0.171875 0.659375 0.353125 0.659375 0.353125 0.828125 0.171875 0.828125
0 0.046875 0.834375 0.315625 0.834375 0.315625 1.0 0.046875 1.0
