0 0.0 0.0 0.328125 0.0 0.328125 0.303125 0.0 0.303125
0 0.0 0.809375 0.153125 0.809375 0.153125 1.0 0.0 1.0
0 0.471875 0.621875 0.878125 0.621875 0.878125 0.953125 0.471875 0.953125
0 0.246875 0.409375 0.640625 0.409375 0.640625 0.790625 0.246875 0.790625
0 0.746875 0.0 1.0 0.0 1.0 0.178125 0.746875 0.178125
0 0.584375 0.0 0.828125 0.0 0.828125 0.278125 0.584375 0.278125
0 0.284375 0.759375 0.578125 0.759375 0.578125 0.990625 0.284375 0.990625
0 0.534375 0.446875 0.828125 0.446875 0.828125 0.690625 0.534375 0.690625
0 0.809375 0.334375 1.0 0.334375 1.0 0.628125 0.809375 0.628125
0 0.696875 0.859375 1.0 0.859375 1.0 1.0 0.696875 1.0
0 0.221875 0.709375 0.515625 0.709375 0.515625 0.878125 0.221875 0.878125
0 0.421875 0.0 0.728125 0.0 0.728125 0.278125 0.421875 0.278125
0 0.0 0.471875 0.178125 0.471875 0.178125 0.715625 0.0 0.715625
0 0.684375 0.334375 0.865625 0.334375 0.865625 0.565625 0.684375 0.565625
0 0.659375 0.071875 1.0 0.071875 1.0 0.365625 0.659375 0.365625
0 0.634375 0.721875 1.0 0.721875 1.0 0.965625 0.634375 0.965625
0 0.171875 0.0 0.503125 0.0 0.503125 0.315625 0.171875 0.315625
