0 0.0 0.159375 0.178125 0.159375 0.178125 0.353125 0.0 0.353125
0 0.0 0.834375 0.015625 0.834375 0.015625 0.865625 0.0 0.865625
0 0.0 0.734375 0.190625 0.734375 0.190625 1.0 0.0 1.0
0 0.746875 0.421875 0.965625 0.421875 0.965625 0.603125 0.746875 0.603125
0 0.346875 0.559375 0.665625 0.559375 0.665625 0.828125 0.346875 0.828125
0 0.771875 0.434375 1.0 0.434375 1.0 0.715625 0.771875 0.715625
0 0.359375 0.171875 0.665625 0.171875 0.665625 0.428125 0.359375 0.428125
0 0.734375 0.721875 1.0 0.721875 1.0 0.990625 0.734375 0.990625
0 0.109375 0.671875 0.328125 0.671875 0.328125 0.853125 0.109375 0.853125
0 0.071875 0.359375 0.278125 0.359375 0.278125 0.528125 0.071875 0.528125
0 0.634375 0.621875 0.853125 0.621875 0.853125 0.778125 0.634375 0.778125
0 0.521875 0.771875 0.703125 0.771875 0.703125 0.965625 0.521875 0.965625
0 0.146875 0.221875 0.353125 0.221875 0.353125 0.440625 0.146875 0.440625
0 0.109375 0.484375 0.428125 0.484375 0.428125 0.728125 0.109375 0.728125
0 0.084375 0.0 0.390625 0.0 0.390625 0.278125 0.084375 0.278125
0 0.334375 0.0 0.690625 0.0 0.690625 0.228125 0.334375 0.228125
0 0.759375 0.309375 1.0 0.309375 1.0 0.503125 0.759375 0.503125
0 0.471875 0.0 0.753125 0.0 0.753125 0.253125 0.471875 0.253125
0 0.571875 0.884375 0.928125 0.884375 0.928125 1.0 0.571875 1.0
0 0.209375 0.296875 0.528125 0.296875 0.528125 0.553125 0.209375 0.553125
