0 0.0 0.234375 0.190625 0.234375 0.190625 0.540625 0.0 0.540625
0 0.821875 0.946875 0.903125 0.946875 0.903125 1.0 0.821875 1.0
0 0.384375 0.821875 0.715625 0.821875 0.715625 1.0 0.384375 1.0
0 0.121875 0.271875 0.365625 0.271875 0.365625 0.503125 0.121875 0.503125
0 0.271875 0.584375 0.490625 0.584375 0.490625 0.815625 0.271875 0.815625
0 0.534375 0.134375 0.828125 0.134375 0.828125 0.390625 0.534375 0.390625
0 0.821875 0.621875 1.0 0.621875 1.0 0.915625 0.821875 0.915625
0 0.746875 0.959375 0.803125 0.959375 0.803125 1.0 0.746875 1.0
0 0.071875 0.971875 0.165625 0.971875 0.165625 1.0 0.071875 1.0
0 0.0 0.671875 0.065625 0.671875 0.065625 0.828125 0.0 0.828125
0 0.671875 0.896875 0.940625 0.896875 0.940625 1.0 0.671875 1.0
0 0.0 0.821875 0.065625 0.821875 0.065625 0.978125 0.0 0.978125
0 0.509375 0.0 0.965625 0.0 0.965625 0.203125 0.509375 0.203125
0 0.109375 0.759375 0.503125 0.759375 0.503125 1.0 0.109375 1.0
