0 0.771875 0.159375 1.0 0.159375 1.0 0.415625 0.771875 0.415625
0 0.796875 0.0 1.0 0.0 1.0 0.253125 0.796875 0.253125
0 0.846875 0.934375 0.990625 0.934375 0.990625 1.0 0.846875 1.0
0 0.421875 0.146875 0.703125 0.146875 0.703125 0.415625 0.421875 0.415625
0 0.509375 0.0 0.828125 0.0 0.828125 0.178125 0.509375 0.178125
0 0.0 0.684375 0.128125 0.684375 0.128125 0.953125 0.0 0.953125
0 0.434375 0.334375 0.640625 0.334375 0.640625 0.578125 0.434375 0.578125
0 0.0 0.034375 0.040625 0.034375 0.040625 0.165625 0.0 0.165625
0 0.346875 0.746875 0.553125 0.746875 0.553125 0.965625 0.346875 0.965625
0 0.534375 0.771875 0.953125 0.771875 0.953125 1.0 0.534375 1.0
0 0.171875 0.409375 0.528125 0.409375 0.528125 0.690625 0.171875 0.690625
0 0.059375 0.0 0.390625 0.0 0.390625 0.315625 0.059375 0.315625
0 0.509375 0.159375 0.703125 0.159375 0.703125 0.365625 0.509375 0.365625
0 0.421875 0.634375 0.753125 0.634375 0.753125 0.878125 0.421875 0.878125
0 0.221875 0.259375 0.590625 0.259375 0.590625 0.490625 0.221875 0.490625
0 0.546875 0.371875 0.853125 0.371875 0.853125 0.603125 0.546875 0.603125
