0 0.409375 0.171875 0.865625 0.171875 0.865625 0.590625 0.409375 0.590625
0 0.496875 0.446875 1.0 0.446875 1.0 0.953125 0.496875 0.953125
0 0.084375 0.709375 0.528125 0.709375 0.528125 1.0 0.084375 1.0
0 0.0 0.0 0.228125 0.0 0.228125 0.228125 0.0 0.228125
0 0.859375 0.0 1.0 0.0 1.0 0.240625 0.859375 0.240625
0 0.0 0.459375 0.240625 0.459375 0.240625 0.715625 0.0 0.715625
0 0.321875 0.434375 0.903125 0.434375 0.903125 0.753125 0.321875 0.753125
0 0.859375 0.709375 1.0 0.709375 1.0 0.915625 0.859375 0.915625
0 0.459375 0.959375 0.578125 0.959375 0.578125 1.0 0.459375 1.0
0 0.859375 0.934375 0.978125 0.934375 0.978125 1.0 0.859375 1.0
