0 0.634375 0.759375 0.965625 0.759375 0.965625 1.0 0.634375 1.0
0 0.246875 0.921875 0.553125 0.921875 0.553125 1.0 0.246875 1.0
0 0.534375 0.609375 0.815625 0.609375 0.815625 0.840625 0.534375 0.840625
0 0.096875 0.846875 0.378125 0.846875 0.378125 1.0 0.096875 1.0
0 0.0 0.346875 0.215625 0.346875 0.215625 0.515625 0.0 0.515625
0 0.371875 0.671875 0.678125 0.671875 0.678125 1.0 0.371875 1.0
0 0.109375 0.084375 0.353125 0.084375 0.353125 0.378125 0.109375 0.378125
0 0.0 0.046875 0.215625 0.046875 0.215625 0.253125 0.0 0.253125
0 0.659375 0.446875 0.865625 0.446875 0.865625 0.678125 0.659375 0.678125
0 0.446875 0.059375 0.778125 0.059375 0.778125 0.315625 0.446875 0.315625
0 0.771875 0.534375 0.978125 0.534375 0.978125 0.728125 0.771875 0.728125
0 0.296875 0.0 0.628125 0.0 0.628125 0.290625 0.296875 0.290625
0 0.746875 0.659375 1.0 0.659375 1.0 0.840625 0.746875 0.840625
0 0.446875 0.434375 0.778125 0.434375 0.778125 0.615625 0.446875 0.615625
0 0.0 0.746875 0.053125 0.746875 0.053125 0.928125 0.0 0.928125
0 0.496875 0.546875 0.828125 0.546875 0.828125 0.703125 0.496875 0.703125
0 0.0 0.0 0.203125 0.0 0.203125 0.140625 0.0 0.140625
0 0.0 0.221875 0.165625 0.221875 0.165625 0.403125 0.0 0.403125
