0 0.0 0.621875 0.128125 0.621875 0.128125 0.978125 0.0 0.978125
0 0.609375 0.084375 1.0 0.084375 1.0 0.453125 0.609375 0.453125
0 0.146875 0.446875 0.540625 0.446875 0.540625 0.878125 0.146875 0.878125
0 0.071875 0.596875 0.290625 0.596875 0.290625 0.890625 0.071875 0.890625
0 0.646875 0.0 1.0 0.0 1.0 0.178125 0.646875 0.178125
0 0.0 0.321875 0.240625 0.321875 0.240625 0.728125 0.0 0.728125
0 0.396875 0.871875 0.653125 0.871875 0.653125 1.0 0.396875 1.0
0 0.571875 0.771875 0.878125 0.771875 0.878125 1.0 0.571875 1.0
0 0.396875 0.634375 0.690625 0.634375 0.690625 0.940625 0.396875 0.940625
0 0.0 0.246875 0.315625 0.246875 0.315625 0.540625 0.0 0.540625
0 0.784375 0.546875 1.0 0.546875 1.0 0.815625 0.784375 0.815625
0 0.321875 0.109375 0.740625 0.109375 0.740625 0.428125 0.321875 0.428125
0 0.621875 0.571875 1.0 0.571875 1.0 0.890625 0.621875 0.890625
0 0.396875 0.384375 0.828125 0.384375 0.828125 0.690625 0.396875 0.690625
