0 0.609375 0.909375 0.915625 0.909375 0.915625 1.0 0.609375 1.0
0 0.371875 0.734375 0.690625 0.734375 0.690625 1.0 0.371875 1.0
0 0.259375 0.121875 0.603125 0.121875 0.603125 0.465625 0.259375 0.465625
0 0.009375 0.309375 0.415625 0.309375 0.415625 0.665625 0.009375 0.665625
0 0.759375 0.459375 1.0 0.459375 1.0 0.715625 0.759375 0.715625
0 0.834375 0.809375 1.0 0.809375 1.0 1.0 0.834375 1.0
0 0.671875 0.634375 1.0 0.634375 1.0 0.890625 0.671875 0.890625
0 0.409375 0.246875 0.703125 0.246875 0.703125 0.565625 0.409375 0.565625
0 0.034375 0.746875 0.303125 0.746875 0.303125 0.940625 0.034375 0.940625
0 0.471875 0.509375 0.703125 0.509375 0.703125 0.778125 0.471875 0.778125
0 0.0 0.271875 0.015625 0.271875 0.015625 0.315625 0.0 0.315625
0 0.521875 0.034375 0.790625 0.034375 0.790625 0.253125 0.521875 0.253125
0 0.0 0.934375 0.128125 0.934375 0.128125 1.0 0.0 1.0
0 0.046875 0.721875 0.440625 0.721875 0.440625 0.940625 0.046875 0.940625
0 0.596875 0.734375 0.940625 0.734375 0.940625 1.0 0.596875 1.0
0 0.096875 0.0 0.515625 0.0 0.515625 0.240625 0.096875 0.240625
0 0.734375 0.034375 1.0 0.034375 1.0 0.328125 0.734375 0.328125
0 0.384375 0.959375 0.440625 0.959375 0.440625 1.0 0.384375 1.0
0 0.171875 0.546875 0.515625 0.546875 0.515625 0.778125 0.171875 0.778125
