0 0.571875 0.421875 1.0 0.421875 1.0 0.853125 0.571875 0.853125
0 0.796875 0.946875 0.953125 0.946875 0.953125 1.0 0.796875 1.0
0 0.796875 0.309375 1.0 0.309375 1.0 0.590625 0.796875 0.590625
0 0.546875 0.834375 0.815625 0.834375 0.815625 1.0 0.546875 1.0
0 0.046875 0.571875 0.403125 0.571875 0.403125 0.928125 0.046875 0.928125
0 0.0 0.496875 0.015625 0.496875 0.015625 0.515625 0.0 0.515625
0 0.0 0.384375 0.278125 0.384375 0.278125 0.665625 0.0 0.665625
0 0.0 0.796875 0.328125 0.796875 0.328125 1.0 0.0 1.0
0 0.0 0.884375 0.053125 0.884375 0.053125 1.0 0.0 1.0
0 0.071875 0.134375 0.490625 0.134375 0.490625 0.490625 0.071875 0.490625
0 0.409375 0.284375 0.553125 0.284375 0.553125 0.465625 0.409375 0.465625
0 0.234375 0.0 0.678125 0.0 0.678125 0.328125 0.234375 0.328125
0 0.609375 0.0 0.890625 0.0 0.890625 0.190625 0.609375 0.190625
0 0.0 0.234375 0.253125 0.234375 0.253125 0.565625 0.0 0.565625
