0 0.0 0.909375 0.253125 0.909375 0.253125 1.0 0.0 1.0
0 0.196875 0.271875 0.553125 0.271875 0.553125 0.615625 0.196875 0.615625
0 0.221875 0.0 0.453125 0.0 0.453125 0.153125 0.221875 0.153125
0 0.571875 0.321875 0.903125 0.321875 0.903125 0.653125 0.571875 0.653125
0 0.209375 0.946875 0.465625 0.946875 0.465625 1.0 0.209375 1.0
0 0.021875 0.046875 0.290625 0.046875 0.290625 0.315625 0.021875 0.315625
0 0.709375 0.321875 1.0 0.321875 1.0 0.690625 0.709375 0.690625
0 0.0 0.634375 0.178125 0.634375 0.178125 0.940625 0.0 0.940625
0 0.396875 0.646875 0.628125 0.646875 0.628125 0.865625 0.396875 0.865625
0 0.0 0.971875 0.053125 0.971875 0.053125 1.0 0.0 1.0
0 0.0 0.234375 0.215625 0.234375 0.215625 0.515625 0.0 0.515625
0 0.0 0.0 0.115625 0.0 0.115625 0.090625 0.0 0.090625
0 0.409375 0.846875 0.790625 0.846875 0.790625 1.0 0.409375 1.0
