0 0.0 0.634375 0.065625 0.634375 0.065625 0.740625 0.0 0.740625
0 0.384375 0.859375 0.640625 0.859375 0.640625 1.0 0.384375 1.0
0 0.334375 0.096875 0.578125 0.096875 0.578125 0.353125 0.334375 0.353125
0 0.571875 0.446875 0.865625 0.446875 0.865625 0.678125 0.571875 0.678125
0 0.0 0.809375 0.115625 0.809375 0.115625 1.0 0.0 1.0
0 0.496875 0.784375 0.753125 0.784375 0.753125 1.0 0.496875 1.0
0 0.0 0.609375 0.228125 0.609375 0.228125 0.878125 0.0 0.878125
0 0.471875 0.596875 0.665625 0.596875 0.665625 0.753125 0.471875 0.753125
0 0.0 0.259375 0.028125 0.259375 0.028125 0.353125 0.0 0.353125
0 0.171875 0.546875 0.353125 0.546875 0.353125 0.715625 0.171875 0.715625
0 0.534375 0.034375 0.890625 0.034375 0.890625 0.328125 0.534375 0.328125
0 0.034375 0.184375 0.240625 0.184375 0.240625 0.428125 0.034375 0.428125
0 0.059375 0.684375 0.215625 0.684375 0.215625 0.840625 0.059375 0.840625
0 0.0 0.0 0.053125 0.0 0.053125 0.090625 0.0 0.090625
0 0.0 0.846875 0.215625 0.846875 0.215625 1.0 0.0 1.0
0 0.0 0.046875 0.153125 0.046875 0.153125 0.303125 0.0 0.303125
0 0.709375 0.071875 1.0 0.071875 1.0 0.365625 0.709375 0.365625
