0 0.034375 0.171875 0.290625 0.171875 0.290625 0.490625 0.034375 0.490625
0 0.396875 0.171875 0.665625 0.171875 0.665625 0.390625 0.396875 0.390625
0 0.346875 0.334375 0.628125 0.334375 0.628125 0.590625 0.346875 0.590625
0 0.571875 0.771875 0.840625 0.771875 0.840625 0.978125 0.571875 0.978125
0 0.559375 0.709375 0.803125 0.709375 0.803125 0.928125 0.559375 0.928125
0 0.034375 0.634375 0.265625 0.634375 0.265625 0.903125 0.034375 0.903125
0 0.634375 0.596875 0.840625 0.596875 0.840625 0.740625 0.634375 0.740625
0 0.171875 0.896875 0.340625 0.896875 0.340625 1.0 0.171875 1.0
0 0.671875 0.196875 1.0 0.196875 1.0 0.453125 0.671875 0.453125
0 0.721875 0.959375 0.815625 0.959375 0.815625 1.0 0.721875 1.0
0 0.284375 0.896875 0.565625 0.896875 0.565625 1.0 0.284375 1.0
0 0.0 0.909375 0.165625 0.909375 0.165625 1.0 0.0 1.0
0 0.0 0.659375 0.115625 0.659375 0.115625 0.853125 0.0 0.853125
0 0.209375 0.134375 0.390625 0.134375 0.390625 0.365625 0.209375 0.365625
0 0.134375 0.521875 0.378125 0.521875 0.378125 0.740625 0.134375 0.740625
0 0.009375 0.446875 0.253125 0.446875 0.253125 0.653125 0.009375 0.653125
0 0.121875 0.046875 0.340625 0.046875 0.340625 0.240625 0.121875 0.240625
