0 0.871875 0.921875 1.0 0.921875 1.0 1.0 0.871875 1.0
0 0.621875 0.896875 0.890625 0.896875 0.890625 1.0 0.621875 1.0
0 0.0 0.0 0.053125 0.0 0.053125 0.065625 0.0 0.065625
0 0.0 0.834375 0.215625 0.834375 0.215625 1.0 0.0 1.0
0 0.596875 0.0 0.940625 0.0 0.940625 0.140625 0.596875 0.140625
0 0.196875 0.921875 0.415625 0.921875 0.415625 1.0 0.196875 1.0
0 0.396875 0.0 0.678125 0.0 0.678125 0.203125 0.396875 0.203125
0 0.784375 0.684375 1.0 0.684375 1.0 0.878125 0.784375 0.878125
0 0.546875 0.484375 0.828125 0.484375 0.828125 0.728125 0.546875 0.728125
0 0.0 0.521875 0.078125 0.521875 0.078125 0.815625 0.0 0.815625
