0 0.646875 0.771875 1.0 0.771875 1.0 1.0 0.646875 1.0
0 0.446875 0.434375 0.790625 0.434375 0.790625 0.703125 0.446875 0.703125
0 0.096875 0.0 0.340625 0.0 0.340625 0.190625 0.096875 0.190625
0 0.284375 0.071875 0.565625 0.071875 0.565625 0.315625 0.284375 0.315625
0 0.471875 0.196875 0.790625 0.196875 0.790625 0.528125 0.471875 0.528125
0 0.0 0.421875 0.278125 0.421875 0.278125 0.703125 0.0 0.703125
0 0.046875 0.134375 0.315625 0.134375 0.315625 0.365625 0.046875 0.365625
0 0.296875 0.946875 0.465625 0.946875 0.465625 1.0 0.296875 1.0
0 0.634375 0.046875 0.865625 0.046875 0.865625 0.253125 0.634375 0.253125
0 0.446875 0.0 0.640625 0.0 0.640625 0.165625 0.446875 0.165625
0 0.396875 0.284375 0.628125 0.284375 0.628125 0.465625 0.396875 0.465625
0 0.0 0.871875 0.265625 0.871875 0.265625 1.0 0.0 1.0
0 0.259375 0.0 0.440625 0.0 0.440625 0.165625 0.259375 0.165625
