0 0.0 0.571875 0.028125 0.571875 0.028125 0.653125 0.0 0.653125
0 0.0 0.884375 0.203125 0.884375 0.203125 1.0 0.0 1.0
0 0.021875 0.0 0.353125 0.0 0.353125 0.165625 0.021875 0.165625
0 0.796875 0.134375 1.0 0.134375 1.0 0.478125 0.796875 0.478125
0 0.371875 0.871875 0.640625 0.871875 0.640625 1.0 0.371875 1.0
0 0.671875 0.246875 0.903125 0.246875 0.903125 0.515625 0.671875 0.515625
0 0.696875 0.671875 0.940625 0.671875 0.940625 0.890625 0.696875 0.890625
0 0.296875 0.896875 0.553125 0.896875 0.553125 1.0 0.296875 1.0
0 0.146875 0.0 0.440625 0.0 0.440625 0.278125 0.146875 0.278125
0 0.0 0.0 0.253125 0.0 0.253125 0.253125 0.0 0.253125
0 0.084375 0.396875 0.478125 0.396875 0.478125 0.728125 0.084375 0.728125
