0 0.034375 0.209375 0.265625 0.209375 0.265625 0.453125 0.034375 0.453125
0 0.0 0.734375 0.090625 0.734375 0.090625 0.865625 0.0 0.865625
0 0.384375 0.859375 0.578125 0.859375 0.578125 1.0 0.384375 1.0
0 0.534375 0.0 0.715625 0.0 0.715625 0.128125 0.534375 0.128125
0 0.709375 0.984375 0.740625 0.984375 0.740625 1.0 0.709375 1.0
0 0.309375 0.959375 0.440625 0.959375 0.440625 1.0 0.309375 1.0
0 0.0 0.371875 0.215625 0.371875 0.215625 0.603125 0.0 0.603125
0 0.509375 0.896875 0.653125 0.896875 0.653125 1.0 0.509375 1.0
0 0.259375 0.534375 0.503125 0.534375 0.503125 0.790625 0.259375 0.790625
0 0.0 0.271875 0.065625 0.271875 0.065625 0.453125 0.0 0.453125
0 0.146875 0.821875 0.315625 0.821875 0.315625 0.990625 0.146875 0.990625
0 0.0 0.809375 0.103125 0.809375 0.103125 1.0 0.0 1.0
0 0.259375 0.596875 0.565625 0.596875 0.565625 0.790625 0.259375 0.790625
