0 0.021875 0.809375 0.315625 0.809375 0.315625 1.0 0.021875 1.0
0 0.621875 0.0 1.0 0.0 1.0 0.403125 0.621875 0.403125
0 0.246875 0.896875 0.478125 0.896875 0.478125 1.0 0.246875 1.0
0 0.809375 0.0 1.0 0.0 1.0 0.278125 0.809375 0.278125
0 0.0 0.559375 0.203125 0.559375 0.203125 0.865625 0.0 0.865625
0 0.009375 0.371875 0.353125 0.371875 0.353125 0.740625 0.009375 0.740625
0 0.709375 0.796875 1.0 0.796875 1.0 1.0 0.709375 1.0
0 0.0 0.696875 0.190625 0.696875 0.190625 1.0 0.0 1.0
0 0.796875 0.371875 1.0 0.371875 1.0 0.690625 0.796875 0.690625
0 0.421875 0.871875 0.590625 0.871875 0.590625 1.0 0.421875 1.0
0 0.134375 0.0 0.403125 0.0 0.403125 0.203125 0.134375 0.203125
0 0.446875 0.0 0.853125 0.0 0.853125 0.115625 0.446875 0.115625
0 0.184375 0.296875 0.553125 0.296875 0.553125 0.615625 0.184375 0.615625
0 0.209375 0.159375 0.690625 0.159375 0.690625 0.440625 0.209375 0.440625
0 0.0 0.134375 0.028125 0.134375 0.028125 0.190625 0.0 0.190625
0 0.0 0.409375 0.265625 0.409375 0.265625 0.690625 0.0 0.690625
0 0.221875 0.684375 0.528125 0.684375 0.528125 0.978125 0.221875 0.978125
