0 0.659375 0.584375 1.0 0.584375 1.0 0.903125 0.659375 0.903125
0 0.471875 0.0 0.740625 0.0 0.740625 0.228125 0.471875 0.228125
0 0.746875 0.846875 1.0 0.846875 1.0 1.0 0.746875 1.0
0 0.371875 0.409375 0.665625 0.409375 0.665625 0.665625 0.371875 0.665625
0 0.584375 0.909375 0.815625 0.909375 0.815625 1.0 0.584375 1.0
0 0.759375 0.096875 1.0 0.096875 1.0 0.378125 0.759375 0.378125
0 0.759375 0.321875 1.0 0.321875 1.0 0.590625 0.759375 0.590625
0 0.121875 0.721875 0.390625 0.721875 0.390625 1.0 0.121875 1.0
0 0.034375 0.334375 0.315625 0.334375 0.315625 0.615625 0.034375 0.615625
0 0.346875 0.809375 0.565625 0.809375 0.565625 1.0 0.346875 1.0
0 0.134375 0.971875 0.215625 0.971875 0.215625 1.0 0.134375 1.0
0 0.209375 0.884375 0.490625 0.884375 0.490625 1.0 0.209375 1.0
0 0.234375 0.596875 0.553125 0.596875 0.553125 0.840625 0.234375 0.840625
