0 0.309375 0.884375 0.603125 0.884375 0.603125 1.0 0.309375 1.0
0 0.0 0.459375 0.203125 0.459375 0.203125 0.653125 0.0 0.653125
0 0.0 0.696875 0.203125 0.696875 0.203125 0.978125 0.0 0.978125
0 0.734375 0.484375 1.0 0.484375 1.0 0.653125 0.734375 0.653125
0 0.159375 0.896875 0.340625 0.896875 0.340625 1.0 0.159375 1.0
0 0.671875 0.0 0.953125 0.0 0.953125 0.190625 0.671875 0.190625
0 0.809375 0.959375 0.965625 0.959375 0.965625 1.0 0.809375 1.0
0 0.784375 0.621875 0.978125 0.621875 0.978125 0.828125 0.784375 0.828125
0 0.096875 0.971875 0.140625 0.971875 0.140625 1.0 0.096875 1.0
0 0.596875 0.934375 0.765625 0.934375 0.765625 1.0 0.596875 1.0
0 0.059375 0.596875 0.265625 0.596875 0.265625 0.790625 0.059375 0.790625
0 0.659375 0.621875 0.915625 0.621875 0.915625 0.840625 0.659375 0.840625
0 0.146875 0.534375 0.353125 0.534375 0.353125 0.778125 0.146875 0.778125
0 0.359375 0.659375 0.565625 0.659375 0.565625 0.865625 0.359375 0.865625
0 0.271875 0.296875 0.490625 0.296875 0.490625 0.490625 0.271875 0.490625
0 0.346875 0.021875 0.515625 0.021875 0.515625 0.215625 0.346875 0.215625
0 0.471875 0.459375 0.840625 0.459375 0.840625 0.715625 0.471875 0.715625
0 0.684375 0.209375 1.0 0.209375 1.0 0.440625 0.684375 0.440625
0 0.221875 0.784375 0.465625 0.784375 0.465625 1.0 0.221875 1.0
0 0.509375 0.721875 0.890625 0.721875 0.890625 0.953125 0.509375 0.953125
0 0.171875 0.384375 0.478125 0.384375 0.478125 0.590625 0.171875 0.590625
0 0.0 0.134375 0.115625 0.134375 0.115625 0.378125 0.0 0.378125
0 0.309375 0.421875 0.540625 0.421875 0.540625 0.653125 0.309375 0.653125
