0 0.0 0.109375 0.040625 0.109375 0.040625 0.153125 0.0 0.153125
0 0.634375 0.821875 0.990625 0.821875 0.990625 1.0 0.634375 1.0
0 0.0 0.0 0.240625 0.0 0.240625 0.215625 0.0 0.215625
0 0.721875 0.346875 1.0 0.346875 1.0 0.615625 0.721875 0.615625
0 0.221875 0.071875 0.490625 0.071875 0.490625 0.340625 0.221875 0.340625
0 0.109375 0.221875 0.340625 0.221875 0.340625 0.440625 0.109375 0.440625
0 0.759375 0.0 1.0 0.0 1.0 0.140625 0.759375 0.140625
0 0.346875 0.809375 0.553125 0.809375 0.553125 1.0 0.346875 1.0
0 0.0 0.359375 0.228125 0.359375 0.228125 0.553125 0.0 0.553125
0 0.059375 0.659375 0.290625 0.659375 0.290625 0.878125 0.059375 0.878125
0 0.659375 0.059375 1.0 0.059375 1.0 0.378125 0.659375 0.378125
0 0.421875 0.0 0.803125 0.0 0.803125 0.128125 0.421875 0.128125
