0 0.471875 0.0 0.765625 0.0 0.765625 0.140625 0.471875 0.140625
0 0.259375 0.396875 0.540625 0.396875 0.540625 0.740625 0.259375 0.740625
0 0.0 0.0 0.128125 0.0 0.128125 0.215625 0.0 0.215625
0 0.646875 0.959375 0.703125 0.959375 0.703125 1.0 0.646875 1.0
0 0.909375 0.971875 1.0 0.971875 1.0 1.0 0.909375 1.0
0 0.671875 0.159375 0.903125 0.159375 0.903125 0.353125 0.671875 0.353125
0 0.621875 0.446875 0.865625 0.446875 0.865625 0.665625 0.621875 0.665625
0 0.896875 0.059375 1.0 0.059375 1.0 0.278125 0.896875 0.278125
0 0.0 0.396875 0.078125 0.396875 0.078125 0.578125 0.0 0.578125
0 0.684375 0.559375 1.0 0.559375 1.0 0.815625 0.684375 0.815625
0 0.109375 0.146875 0.440625 0.146875 0.440625 0.415625 0.109375 0.415625
