0 0.171875 0.171875 0.640625 0.171875 0.640625 0.578125 0.171875 0.578125
0 0.0 0.721875 0.253125 0.721875 0.253125 1.0 0.0 1.0
0 0.596875 0.746875 1.0 0.746875 1.0 1.0 0.596875 1.0
0 0.596875 0.734375 1.0 0.734375 1.0 1.0 0.596875 1.0
0 0.784375 0.584375 1.0 0.584375 1.0 0.840625 0.784375 0.840625
0 0.271875 0.571875 0.590625 0.571875 0.590625 0.915625 0.271875 0.915625
0 0.184375 0.971875 0.253125 0.971875 0.253125 1.0 0.184375 1.0
0 0.0 0.0 0.253125 0.0 0.253125 0.265625 0.0 0.265625
0 0.509375 0.509375 0.903125 0.509375 0.903125 0.778125 0.509375 0.778125
0 0.0 0.246875 0.203125 0.246875 0.203125 0.590625 0.0 0.590625
