0 0.121875 0.721875 0.353125 0.721875 0.353125 0.903125 0.121875 0.903125
0 0.234375 0.746875 0.440625 0.746875 0.440625 0.953125 0.234375 0.953125
0 0.246875 0.746875 0.603125 0.746875 0.603125 1.0 0.246875 1.0
0 0.0 0.859375 0.178125 0.859375 0.178125 1.0 0.0 1.0
0 0.059375 0.446875 0.328125 0.446875 0.328125 0.690625 0.059375 0.690625
0 0.071875 0.0 0.303125 0.0 0.303125 0.140625 0.071875 0.140625
0 0.134375 0.946875 0.265625 0.946875 0.265625 1.0 0.134375 1.0
0 0.659375 0.434375 0.928125 0.434375 0.928125 0.703125 0.659375 0.703125
0 0.634375 0.171875 0.815625 0.171875 0.815625 0.328125 0.634375 0.328125
0 0.484375 0.496875 0.640625 0.496875 0.640625 0.678125 0.484375 0.678125
0 0.0 0.021875 0.153125 0.021875 0.153125 0.190625 0.0 0.190625
0 0.359375 0.646875 0.603125 0.646875 0.603125 0.840625 0.359375 0.840625
0 0.246875 0.484375 0.515625 0.484375 0.515625 0.715625 0.246875 0.715625
0 0.596875 0.521875 1.0 0.521875 1.0 0.753125 0.596875 0.753125
0 0.0 0.684375 0.103125 0.684375 0.103125 0.903125 0.0 0.903125
