0 0.784375 0.534375 1.0 0.534375 1.0 0.765625 0.784375 0.765625
0 0.634375 0.534375 1.0 0.534375 1.0 0.865625 0.634375 0.865625
0 0.171875 0.046875 0.428125 0.046875 0.428125 0.390625 0.171875 0.390625
0 0.509375 0.984375 0.540625 0.984375 0.540625 1.0 0.509375 1.0
0 0.0 0.884375 0.040625 0.884375 0.040625 1.0 0.0 1.0
0 0.271875 0.871875 0.540625 0.871875 0.540625 1.0 0.271875 1.0
0 0.0 0.346875 0.065625 0.346875 0.065625 0.465625 0.0 0.465625
0 0.596875 0.971875 0.778125 0.971875 0.778125 1.0 0.596875 1.0
0 0.334375 0.096875 0.615625 0.096875 0.615625 0.378125 0.334375 0.378125
0 0.234375 0.271875 0.528125 0.271875 0.528125 0.553125 0.234375 0.553125
