0 0.634375 0.109375 0.953125 0.109375 0.953125 0.428125 0.634375 0.428125
0 0.446875 0.271875 0.765625 0.271875 0.765625 0.615625 0.446875 0.615625
0 0.621875 0.709375 0.990625 0.709375 0.990625 0.978125 0.621875 0.978125
0 0.371875 0.684375 0.678125 0.684375 0.678125 0.965625 0.371875 0.965625
0 0.534375 0.934375 0.715625 0.934375 0.715625 1.0 0.534375 1.0
0 0.471875 0.621875 0.728125 0.621875 0.728125 0.878125 0.471875 0.878125
0 0.071875 0.746875 0.353125 0.746875 0.353125 1.0 0.071875 1.0
0 0.784375 0.284375 1.0 0.284375 1.0 0.578125 0.784375 0.578125
0 0.0 0.409375 0.265625 0.409375 0.265625 0.678125 0.0 0.678125
0 0.0 0.0 0.053125 0.0 0.053125 0.103125 0.0 0.103125
0 0.209375 0.684375 0.415625 0.684375 0.415625 0.865625 0.209375 0.865625
0 0.234375 0.484375 0.565625 0.484375 0.565625 0.740625 0.234375 0.740625
