0 0.0 0.471875 0.115625 0.471875 0.115625 0.715625 0.0 0.715625
0 0.071875 0.834375 0.353125 0.834375 0.353125 1.0 0.071875 1.0
0 0.234375 0.721875 0.503125 0.721875 0.503125 0.965625 0.234375 0.965625
0 0.621875 0.146875 1.0 0.146875 1.0 0.503125 0.621875 0.503125
0 0.221875 0.0 0.403125 0.0 0.403125 0.190625 0.221875 0.190625
0 0.459375 0.346875 0.753125 0.346875 0.753125 0.615625 0.459375 0.615625
0 0.621875 0.784375 0.940625 0.784375 0.940625 1.0 0.621875 1.0
0 0.634375 0.409375 0.815625 0.409375 0.815625 0.640625 0.634375 0.640625
0 0.584375 0.0 0.878125 0.0 0.878125 0.253125 0.584375 0.253125
0 0.309375 0.646875 0.503125 0.646875 0.503125 0.803125 0.309375 0.803125
0 0.0 0.409375 0.028125 0.409375 0.028125 0.478125 0.0 0.478125
0 0.746875 0.409375 1.0 0.409375 1.0 0.665625 0.746875 0.665625
0 0.0 0.0 0.140625 0.0 0.140625 0.190625 0.0 0.190625
0 0.234375 0.0 0.540625 0.0 0.540625 0.253125 0.234375 0.253125
0 0.309375 0.934375 0.465625 0.934375 0.465625 1.0 0.309375 1.0
