0 0.346875 0.021875 0.615625 0.021875 0.615625 0.328125 0.346875 0.328125
0 0.071875 0.884375 0.203125 0.884375 0.203125 1.0 0.071875 1.0
0 0.509375 0.196875 0.840625 0.196875 0.840625 0.478125 0.509375 0.478125
0 0.571875 0.884375 0.903125 0.884375 0.903125 1.0 0.571875 1.0
0 0.0 0.696875 0.015625 0.696875 0.015625 0.753125 0.0 0.753125
0 0.571875 0.034375 0.853125 0.034375 0.853125 0.278125 0.571875 0.278125
0 0.671875 0.284375 0.915625 0.284375 0.915625 0.503125 0.671875 0.503125
0 0.121875 0.0 0.403125 0.0 0.403125 0.265625 0.121875 0.265625
0 0.396875 0.784375 0.753125 0.784375 0.753125 0.978125 0.396875 0.978125
0 0.534375 0.0 0.878125 0.0 0.878125 0.153125 0.534375 0.153125
