0 0.234375 0.684375 0.703125 0.684375 0.703125 1.0 0.234375 1.0
0 0.521875 0.246875 0.915625 0.246875 0.915625 0.678125 0.521875 0.678125
0 0.309375 0.0 0.778125 0.0 0.778125 0.153125 0.309375 0.153125
0 0.071875 0.634375 0.403125 0.634375 0.403125 1.0 0.071875 1.0
0 0.721875 0.909375 0.990625 0.909375 0.990625 1.0 0.721875 1.0
0 0.0 0.0 0.290625 0.0 0.290625 0.328125 0.0 0.328125
0 0.246875 0.459375 0.453125 0.459375 0.453125 0.665625 0.246875 0.665625
0 0.759375 0.434375 1.0 0.434375 1.0 0.753125 0.759375 0.753125
0 0.0 0.184375 0.053125 0.184375 0.053125 0.428125 0.0 0.428125
0 0.071875 0.0 0.428125 0.0 0.428125 0.190625 0.071875 0.190625
0 0.784375 0.709375 1.0 0.709375 1.0 0.928125 0.784375 0.928125
0 0.646875 0.134375 1.0 0.134375 1.0 0.415625 0.646875 0.415625
