0 0.309375 0.609375 0.653125 0.609375 0.653125 0.978125 0.309375 0.978125
0 0.271875 0.259375 0.590625 0.259375 0.590625 0.578125 0.271875 0.578125
0 0.521875 0.671875 0.790625 0.671875 0.790625 0.953125 0.521875 0.953125
0 0.621875 0.909375 0.903125 0.909375 0.903125 1.0 0.621875 1.0
0 0.721875 0.796875 1.0 0.796875 1.0 1.0 0.721875 1.0
0 0.0 0.0 0.103125 0.0 0.103125 0.190625 0.0 0.190625
0 0.0 0.796875 0.228125 0.796875 0.228125 1.0 0.0 1.0
0 0.009375 0.259375 0.228125 0.259375 0.228125 0.490625 0.009375 0.490625
0 0.0 0.696875 0.140625 0.696875 0.140625 0.940625 0.0 0.940625
0 0.634375 0.521875 1.0 0.521875 1.0 0.790625 0.634375 0.790625
0 0.509375 0.196875 0.990625 0.196875 0.990625 0.515625 0.509375 0.515625
0 0.784375 0.709375 1.0 0.709375 1.0 0.940625 0.784375 0.940625
