0 0.809375 0.0 1.0 0.0 1.0 0.153125 0.809375 0.153125
0 0.296875 0.0 0.590625 0.0 0.590625 0.090625 0.296875 0.090625
0 0.396875 0.021875 0.678125 0.021875 0.678125 0.303125 0.396875 0.303125
0 0.384375 0.509375 0.590625 0.509375 0.590625 0.678125 0.384375 0.678125
0 0.271875 0.371875 0.465625 0.371875 0.465625 0.553125 0.271875 0.553125
0 0.259375 0.534375 0.503125 0.534375 0.503125 0.753125 0.259375 0.753125
0 0.046875 0.684375 0.365625 0.684375 0.365625 0.890625 0.046875 0.890625
0 0.596875 0.696875 0.903125 0.696875 0.903125 0.890625 0.596875 0.890625
0 0.159375 0.821875 0.328125 0.821875 0.328125 1.0 0.159375 1.0
0 0.446875 0.709375 0.790625 0.709375 0.790625 0.940625 0.446875 0.940625
0 0.271875 0.971875 0.353125 0.971875 0.353125 1.0 0.271875 1.0
0 0.0 0.784375 0.228125 0.784375 0.228125 1.0 0.0 1.0
0 0.571875 0.809375 0.903125 0.809375 0.903125 1.0 0.571875 1.0
