0 0.621875 0.609375 0.965625 0.609375 0.965625 1.0 0.621875 1.0
0 0.0 0.921875 0.178125 0.921875 0.178125 1.0 0.0 1.0
0 0.721875 0.134375 1.0 0.134375 1.0 0.428125 0.721875 0.428125
0 0.471875 0.846875 0.740625 0.846875 0.740625 1.0 0.471875 1.0
0 0.534375 0.384375 0.865625 0.384375 0.865625 0.665625 0.534375 0.665625
0 0.384375 0.546875 0.690625 0.546875 0.690625 0.840625 0.384375 0.840625
0 0.0 0.659375 0.215625 0.659375 0.215625 0.828125 0.0 0.828125
0 0.246875 0.634375 0.453125 0.634375 0.453125 0.840625 0.246875 0.840625
0 0.271875 0.084375 0.478125 0.084375 0.478125 0.265625 0.271875 0.265625
0 0.146875 0.259375 0.340625 0.259375 0.340625 0.428125 0.146875 0.428125
0 0.009375 0.046875 0.303125 0.046875 0.303125 0.328125 0.009375 0.328125
0 0.0 0.896875 0.015625 0.896875 0.015625 0.953125 0.0 0.953125
0 0.371875 0.0 0.690625 0.0 0.690625 0.290625 0.371875 0.290625
