0 0.259375 0.634375 0.490625 0.634375 0.490625 0.890625 0.259375 0.890625
0 0.0 0.334375 0.103125 0.334375 0.103125 0.503125 0.0 0.503125
0 0.034375 0.696875 0.278125 0.696875 0.278125 0.940625 0.034375 0.940625
0 0.0 0.896875 0.128125 0.896875 0.128125 1.0 0.0 1.0
0 0.071875 0.284375 0.353125 0.284375 0.353125 0.553125 0.071875 0.553125
0 0.359375 0.946875 0.540625 0.946875 0.540625 1.0 0.359375 1.0
0 0.0 0.446875 0.115625 0.446875 0.115625 0.628125 0.0 0.628125
0 0.284375 0.371875 0.540625 0.371875 0.540625 0.615625 0.284375 0.615625
0 0.0 0.771875 0.065625 0.771875 0.065625 0.890625 0.0 0.890625
0 0.446875 0.384375 0.653125 0.384375 0.653125 0.653125 0.446875 0.653125
0 0.209375 0.434375 0.403125 0.434375 0.403125 0.640625 0.209375 0.640625
