0 0.121875 0.296875 0.378125 0.296875 0.378125 0.490625 0.121875 0.490625
0 0.421875 0.659375 0.690625 0.659375 0.690625 0.840625 0.421875 0.840625
0 0.134375 0.596875 0.353125 0.596875 0.353125 0.815625 0.134375 0.815625
0 0.0 0.709375 0.178125 0.709375 0.178125 0.878125 0.0 0.878125
0 0.421875 0.321875 0.715625 0.321875 0.715625 0.553125 0.421875 0.553125
0 0.159375 0.009375 0.415625 0.009375 0.415625 0.278125 0.159375 0.278125
0 0.0 0.296875 0.178125 0.296875 0.178125 0.553125 0.0 0.553125
0 0.509375 0.784375 0.728125 0.784375 0.728125 0.965625 0.509375 0.965625
0 0.0 0.621875 0.028125 0.621875 0.028125 0.640625 0.0 0.640625
0 0.659375 0.721875 0.928125 0.721875 0.928125 0.928125 0.659375 0.928125
0 0.184375 0.884375 0.428125 0.884375 0.428125 1.0 0.184375 1.0
0 0.146875 0.0 0.403125 0.0 0.403125 0.115625 0.146875 0.115625
0 0.584375 0.296875 0.828125 0.296875 0.828125 0.515625 0.584375 0.515625
0 0.484375 0.534375 0.740625 0.534375 0.740625 0.740625 0.484375 0.740625
0 0.234375 0.496875 0.490625 0.496875 0.490625 0.715625 0.234375 0.715625
0 0.0 0.459375 0.053125 0.459375 0.053125 0.628125 0.0 0.628125
0 0.621875 0.0 0.803125 0.0 0.803125 0.128125 0.621875 0.128125
0 0.446875 0.484375 0.703125 0.484375 0.703125 0.665625 0.446875 0.665625
0 0.584375 0.946875 0.678125 0.946875 0.678125 1.0 0.584375 1.0
0 0.609375 0.221875 0.953125 0.221875 0.953125 0.403125 0.609375 0.403125
0 0.0 0.234375 0.128125 0.234375 0.128125 0.378125 0.0 0.378125
0 0.271875 0.759375 0.578125 0.759375 0.578125 0.940625 0.271875 0.940625
0 0.371875 0.859375 0.653125 0.859375 0.653125 1.0 0.371875 1.0
0 0.0 0.834375 0.165625 0.834375 0.165625 1.0 0.0 1.0
