0 0.0 0.771875 0.090625 0.771875 0.090625 0.878125 0.0 0.878125
0 0.096875 0.384375 0.415625 0.384375 0.415625 0.678125 0.096875 0.678125
0 0.771875 0.446875 1.0 0.446875 1.0 0.703125 0.771875 0.703125
0 0.0 0.546875 0.315625 0.546875 0.315625 0.928125 0.0 0.928125
0 0.509375 0.459375 0.903125 0.459375 0.903125 0.840625 0.509375 0.840625
0 0.0 0.934375 0.040625 0.934375 0.040625 0.990625 0.0 0.990625
0 0.0 0.221875 0.290625 0.221875 0.290625 0.528125 0.0 0.528125
0 0.759375 0.0 1.0 0.0 1.0 0.178125 0.759375 0.178125
0 0.534375 0.0 0.790625 0.0 0.790625 0.178125 0.534375 0.178125
0 0.134375 0.759375 0.390625 0.759375 0.390625 0.990625 0.134375 0.990625
0 0.759375 0.146875 1.0 0.146875 1.0 0.503125 0.759375 0.503125
0 0.359375 0.096875 0.878125 0.096875 0.878125 0.390625 0.359375 0.390625
0 0.0 0.434375 0.065625 0.434375 0.065625 0.553125 0.0 0.553125
0 0.259375 0.271875 0.753125 0.271875 0.753125 0.615625 0.259375 0.615625
