0 0.496875 0.784375 0.778125 0.784375 0.778125 1.0 0.496875 1.0
0 0.571875 0.709375 0.840625 0.709375 0.840625 0.915625 0.571875 0.915625
0 0.059375 0.271875 0.303125 0.271875 0.303125 0.528125 0.059375 0.528125
0 0.196875 0.959375 0.278125 0.959375 0.278125 1.0 0.196875 1.0
0 0.334375 0.859375 0.565625 0.859375 0.565625 1.0 0.334375 1.0
0 0.0 0.084375 0.203125 0.084375 0.203125 0.315625 0.0 0.315625
0 0.0 0.484375 0.028125 0.484375 0.028125 0.540625 0.0 0.540625
0 0.409375 0.271875 0.615625 0.271875 0.615625 0.453125 0.409375 0.453125
0 0.596875 0.0 0.878125 0.0 0.878125 0.140625 0.596875 0.140625
0 0.159375 0.709375 0.440625 0.709375 0.440625 0.928125 0.159375 0.928125
0 0.596875 0.409375 0.940625 0.409375 0.940625 0.615625 0.596875 0.615625
