0 0.646875 0.571875 0.928125 0.571875 0.928125 0.740625 0.646875 0.740625
0 0.0 0.784375 0.228125 0.784375 0.228125 1.0 0.0 1.0
0 0.396875 0.146875 0.640625 0.146875 0.640625 0.403125 0.396875 0.403125
0 0.446875 0.234375 0.703125 0.234375 0.703125 0.528125 0.446875 0.528125
0 0.396875 0.634375 0.628125 0.634375 0.628125 0.878125 0.396875 0.878125
0 0.559375 0.209375 0.765625 0.209375 0.765625 0.440625 0.559375 0.440625
0 0.609375 0.0 0.803125 0.0 0.803125 0.128125 0.609375 0.128125
0 0.0 0.171875 0.115625 0.171875 0.115625 0.378125 0.0 0.378125
0 0.734375 0.446875 0.915625 0.446875 0.915625 0.615625 0.734375 0.615625
0 0.584375 0.846875 0.903125 0.846875 0.903125 1.0 0.584375 1.0
0 0.0 0.534375 0.103125 0.534375 0.103125 0.703125 0.0 0.703125
0 0.746875 0.109375 1.0 0.109375 1.0 0.390625 0.746875 0.390625
0 0.121875 0.584375 0.403125 0.584375 0.403125 0.828125 0.121875 0.828125
0 0.196875 0.409375 0.515625 0.409375 0.515625 0.640625 0.196875 0.640625
0 0.471875 0.784375 0.840625 0.784375 0.840625 0.978125 0.471875 0.978125
