0 0.171875 0.134375 0.503125 0.134375 0.503125 0.440625 0.171875 0.440625
0 0.471875 0.584375 0.903125 0.584375 0.903125 0.965625 0.471875 0.965625
0 0.034375 0.134375 0.290625 0.134375 0.290625 0.365625 0.034375 0.365625
0 0.421875 0.096875 0.678125 0.096875 0.678125 0.340625 0.421875 0.340625
0 0.846875 0.671875 1.0 0.671875 1.0 0.853125 0.846875 0.853125
0 0.0 0.009375 0.203125 0.009375 0.203125 0.228125 0.0 0.228125
0 0.409375 0.509375 0.665625 0.509375 0.665625 0.778125 0.409375 0.778125
0 0.221875 0.734375 0.528125 0.734375 0.528125 0.965625 0.221875 0.965625
0 0.0 0.084375 0.078125 0.084375 0.078125 0.278125 0.0 0.278125
0 0.559375 0.059375 0.853125 0.059375 0.853125 0.290625 0.559375 0.290625
0 0.134375 0.021875 0.340625 0.021875 0.340625 0.203125 0.134375 0.203125
0 0.346875 0.421875 0.540625 0.421875 0.540625 0.565625 0.346875 0.565625
0 0.609375 0.421875 0.790625 0.421875 0.790625 0.603125 0.609375 0.603125
0 0.209375 0.534375 0.515625 0.534375 0.515625 0.740625 0.209375 0.740625
0 0.359375 0.034375 0.590625 0.034375 0.590625 0.240625 0.359375 0.240625
0 0.521875 0.0 0.865625 0.0 0.865625 0.128125 0.521875 0.128125
0 0.0 0.346875 0.115625 0.346875 0.115625 0.590625 0.0 0.590625
0 0.009375 0.571875 0.278125 0.571875 0.278125 0.828125 0.009375 0.828125
