0 0.796875 0.684375 1.0 0.684375 1.0 1.0 0.796875 1.0
0 0.421875 0.221875 0.715625 0.221875 0.715625 0.490625 0.421875 0.490625
0 0.284375 0.0 0.628125 0.0 0.628125 0.278125 0.284375 0.278125
0 0.446875 0.021875 0.740625 0.021875 0.740625 0.340625 0.446875 0.340625
0 0.0 0.834375 0.203125 0.834375 0.203125 1.0 0.0 1.0
0 0.484375 0.384375 0.815625 0.384375 0.815625 0.678125 0.484375 0.678125
0 0.0 0.0 0.165625 0.0 0.165625 0.265625 0.0 0.265625
0 0.834375 0.334375 1.0 0.334375 1.0 0.615625 0.834375 0.615625
0 0.071875 0.896875 0.215625 0.896875 0.215625 1.0 0.071875 1.0
0 0.821875 0.109375 1.0 0.109375 1.0 0.353125 0.821875 0.353125
0 0.0 0.671875 0.040625 0.671875 0.040625 0.790625 0.0 0.790625
0 0.459375 0.834375 0.778125 0.834375 0.778125 1.0 0.459375 1.0
0 0.0 0.896875 0.028125 0.896875 0.028125 1.0 0.0 1.0
0 0.646875 0.246875 0.965625 0.246875 0.965625 0.515625 0.646875 0.515625
0 0.084375 0.034375 0.240625 0.034375 0.240625 0.253125 0.084375 0.253125
0 0.421875 0.759375 0.615625 0.759375 0.615625 0.915625 0.421875 0.915625
0 0.396875 0.046875 0.678125 0.046875 0.678125 0.278125 0.396875 0.278125
0 0.196875 0.584375 0.540625 0.584375 0.540625 0.840625 0.196875 0.840625
0 0.134375 0.834375 0.428125 0.834375 0.428125 1.0 0.134375 1.0
0 0.296875 0.371875 0.665625 0.371875 0.665625 0.603125 0.296875 0.603125
0 0.671875 0.0 1.0 0.0 1.0 0.215625 0.671875 0.215625
