0 0.259375 0.559375 0.640625 0.559375 0.640625 0.803125 0.259375 0.803125
0 0.0 0.446875 0.203125 0.446875 0.203125 0.728125 0.0 0.728125
0 0.559375 0.846875 0.840625 0.846875 0.840625 1.0 0.559375 1.0
0 0.684375 0.484375 1.0 0.484375 1.0 0.778125 0.684375 0.778125
0 0.196875 0.721875 0.528125 0.721875 0.528125 0.990625 0.196875 0.990625
0 0.0 0.246875 0.115625 0.246875 0.115625 0.453125 0.0 0.453125
0 0.484375 0.609375 0.828125 0.609375 0.828125 0.915625 0.484375 0.915625
0 0.0 0.371875 0.090625 0.371875 0.090625 0.528125 0.0 0.528125
0 0.109375 0.434375 0.328125 0.434375 0.328125 0.640625 0.109375 0.640625
0 0.546875 0.434375 0.978125 0.434375 0.978125 0.678125 0.546875 0.678125
0 0.546875 0.0 0.903125 0.0 0.903125 0.303125 0.546875 0.303125
0 0.0 0.146875 0.128125 0.146875 0.128125 0.365625 0.0 0.365625
0 0.396875 0.396875 0.753125 0.396875 0.753125 0.640625 0.396875 0.640625
0 0.471875 0.146875 0.890625 0.146875 0.890625 0.440625 0.471875 0.440625
