0 0.534375 0.509375 0.790625 0.509375 0.790625 0.815625 0.534375 0.815625
0 0.371875 0.634375 0.653125 0.634375 0.653125 0.853125 0.371875 0.853125
0 0.621875 0.0 0.853125 0.0 0.853125 0.203125 0.621875 0.203125
0 0.659375 0.434375 0.928125 0.434375 0.928125 0.665625 0.659375 0.665625
0 0.296875 0.121875 0.540625 0.121875 0.540625 0.378125 0.296875 0.378125
0 0.0 0.134375 0.078125 0.134375 0.078125 0.328125 0.0 0.328125
0 0.559375 0.809375 0.865625 0.809375 0.865625 1.0 0.559375 1.0
0 0.0 0.046875 0.040625 0.046875 0.040625 0.153125 0.0 0.153125
0 0.146875 0.746875 0.415625 0.746875 0.415625 1.0 0.146875 1.0
0 0.796875 0.0 0.978125 0.0 0.978125 0.190625 0.796875 0.190625
0 0.0 0.409375 0.190625 0.409375 0.190625 0.640625 0.0 0.640625
0 0.096875 0.109375 0.378125 0.109375 0.378125 0.315625 0.096875 0.315625
