0 0.446875 0.071875 0.765625 0.071875 0.765625 0.490625 0.446875 0.490625
0 0.371875 0.596875 0.765625 0.596875 0.765625 0.903125 0.371875 0.903125
0 0.659375 0.259375 0.990625 0.259375 0.990625 0.528125 0.659375 0.528125
0 0.0 0.284375 0.040625 0.284375 0.040625 0.340625 0.0 0.340625
0 0.096875 0.534375 0.353125 0.534375 0.353125 0.890625 0.096875 0.890625
0 0.121875 0.484375 0.403125 0.484375 0.403125 0.728125 0.121875 0.728125
0 0.0 0.421875 0.115625 0.421875 0.115625 0.690625 0.0 0.690625
0 0.0 0.959375 0.015625 0.959375 0.015625 1.0 0.0 1.0
0 0.0 0.971875 0.028125 0.971875 0.028125 1.0 0.0 1.0
0 0.021875 0.809375 0.328125 0.809375 0.328125 1.0 0.021875 1.0
0 0.009375 0.109375 0.328125 0.109375 0.328125 0.390625 0.009375 0.390625
0 0.321875 0.446875 0.603125 0.446875 0.603125 0.678125 0.321875 0.678125
0 0.0 0.371875 0.015625 0.371875 0.015625 0.415625 0.0 0.415625
0 0.809375 0.021875 1.0 0.021875 1.0 0.253125 0.809375 0.253125
