0 0.0 0.0 0.228125 0.0 0.228125 0.315625 0.0 0.315625
0 0.0 0.346875 0.190625 0.346875 0.190625 0.703125 0.0 0.703125
0 0.0 0.709375 0.178125 0.709375 0.178125 1.0 0.0 1.0
0 0.509375 0.546875 0.965625 0.546875 0.965625 0.965625 0.509375 0.965625
0 0.646875 0.296875 1.0 0.296875 1.0 0.678125 0.646875 0.678125
0 0.146875 0.984375 0.178125 0.984375 0.178125 1.0 0.146875 1.0
0 0.096875 0.146875 0.365625 0.146875 0.365625 0.478125 0.096875 0.478125
0 0.571875 0.871875 0.890625 0.871875 0.890625 1.0 0.571875 1.0
0 0.721875 0.0 1.0 0.0 1.0 0.203125 0.721875 0.203125
0 0.334375 0.821875 0.628125 0.821875 0.628125 1.0 0.334375 1.0
0 0.409375 0.0 0.790625 0.0 0.790625 0.328125 0.409375 0.328125
0 0.896875 0.934375 1.0 0.934375 1.0 1.0 0.896875 1.0
0 0.309375 0.359375 0.740625 0.359375 0.740625 0.615625 0.309375 0.615625
0 0.796875 0.221875 1.0 0.221875 1.0 0.428125 0.796875 0.428125
0 0.196875 0.959375 0.253125 0.959375 0.253125 1.0 0.196875 1.0
