0 0.196875 0.621875 0.478125 0.621875 0.478125 0.853125 0.196875 0.853125
0 0.0 0.096875 0.078125 0.096875 0.078125 0.190625 0.0 0.190625
0 0.359375 0.734375 0.615625 0.734375 0.615625 0.978125 0.359375 0.978125
0 0.309375 0.421875 0.590625 0.421875 0.590625 0.715625 0.309375 0.715625
0 0.421875 0.009375 0.690625 0.009375 0.690625 0.265625 0.421875 0.265625
0 0.659375 0.096875 0.853125 0.096875 0.853125 0.303125 0.659375 0.303125
0 0.596875 0.371875 0.803125 0.371875 0.803125 0.553125 0.596875 0.553125
0 0.334375 0.284375 0.515625 0.284375 0.515625 0.453125 0.334375 0.453125
0 0.434375 0.159375 0.740625 0.159375 0.740625 0.353125 0.434375 0.353125
0 0.434375 0.246875 0.778125 0.246875 0.778125 0.503125 0.434375 0.503125
