0 0.0 0.634375 0.165625 0.634375 0.165625 0.965625 0.0 0.965625
0 0.521875 0.159375 0.828125 0.159375 0.828125 0.465625 0.521875 0.465625
0 0.734375 0.0 1.0 0.0 1.0 0.315625 0.734375 0.315625
0 0.746875 0.259375 1.0 0.259375 1.0 0.528125 0.746875 0.528125
0 0.221875 0.721875 0.590625 0.721875 0.590625 1.0 0.221875 1.0
0 0.434375 0.621875 0.765625 0.621875 0.765625 0.928125 0.434375 0.928125
0 0.721875 0.496875 1.0 0.496875 1.0 0.753125 0.721875 0.753125
0 0.734375 0.946875 0.915625 0.946875 0.915625 1.0 0.734375 1.0
0 0.184375 0.359375 0.403125 0.359375 0.403125 0.565625 0.184375 0.565625
0 0.034375 0.259375 0.240625 0.259375 0.240625 0.428125 0.034375 0.428125
0 0.584375 0.484375 0.790625 0.484375 0.790625 0.640625 0.584375 0.640625
0 0.0 0.309375 0.153125 0.309375 0.153125 0.490625 0.0 0.490625
0 0.0 0.459375 0.128125 0.459375 0.128125 0.690625 0.0 0.690625
