0 0.534375 0.096875 1.0 0.096875 1.0 0.403125 0.534375 0.403125
0 0.559375 0.284375 0.915625 0.284375 0.915625 0.653125 0.559375 0.653125
0 0.0 0.0 0.290625 0.0 0.290625 0.240625 0.0 0.240625
0 0.0 0.271875 0.253125 0.271875 0.253125 0.603125 0.0 0.603125
0 0.0 0.709375 0.028125 0.709375 0.028125 0.790625 0.0 0.790625
0 0.259375 0.721875 0.528125 0.721875 0.528125 0.940625 0.259375 0.940625
0 0.0 0.159375 0.015625 0.159375 0.015625 0.203125 0.0 0.203125
0 0.796875 0.384375 1.0 0.384375 1.0 0.665625 0.796875 0.665625
0 0.059375 0.471875 0.390625 0.471875 0.390625 0.803125 0.059375 0.803125
0 0.596875 0.946875 0.740625 0.946875 0.740625 1.0 0.596875 1.0
