0 0.184375 0.784375 0.603125 0.784375 0.603125 1.0 0.184375 1.0
0 0.046875 0.0 0.790625 0.0 0.790625 0.390625 0.046875 0.390625
0 0.0 0.521875 0.015625 0.521875 0.015625 0.553125 0.0 0.553125
0 0.746875 0.0 1.0 0.0 1.0 0.165625 0.746875 0.165625
0 0.0 0.696875 0.190625 0.696875 0.190625 1.0 0.0 1.0
0 0.234375 0.509375 0.665625 0.509375 0.665625 0.890625 0.234375 0.890625
0 0.071875 0.534375 0.290625 0.534375 0.290625 0.765625 0.071875 0.765625
0 0.521875 0.684375 0.828125 0.684375 0.828125 1.0 0.521875 1.0
0 0.0 0.184375 0.228125 0.184375 0.228125 0.540625 0.0 0.540625
0 0.321875 0.321875 0.803125 0.321875 0.803125 0.615625 0.321875 0.615625
0 0.396875 0.509375 0.915625 0.509375 0.915625 0.840625 0.396875 0.840625
