0 0.034375 0.084375 0.290625 0.084375 0.290625 0.365625 0.034375 0.365625
0 0.296875 0.259375 0.515625 0.259375 0.515625 0.528125 0.296875 0.528125
0 0.646875 0.959375 0.740625 0.959375 0.740625 1.0 0.646875 1.0
0 0.796875 0.146875 1.0 0.146875 1.0 0.403125 0.796875 0.403125
0 0.0 0.909375 0.115625 0.909375 0.115625 1.0 0.0 1.0
0 0.609375 0.0 0.940625 0.0 0.940625 0.240625 0.609375 0.240625
0 0.0 0.196875 0.078125 0.196875 0.078125 0.403125 0.0 0.403125
0 0.221875 0.459375 0.478125 0.459375 0.478125 0.715625 0.221875 0.715625
0 0.396875 0.621875 0.653125 0.621875 0.653125 0.865625 0.396875 0.865625
0 0.0 0.684375 0.153125 0.684375 0.153125 0.953125 0.0 0.953125
0 0.646875 0.234375 0.915625 0.234375 0.915625 0.503125 0.646875 0.503125
0 0.0 0.846875 0.015625 0.846875 0.015625 0.890625 0.0 0.890625
0 0.196875 0.671875 0.378125 0.671875 0.378125 0.840625 0.196875 0.840625
0 0.109375 0.584375 0.303125 0.584375 0.303125 0.765625 0.109375 0.765625
0 0.321875 0.0 0.640625 0.0 0.640625 0.253125 0.321875 0.253125
0 0.409375 0.971875 0.490625 0.971875 0.490625 1.0 0.409375 1.0
0 0.396875 0.359375 0.640625 0.359375 0.640625 0.590625 0.396875 0.590625
