0 0.0 0.296875 0.328125 0.296875 0.328125 0.778125 0.0 0.778125
0 0.521875 0.0 1.0 0.0 1.0 0.303125 0.521875 0.303125
0 0.746875 0.809375 1.0 0.809375 1.0 1.0 0.746875 1.0
0 0.0 0.0 0.015625 0.0 0.015625 0.015625 0.0 0.015625
0 0.0 0.596875 0.390625 0.596875 0.390625 0.978125 0.0 0.978125
0 0.421875 0.634375 0.753125 0.634375 0.753125 0.890625 0.421875 0.890625
0 0.684375 0.409375 1.0 0.409375 1.0 0.728125 0.684375 0.728125
0 0.384375 0.234375 0.615625 0.234375 0.615625 0.403125 0.384375 0.403125
0 0.284375 0.734375 0.553125 0.734375 0.553125 0.990625 0.284375 0.990625
0 0.0 0.821875 0.015625 0.821875 0.015625 0.865625 0.0 0.865625
0 0.271875 0.0 0.715625 0.0 0.715625 0.365625 0.271875 0.365625
0 0.096875 0.0 0.553125 0.0 0.553125 0.265625 0.096875 0.265625
0 0.309375 0.359375 0.803125 0.359375 0.803125 0.753125 0.309375 0.753125
