0 0.659375 0.384375 0.940625 0.384375 0.940625 0.565625 0.659375 0.565625
0 0.646875 0.821875 1.0 0.821875 1.0 1.0 0.646875 1.0
0 0.696875 0.259375 1.0 0.259375 1.0 0.703125 0.696875 0.703125
0 0.0 0.821875 0.065625 0.821875 0.065625 1.0 0.0 1.0
0 0.0 0.284375 0.178125 0.284375 0.178125 0.590625 0.0 0.590625
0 0.309375 0.0 0.528125 0.0 0.528125 0.103125 0.309375 0.103125
0 0.434375 0.671875 0.765625 0.671875 0.765625 1.0 0.434375 1.0
0 0.0 0.259375 0.140625 0.259375 0.140625 0.528125 0.0 0.528125
0 0.321875 0.309375 0.665625 0.309375 0.665625 0.628125 0.321875 0.628125
0 0.546875 0.196875 0.865625 0.196875 0.865625 0.453125 0.546875 0.453125
