0 0.371875 0.709375 0.740625 0.709375 0.740625 1.0 0.371875 1.0
0 0.096875 0.321875 0.540625 0.321875 0.540625 0.665625 0.096875 0.665625
0 0.759375 0.284375 1.0 0.284375 1.0 0.665625 0.759375 0.665625
0 0.559375 0.284375 0.928125 0.284375 0.928125 0.603125 0.559375 0.603125
0 0.0 0.621875 0.203125 0.621875 0.203125 0.903125 0.0 0.903125
0 0.396875 0.0 0.740625 0.0 0.740625 0.265625 0.396875 0.265625
0 0.0 0.796875 0.190625 0.796875 0.190625 1.0 0.0 1.0
0 0.259375 0.509375 0.640625 0.509375 0.640625 0.840625 0.259375 0.840625
0 0.471875 0.396875 0.965625 0.396875 0.965625 0.715625 0.471875 0.715625
0 0.709375 0.0 1.0 0.0 1.0 0.328125 0.709375 0.328125
