0 0.0 0.396875 0.028125 0.396875 0.028125 0.428125 0.0 0.428125
0 0.0 0.709375 0.153125 0.709375 0.153125 1.0 0.0 1.0
0 0.146875 0.559375 0.415625 0.559375 0.415625 0.828125 0.146875 0.828125
0 0.0 0.884375 0.153125 0.884375 0.153125 1.0 0.0 1.0
0 0.321875 0.909375 0.565625 0.909375 0.565625 1.0 0.321875 1.0
0 0.396875 0.184375 0.578125 0.184375 0.578125 0.365625 0.396875 0.365625
0 0.421875 0.659375 0.653125 0.659375 0.653125 0.878125 0.421875 0.878125
0 0.759375 0.971875 0.803125 0.971875 0.803125 1.0 0.759375 1.0
0 0.734375 0.534375 1.0 0.534375 1.0 0.790625 0.734375 0.790625
0 0.0 0.284375 0.028125 0.284375 0.028125 0.390625 0.0 0.390625
0 0.696875 0.0 1.0 0.0 1.0 0.265625 0.696875 0.265625
0 0.071875 0.0 0.365625 0.0 0.365625 0.215625 0.071875 0.215625
