0 0.021875 0.384375 0.365625 0.384375 0.365625 0.678125 0.021875 0.678125
0 0.409375 0.0 0.853125 0.0 0.853125 0.103125 0.409375 0.103125
0 0.0 0.159375 0.090625 0.159375 0.090625 0.390625 0.0 0.390625
0 0.0 0.959375 0.053125 0.959375 0.053125 1.0 0.0 1.0
0 0.459375 0.159375 0.803125 0.159375 0.803125 0.453125 0.459375 0.453125
0 0.246875 0.084375 0.565625 0.084375 0.565625 0.365625 0.246875 0.365625
0 0.0 0.621875 0.053125 0.621875 0.053125 0.715625 0.0 0.715625
0 0.684375 0.846875 0.878125 0.846875 0.878125 1.0 0.684375 1.0
0 0.634375 0.071875 0.903125 0.071875 0.903125 0.315625 0.634375 0.315625
0 0.109375 0.721875 0.328125 0.721875 0.328125 0.928125 0.109375 0.928125
0 0.321875 0.771875 0.740625 0.771875 0.740625 1.0 0.321875 1.0
0 0.084375 0.0 0.490625 0.0 0.490625 0.290625 0.084375 0.290625
