0 0.559375 0.646875 0.865625 0.646875 0.865625 0.928125 0.559375 0.928125
0 0.0 0.409375 0.165625 0.409375 0.165625 0.753125 0.0 0.753125
0 0.196875 0.034375 0.428125 0.034375 0.428125 0.290625 0.196875 0.290625
0 0.0 0.659375 0.078125 0.659375 0.078125 0.865625 0.0 0.865625
0 0.496875 0.959375 0.590625 0.959375 0.590625 1.0 0.496875 1.0
0 0.546875 0.934375 0.728125 0.934375 0.728125 1.0 0.546875 1.0
0 0.0 0.234375 0.215625 0.234375 0.215625 0.528125 0.0 0.528125
0 0.659375 0.559375 0.978125 0.559375 0.978125 0.853125 0.659375 0.853125
0 0.0 0.746875 0.240625 0.746875 0.240625 0.965625 0.0 0.965625
0 0.609375 0.0 0.790625 0.0 0.790625 0.153125 0.609375 0.153125
0 0.071875 0.921875 0.240625 0.921875 0.240625 1.0 0.071875 1.0
0 0.296875 0.546875 0.690625 0.546875 0.690625 0.815625 0.296875 0.815625
0 0.709375 0.296875 1.0 0.296875 1.0 0.490625 0.709375 0.490625
0 0.571875 0.134375 0.978125 0.134375 0.978125 0.440625 0.571875 0.440625
0 0.446875 0.0 0.715625 0.0 0.715625 0.153125 0.446875 0.153125
