0 0.521875 0.084375 0.828125 0.084375 0.828125 0.415625 0.521875 0.415625
0 0.234375 0.509375 0.465625 0.509375 0.465625 0.715625 0.234375 0.715625
0 0.0 0.859375 0.153125 0.859375 0.153125 1.0 0.0 1.0
0 0.309375 0.946875 0.340625 0.946875 0.340625 1.0 0.309375 1.0
0 0.096875 0.721875 0.390625 0.721875 0.390625 0.978125 0.096875 0.978125
0 0.646875 0.559375 0.953125 0.559375 0.953125 0.840625 0.646875 0.840625
0 0.0 0.271875 0.203125 0.271875 0.203125 0.553125 0.0 0.553125
0 0.0 0.821875 0.053125 0.821875 0.053125 0.928125 0.0 0.928125
0 0.284375 0.446875 0.553125 0.446875 0.553125 0.653125 0.284375 0.653125
0 0.384375 0.534375 0.678125 0.534375 0.678125 0.803125 0.384375 0.803125
0 0.821875 0.859375 1.0 0.859375 1.0 1.0 0.821875 1.0
0 0.0 0.0 0.153125 0.0 0.153125 0.215625 0.0 0.215625
0 0.0 0.484375 0.128125 0.484375 0.128125 0.728125 0.0 0.728125
