0 0.484375 0.0 0.765625 0.0 0.765625 0.178125 0.484375 0.178125
0 0.746875 0.721875 1.0 0.721875 1.0 1.0 0.746875 1.0
0 0.071875 0.646875 0.328125 0.646875 0.328125 0.790625 0.071875 0.790625
0 0.0 0.634375 0.065625 0.634375 0.065625 0.715625 0.0 0.715625
0 0.459375 0.721875 0.715625 0.721875 0.715625 0.978125 0.459375 0.978125
0 0.584375 0.934375 0.753125 0.934375 0.753125 1.0 0.584375 1.0
0 0.271875 0.734375 0.515625 0.734375 0.515625 1.0 0.271875 1.0
0 0.746875 0.946875 0.928125 0.946875 0.928125 1.0 0.746875 1.0
0 0.0 0.784375 0.165625 0.784375 0.165625 1.0 0.0 1.0
0 0.0 0.971875 0.028125 0.971875 0.028125 1.0 0.0 1.0
0 0.296875 0.984375 0.328125 0.984375 0.328125 1.0 0.296875 1.0
0 0.0 0.309375 0.090625 0.309375 0.090625 0.490625 0.0 0.490625
0 0.646875 0.034375 0.840625 0.034375 0.840625 0.253125 0.646875 0.253125
0 0.021875 0.471875 0.165625 0.471875 0.165625 0.653125 0.021875 0.653125
0 0.509375 0.409375 0.890625 0.409375 0.890625 0.653125 0.509375 0.653125
0 0.509375 0.596875 0.828125 0.596875 0.828125 0.803125 0.509375 0.803125
0 0.021875 0.709375 0.290625 0.709375 0.290625 0.890625 0.021875 0.890625
0 0.121875 0.846875 0.328125 0.846875 0.328125 1.0 0.121875 1.0
0 0.146875 0.359375 0.478125 0.359375 0.478125 0.615625 0.146875 0.615625
0 0.196875 0.171875 0.515625 0.171875 0.515625 0.415625 0.196875 0.415625
