0 0.496875 0.0 0.828125 0.0 0.828125 0.290625 0.496875 0.290625
0 0.221875 0.621875 0.515625 0.621875 0.515625 0.903125 0.221875 0.903125
0 0.221875 0.446875 0.528125 0.446875 0.528125 0.728125 0.221875 0.728125
0 0.546875 0.059375 0.815625 0.059375 0.815625 0.303125 0.546875 0.303125
0 0.371875 0.0 0.653125 0.0 0.653125 0.253125 0.371875 0.253125
0 0.009375 0.446875 0.315625 0.446875 0.315625 0.765625 0.009375 0.765625
0 0.809375 0.734375 1.0 0.734375 1.0 0.940625 0.809375 0.940625
0 0.121875 0.809375 0.340625 0.809375 0.340625 1.0 0.121875 1.0
0 0.609375 0.534375 1.0 0.534375 1.0 0.840625 0.609375 0.840625
0 0.684375 0.171875 1.0 0.171875 1.0 0.465625 0.684375 0.465625
0 0.146875 0.221875 0.478125 0.221875 0.478125 0.515625 0.146875 0.515625
