0 0.771875 0.0 1.0 0.0 1.0 0.328125 0.771875 0.328125
0 0.134375 0.959375 0.228125 0.959375 0.228125 1.0 0.134375 1.0
0 0.021875 0.809375 0.240625 0.809375 0.240625 1.0 0.021875 1.0
0 0.184375 0.496875 0.465625 0.496875 0.465625 0.765625 0.184375 0.765625
0 0.434375 0.959375 0.565625 0.959375 0.565625 1.0 0.434375 1.0
0 0.0 0.759375 0.053125 0.759375 0.053125 0.853125 0.0 0.853125
0 0.721875 0.546875 1.0 0.546875 1.0 0.840625 0.721875 0.840625
0 0.909375 0.971875 0.978125 0.971875 0.978125 1.0 0.909375 1.0
0 0.559375 0.446875 0.828125 0.446875 0.828125 0.740625 0.559375 0.740625
0 0.634375 0.834375 0.890625 0.834375 0.890625 1.0 0.634375 1.0
0 0.371875 0.509375 0.665625 0.509375 0.665625 0.803125 0.371875 0.803125
0 0.0 0.0 0.128125 0.0 0.128125 0.165625 0.0 0.165625
0 0.559375 0.046875 0.990625 0.046875 0.990625 0.328125 0.559375 0.328125
0 0.784375 0.884375 1.0 0.884375 1.0 1.0 0.784375 1.0
0 0.0 0.646875 0.078125 0.646875 0.078125 0.828125 0.0 0.828125
0 0.459375 0.284375 0.865625 0.284375 0.865625 0.515625 0.459375 0.515625
0 0.821875 0.446875 1.0 0.446875 1.0 0.665625 0.821875 0.665625
