0 0.0 0.1359375 0.08290781249999987 0.1359375 0.0 0.0 0.08290781249999987 0.0
0 0.18450468750000013 0.0 0.23038593749999983 0.0 0.18450468750000013 0.0 0.23038593749999983 0.0
0 0.0 0.1359375 0.0 0.1359375 0.0 0.0 0.0 0.0
0 0.0 0.1359375 0.0 0.1359375 0.0 0.0 0.0 0.0
0 0.18194374999999993 0.0 0.3171875 0.0 0.18194374999999993 0.0 0.3171875 0.0
0 0.0 0.1359375 0.0 0.1359375 0.0 0.0 0.0 0.0
0 0.0 0.1359375 0.16446093750000018 0.1359375 0.0 0.13001532499999993 0.16446093750000018 0.13001532499999993
0 0.0 0.11971637499999996 0.0 0.11971637499999996 0.0 0.0 0.0 0.0
0 0.0 0.1359375 0.1831921874999999 0.1359375 0.0 0.0 0.1831921874999999 0.0
0 0.0 0.1359375 0.0 0.1359375 0.0 0.08515773437499999 0.0 0.08515773437499999
0 0.10648750000000007 0.0 0.3171875 0.0 0.10648750000000007 0.0 0.3171875 0.0
0 0.0 0.1359375 0.0 0.1359375 0.0 0.09727781249999996 0.0 0.09727781249999996
