0 0.6679999999999999 0.0 0.8198296875000001 0.0 0.6679999999999999 0.0 0.8198296875000001 0.0
0 0.25161718749999995 0.0 0.41022218749999995 0.0 0.25161718749999995 0.0 0.41022218749999995 0.0
0 0.024545312499999916 0.0 0.1710389062499999 0.0 0.024545312499999916 0.0 0.1710389062499999 0.0
0 0.26835406249999993 0.0 0.33892234375 0.0 0.26835406249999993 0.0 0.33892234375 0.0
0 0.7717859375 0.1359375 1.0 0.1359375 0.7717859375 0.0 1.0 0.0
0 0.16619687499999997 0.0 0.24331093750000007 0.0 0.16619687499999997 0.0 0.24331093750000007 0.0
0 0.3553771875000001 0.1359375 0.6577312500000001 0.1359375 0.3553771875000001 0.0 0.6577312500000001 0.0
0 0.0 0.1359375 0.0 0.1359375 0.0 0.0 0.0 0.0
0 0.5391426562499999 0.1359375 0.8230828124999998 0.1359375 0.5391426562499999 0.0 0.8230828124999998 0.0
0 0.9358812499999999 0.1359375 1.0 0.1359375 0.9358812499999999 0.13001532499999993 1.0 0.13001532499999993
0 0.27117640625000006 0.11971637499999996 0.4476884374999999 0.11971637499999996 0.27117640625000006 0.0 0.4476884374999999 0.0
0 0.0 0.0 0.14777703125000005 0.0 0.0 0.0 0.14777703125000005 0.0
0 0.8795296874999998 0.1359375 1.0 0.1359375 0.8795296874999998 0.0 1.0 0.0
0 0.3993074999999999 0.1359375 0.8034468749999999 0.1359375 0.3993074999999999 0.08515773437499999 0.8034468749999999 0.08515773437499999
0 0.044617968750000084 0.0 0.23333296874999992 0.0 0.044617968750000084 0.0 0.23333296874999992 0.0
0 0.23275140625000007 0.0 0.42642328124999995 0.0 0.23275140625000007 0.0 0.42642328124999995 0.0
0 0.6621390625 0.1359375 0.87725625 0.1359375 0.6621390625 0.09727781249999996 0.87725625 0.09727781249999996
