0 1.0 0.1359375 1.0 0.1359375 1.0 0.07453879687500002 1.0 0.07453879687500002
0 1.0 0.012964437499999981 1.0 0.012964437499999981 1.0 0.0 1.0 0.0
0 0.7495281250000001 0.0 1.0 0.0 0.7495281250000001 0.0 1.0 0.0
0 0.10044046874999993 0.0 0.3860185937500001 0.0 0.10044046874999993 0.0 0.3860185937500001 0.0
0 0.6812046875 0.0 0.732209375 0.0 0.6812046875 0.0 0.732209375 0.0
0 0.0 0.1359375 0.0 0.1359375 0.0 0.09389942187500004 0.0 0.09389942187500004
0 0.0 0.1359375 0.0 0.1359375 0.0 0.0 0.0 0.0
0 0.6698687499999998 0.0 0.8633343750000002 0.0 0.6698687499999998 0.0 0.8633343750000002 0.0
0 0.8972296875000001 0.0 1.0 0.0 0.8972296875000001 0.0 1.0 0.0
0 0.23808000000000007 0.0 0.5093759375 0.0 0.23808000000000007 0.0 0.5093759375 0.0
0 0.03699140624999995 0.1359375 0.1652609375000001 0.1359375 0.03699140624999995 0.12337250781249995 0.1652609375000001 0.12337250781249995
0 0.0003635937500000352 0.0 0.23656015625000001 0.0 0.0003635937500000352 0.0 0.23656015625000001 0.0
0 0.7524203125 0.0 0.8089515625000001 0.0 0.7524203125 0.0 0.8089515625000001 0.0
0 0.08672625000000007 0.0 0.24011093750000007 0.0 0.08672625000000007 0.0 0.24011093750000007 0.0
0 0.0 0.1359375 0.0 0.1359375 0.0 0.10825554687499998 0.0 0.10825554687499998
0 0.3948549999999999 0.0 0.6160406250000001 0.0 0.3948549999999999 0.0 0.6160406250000001 0.0
0 0.0 0.0 0.06830968750000004 0.0 0.0 0.0 0.06830968750000004 0.0
0 0.0 0.1359375 0.10464968750000007 0.1359375 0.0 0.0 0.10464968750000007 0.0
0 0.9221734375 0.0 1.0 0.0 0.9221734375 0.0 1.0 0.0
0 0.24896656250000007 0.1359375 0.5180582812500001 0.1359375 0.24896656250000007 0.11840145312499999 0.5180582812500001 0.11840145312499999
0 0.5781484375 0.1359375 0.8903281249999999 0.1359375 0.5781484375 0.0 0.8903281249999999 0.0
0 0.0 0.1359375 0.0333609375 0.1359375 0.0 0.042917703124999915 0.0333609375 0.042917703124999915
0 0.21974937499999997 0.0 0.3448882812500001 0.0 0.21974937499999997 0.0 0.3448882812500001 0.0
