0 0.0 0.08608678125000005 0.0 0.08608678125000005 0.0 0.0 0.0 0.0
0 0.0 0.1359375 0.021873437500000037 0.1359375 0.0 0.033034609375000024 0.021873437500000037 0.033034609375000024
0 0.0 0.1359375 0.0 0.1359375 0.0 0.08832245312500006 0.0 0.08832245312500006
0 0.0 0.0 0.0044390624999998355 0.0 0.0 0.0 0.0044390624999998355 0.0
0 0.0 0.0 0.02203906250000003 0.0 0.0 0.0 0.02203906250000003 0.0
0 0.0 0.1359375 0.09227031250000017 0.1359375 0.0 0.0 0.09227031250000017 0.0
0 0.0 0.06352234375000006 0.0 0.06352234375000006 0.0 0.0 0.0 0.0
0 0.0 0.1359375 0.0 0.1359375 0.0 0.08764034375000004 0.0 0.08764034375000004
0 0.0 0.1359375 0.0 0.1359375 0.0 0.09607946875 0.0 0.09607946875
0 0.0 0.1359375 0.0 0.1359375 0.0 0.0 0.0 0.0
0 0.0 0.075371703125 0.0 0.075371703125 0.0 0.0 0.0 0.0
0 0.0 0.1359375 0.20883281250000002 0.1359375 0.0 0.030659359374999973 0.20883281250000002 0.030659359374999973
0 0.0 0.09575156249999991 0.0 0.09575156249999991 0.0 0.0 0.0 0.0
0 0.23846874999999984 0.11893906249999997 0.3171875 0.11893906249999997 0.23846874999999984 0.0 0.3171875 0.0
0 0.0 0.0 0.22722968749999986 0.0 0.0 0.0 0.22722968749999986 0.0
0 0.0 0.1359375 0.0 0.1359375 0.0 0.11599581249999993 0.0 0.11599581249999993
0 0.0 0.1359375 0.0 0.1359375 0.0 0.04122796874999999 0.0 0.04122796874999999
0 0.0 0.11814260937499999 0.0 0.11814260937499999 0.0 0.0 0.0 0.0
0 0.2851296874999999 0.0 0.3171875 0.0 0.2851296874999999 0.0 0.3171875 0.0
0 0.0 0.0 0.053423437500000046 0.0 0.0 0.0 0.053423437500000046 0.0
