0 0.0 0.6112340625 0.005128124999999884 0.6112340625 0.0 0.346861875 0.005128124999999884 0.346861875
0 0.0 1.0 0.0 1.0 0.0 0.9204451562500001 0.0 0.9204451562500001
0 0.0 0.77322515625 0.0 0.77322515625 0.0 0.46908640625000003 0.0 0.46908640625000003
0 0.0 0.5704209375 0.0 0.5704209375 0.0 0.3460459375 0.0 0.3460459375
0 0.0 0.7319853125 0.0 0.7319853125 0.0 0.41961078125 0.0 0.41961078125
0 0.0 0.42633875000000004 0.0 0.42633875000000004 0.0 0.16225640625000004 0.0 0.16225640625000004
0 0.0 0.5682478125 0.0 0.5682478125 0.0 0.26422953125 0.0 0.26422953125
0 0.0 0.70153765625 0.0036843749999999178 0.70153765625 0.0 0.538643125 0.0036843749999999178 0.538643125
0 0.012617187500000071 0.994402921875 0.20601875000000014 0.994402921875 0.012617187500000071 0.8011367187499999 0.20601875000000014 0.8011367187499999
0 0.0 0.3793184375 0.0 0.3793184375 0.0 0.08828187500000002 0.0 0.08828187500000002
0 0.1593250000000001 0.82952328125 0.21745781250000001 0.82952328125 0.1593250000000001 0.77286328125 0.21745781250000001 0.77286328125
0 0.0 0.753026875 0.0 0.753026875 0.0 0.70205359375 0.0 0.70205359375
0 0.0 1.0 0.0 1.0 0.0 0.9577167187500001 0.0 0.9577167187500001
0 0.0 0.2674185937500001 0.0 0.2674185937500001 0.0 0.021707343749999986 0.0 0.021707343749999986
0 0.30023281249999983 0.35497796875 0.3171875 0.35497796875 0.30023281249999983 0.08591468750000004 0.3171875 0.08591468750000004
0 0.0 0.16032593750000004 0.0 0.16032593750000004 0.0 0.0 0.0 0.0
0 0.0 0.73183296875 0.0 0.73183296875 0.0 0.48887140625000003 0.0 0.48887140625000003
0 0.0 0.012593125000000071 0.0 0.012593125000000071 0.0 0.0 0.0 0.0
0 0.0 0.13327765624999993 0.0 0.13327765624999993 0.0 0.0 0.0 0.0
0 0.0 0.8860203125 0.0 0.8860203125 0.0 0.44934859375 0.0 0.44934859375
0 0.0 1.0 0.0 1.0 0.0 0.98006334375 0.0 0.98006334375
0 0.0 0.4054109375 0.0 0.4054109375 0.0 0.0 0.0 0.0
0 0.0 0.3254234374999999 0.0 0.3254234374999999 0.0 0.0 0.0 0.0
0 0.0 1.0 0.0 1.0 0.0 0.9118265624999999 0.0 0.9118265624999999
0 0.0 0.51239453125 0.0 0.51239453125 0.0 0.26771312500000005 0.0 0.26771312500000005
0 0.0 0.6739499999999999 0.1530390624999999 0.6739499999999999 0.0 0.45232875000000006 0.1530390624999999 0.45232875000000006
0 0.0 0.5382240625 0.0 0.5382240625 0.0 0.48770953125 0.0 0.48770953125
0 0.0 1.0 0.01572500000000012 1.0 0.0 0.9745649999999999 0.01572500000000012 0.9745649999999999
0 0.0 1.0 0.0 1.0 0.0 0.9517751562499999 0.0 0.9517751562499999
0 0.0 0.96007703125 0.0 0.96007703125 0.0 0.75713296875 0.0 0.75713296875
0 0.0 0.64217109375 0.0 0.64217109375 0.0 0.40778749999999997 0.0 0.40778749999999997
0 0.0 0.9746584374999999 0.0 0.9746584374999999 0.0 0.6814960937500001 0.0 0.6814960937500001
0 0.0 0.6637485937500001 0.0 0.6637485937500001 0.0 0.39981999999999995 0.0 0.39981999999999995
