0 0.0 0.10100881249999993 0.0 0.10100881249999993 0.0 0.0 0.0 0.0
0 0.30336562499999997 0.0 0.3171875 0.0 0.30336562499999997 0.0 0.3171875 0.0
0 0.0 0.0 0.02399218750000003 0.0 0.0 0.0 0.02399218750000003 0.0
0 0.0 0.015784734374999942 0.0 0.015784734374999942 0.0 0.0 0.0 0.0
0 0.0 0.1359375 0.0 0.1359375 0.0 0.0 0.0 0.0
0 0.0 0.1359375 0.0 0.1359375 0.0 0.04180298437500003 0.0 0.04180298437500003
0 0.0 0.0 0.08438906250000003 0.0 0.0 0.0 0.08438906250000003 0.0
0 0.0 0.07131187499999996 0.0 0.07131187499999996 0.0 0.0 0.0 0.0
0 0.0 0.1359375 0.0 0.1359375 0.0 0.0 0.0 0.0
0 0.0 0.0 0.2442421875000001 0.0 0.0 0.0 0.2442421875000001 0.0
0 0.0 0.1359375 0.10493437499999984 0.1359375 0.0 0.0 0.10493437499999984 0.0
0 0.0 0.13593485876874994 0.0 0.13593485876874994 0.0 0.0 0.0 0.0
0 0.0 0.1359375 0.0 0.1359375 0.0 0.04547534374999991 0.0 0.04547534374999991
0 0.07928437499999993 0.0 0.3171875 0.0 0.07928437499999993 0.0 0.3171875 0.0
0 0.21921718749999997 0.0 0.3171875 0.0 0.21921718749999997 0.0 0.3171875 0.0
0 0.0 0.1359375 0.0 0.1359375 0.0 0.034579468749999974 0.0 0.034579468749999974
