0 0.0 0.019802812500000044 0.0 0.019802812500000044 0.0 0.0 0.0 0.0
0 0.0 1.0 0.0 1.0 0.0 0.8044310937500001 0.0 0.8044310937500001
0 0.0 0.32302 0.28894953124999995 0.32302 0.0 0.013319062499999923 0.28894953124999995 0.013319062499999923
0 0.45618296875 0.7945734375 0.53390859375 0.7945734375 0.45618296875 0.7173462500000001 0.53390859375 0.7173462500000001
0 0.34270750000000005 0.33440765624999996 0.5807921875 0.33440765624999996 0.34270750000000005 0.09029624999999993 0.5807921875 0.09029624999999993
0 0.27927328125000006 0.02316421875000003 0.724503125 0.02316421875000003 0.27927328125000006 0.0 0.724503125 0.0
0 0.0 0.71212984375 0.0 0.71212984375 0.0 0.5555167187500001 0.0 0.5555167187500001
0 0.0 0.60624421875 0.0 0.60624421875 0.0 0.2435734374999999 0.0 0.2435734374999999
0 0.05593749999999993 0.73688921875 0.21468156250000003 0.73688921875 0.05593749999999993 0.57139890625 0.21468156250000003 0.57139890625
0 1.0 0.012055937499999914 1.0 0.012055937499999914 1.0 0.0 1.0 0.0
0 0.0 0.044546874999999986 0.0 0.044546874999999986 0.0 0.0 0.0 0.0
0 0.6546390625 0.779170625 0.8772031250000001 0.779170625 0.6546390625 0.549000625 0.8772031250000001 0.549000625
0 0.0 0.43048171875 0.0 0.43048171875 0.0 0.26106171875000006 0.0 0.26106171875000006
0 0.0 0.25222203125 0.0 0.25222203125 0.0 0.02237390625 0.0 0.02237390625
0 1.0 0.40657328125000003 1.0 0.40657328125000003 1.0 0.22948609374999993 1.0 0.22948609374999993
0 0.0 0.76854546875 0.0 0.76854546875 0.0 0.608538125 0.0 0.608538125
0 0.0 0.40338765624999995 0.0 0.40338765624999995 0.0 0.11265890625000008 0.0 0.11265890625000008
0 0.0 0.89445640625 0.0 0.89445640625 0.0 0.67178984375 0.0 0.67178984375
0 0.0 0.14515984374999996 0.0 0.14515984374999996 0.0 0.0 0.0 0.0
0 0.6581046874999998 0.95056515625 0.892728125 0.95056515625 0.6581046874999998 0.7160428125 0.892728125 0.7160428125
0 1.0 0.5826353125 1.0 0.5826353125 1.0 0.5052853125000001 1.0 0.5052853125000001
0 1.0 1.0 1.0 1.0 1.0 0.916805625 1.0 0.916805625
0 0.0 0.8885759375 0.029016874999999942 0.8885759375 0.0 0.629446875 0.029016874999999942 0.629446875
0 0.7309125000000002 0.8187198437500001 0.9545375 0.8187198437500001 0.7309125000000002 0.5713804687499999 0.9545375 0.5713804687499999
0 1.0 0.47567359375 1.0 0.47567359375 1.0 0.16693828125000004 1.0 0.16693828125000004
0 0.0 0.62050109375 0.0 0.62050109375 0.0 0.4350953125 0.0 0.4350953125
0 0.0 0.5587089062499999 0.0 0.5587089062499999 0.0 0.26995796875 0.0 0.26995796875
0 0.0 0.2306920312500001 0.0 0.2306920312500001 0.0 0.0 0.0 0.0
0 0.0 0.8387818750000001 0.0 0.8387818750000001 0.0 0.59054109375 0.0 0.59054109375
0 1.0 0.95852203125 1.0 0.95852203125 1.0 0.818765 1.0 0.818765
0 0.0 1.0 0.03418718750000007 1.0 0.0 0.85798515625 0.03418718750000007 0.85798515625
