0 1.0 0.6112340625 1.0 0.6112340625 1.0 0.346861875 1.0 0.346861875
0 0.6554796875 1.0 0.95572671875 1.0 0.6554796875 0.9204451562500001 0.95572671875 0.9204451562500001
0 0.05887378125 0.77322515625 0.36150296875 0.77322515625 0.05887378125 0.46908640625000003 0.36150296875 0.46908640625000003
0 1.0 0.5704209375 1.0 0.5704209375 1.0 0.3460459375 1.0 0.3460459375
0 0.0 0.7319853125 0.150588671875 0.7319853125 0.0 0.41961078125 0.150588671875 0.41961078125
0 0.9311409375 0.42633875000000004 1.0 0.42633875000000004 0.9311409375 0.16225640625000004 1.0 0.16225640625000004
0 1.0 0.5682478125 1.0 0.5682478125 1.0 0.26422953125 1.0 0.26422953125
0 1.0 0.70153765625 1.0 0.70153765625 1.0 0.538643125 1.0 0.538643125
0 1.0 0.994402921875 1.0 0.994402921875 1.0 0.8011367187499999 1.0 0.8011367187499999
0 0.46851484374999997 0.3793184375 0.76314078125 0.3793184375 0.46851484374999997 0.08828187500000002 0.76314078125 0.08828187500000002
0 1.0 0.82952328125 1.0 0.82952328125 1.0 0.77286328125 1.0 0.77286328125
0 1.0 0.753026875 1.0 0.753026875 1.0 0.70205359375 1.0 0.70205359375
0 0.99034859375 1.0 1.0 1.0 0.99034859375 0.9577167187500001 1.0 0.9577167187500001
0 1.0 0.2674185937500001 1.0 0.2674185937500001 1.0 0.021707343749999986 1.0 0.021707343749999986
0 1.0 0.35497796875 1.0 0.35497796875 1.0 0.08591468750000004 1.0 0.08591468750000004
0 0.6809646875 0.16032593750000004 0.9732904687499999 0.16032593750000004 0.6809646875 0.0 0.9732904687499999 0.0
0 0.6069653125000001 0.73183296875 0.855565 0.73183296875 0.6069653125000001 0.48887140625000003 0.855565 0.48887140625000003
0 0.0 0.012593125000000071 0.036504906250000003 0.012593125000000071 0.0 0.0 0.036504906250000003 0.0
0 1.0 0.13327765624999993 1.0 0.13327765624999993 1.0 0.0 1.0 0.0
0 0.0 0.8860203125 0.31885484375 0.8860203125 0.0 0.44934859375 0.31885484375 0.44934859375
0 1.0 1.0 1.0 1.0 1.0 0.98006334375 1.0 0.98006334375
0 1.0 0.4054109375 1.0 0.4054109375 1.0 0.0 1.0 0.0
0 1.0 0.3254234374999999 1.0 0.3254234374999999 1.0 0.0 1.0 0.0
0 0.35015046875 1.0 0.59685859375 1.0 0.35015046875 1.0 0.59685859375 1.0
0 0.038254296874999996 1.0 0.34367171875 1.0 0.038254296874999996 0.9118265624999999 0.34367171875 0.9118265624999999
0 1.0 0.51239453125 1.0 0.51239453125 1.0 0.26771312500000005 1.0 0.26771312500000005
0 1.0 0.6739499999999999 1.0 0.6739499999999999 1.0 0.45232875000000006 1.0 0.45232875000000006
0 0.3870803125 0.5382240625 0.43596484375 0.5382240625 0.3870803125 0.48770953125 0.43596484375 0.48770953125
0 1.0 1.0 1.0 1.0 1.0 0.9745649999999999 1.0 0.9745649999999999
0 1.0 1.0 1.0 1.0 1.0 0.9517751562499999 1.0 0.9517751562499999
0 0.0 0.96007703125 0.150964453125 0.96007703125 0.0 0.75713296875 0.150964453125 0.75713296875
0 1.0 0.64217109375 1.0 0.64217109375 1.0 0.40778749999999997 1.0 0.40778749999999997
0 0.0 0.9746584374999999 0.084755328125 0.9746584374999999 0.0 0.6814960937500001 0.084755328125 0.6814960937500001
0 0.0 0.6637485937500001 0.19231421875000002 0.6637485937500001 0.0 0.39981999999999995 0.19231421875000002 0.39981999999999995
