0 0.20691937500000002 0.0 0.6554234375 0.0 0.20691937500000002 0.0 0.6554234375 0.0
0 0.20644640625000008 0.0 0.4302046875 0.0 0.20644640625000008 0.0 0.4302046875 0.0
0 0.0 0.1359375 0.0 0.1359375 0.0 0.0 0.0 0.0
0 0.0 0.09649771875000006 0.0 0.09649771875000006 0.0 0.0 0.0 0.0
0 0.0 0.0 0.08101031249999995 0.0 0.0 0.0 0.08101031249999995 0.0
0 0.3731342187499999 0.1359375 0.5972312499999999 0.1359375 0.3731342187499999 0.11243503125000007 0.5972312499999999 0.11243503125000007
0 0.02519015625000005 0.1359375 0.14637796875000006 0.1359375 0.02519015625000005 0.04675448437499998 0.14637796875000006 0.04675448437499998
0 1.0 0.1359375 1.0 0.1359375 1.0 0.026948437499999933 1.0 0.026948437499999933
0 0.9868359375000001 0.1359375 1.0 0.1359375 0.9868359375000001 0.04867020312499992 1.0 0.04867020312499992
0 0.9517812500000001 0.0 1.0 0.0 0.9517812500000001 0.0 1.0 0.0
0 0.39218343749999995 0.0 0.6131359374999998 0.0 0.39218343749999995 0.0 0.6131359374999998 0.0
0 0.370066875 0.1359375 0.4488382812499999 0.1359375 0.370066875 0.06145504687500001 0.4488382812499999 0.06145504687500001
0 0.8454203124999999 0.1359375 1.0 0.1359375 0.8454203124999999 0.030234640625000076 1.0 0.030234640625000076
0 1.0 0.1359375 1.0 0.1359375 1.0 0.0 1.0 0.0
0 0.7844109374999999 0.1359375 1.0 0.1359375 0.7844109374999999 0.003574328124999937 1.0 0.003574328124999937
0 0.9285359374999999 0.1359375 1.0 0.1359375 0.9285359374999999 0.00994934374999996 1.0 0.00994934374999996
0 0.0 0.1359375 0.0 0.1359375 0.0 0.09013035937500007 0.0 0.09013035937500007
0 0.8205953125000001 0.0 1.0 0.0 0.8205953125000001 0.0 1.0 0.0
0 0.0 0.1359375 0.0 0.1359375 0.0 0.038351015625000075 0.0 0.038351015625000075
0 0.0 0.1359375 0.0 0.1359375 0.0 0.0 0.0 0.0
0 0.7260921875000002 0.1359375 0.890971875 0.1359375 0.7260921875000002 0.02155345312500003 0.890971875 0.02155345312500003
0 0.145815625 0.0 0.3486515624999999 0.0 0.145815625 0.0 0.3486515624999999 0.0
0 0.0 0.0 0.13461234374999992 0.0 0.0 0.0 0.13461234374999992 0.0
0 0.34852000000000005 0.0 0.5732578125 0.0 0.34852000000000005 0.0 0.5732578125 0.0
0 0.8951843749999998 0.0 1.0 0.0 0.8951843749999998 0.0 1.0 0.0
0 1.0 0.10888535937500006 1.0 0.10888535937500006 1.0 0.0 1.0 0.0
0 0.20070171875000006 0.0718509375 0.5134128125 0.0718509375 0.20070171875000006 0.0 0.5134128125 0.0
0 0.4427846875 0.0 0.8756625 0.0 0.4427846875 0.0 0.8756625 0.0
0 0.05690531249999999 0.0 0.10414718749999992 0.0 0.05690531249999999 0.0 0.10414718749999992 0.0
