0 0.0 0.1359375 0.0 0.1359375 0.0 0.10847107812499993 0.0 0.10847107812499993
0 0.3058128125 0.1359375 0.42589640625 0.1359375 0.3058128125 0.11841426562499997 0.42589640625 0.11841426562499997
0 0.18440937500000007 0.1359375 0.3460315625 0.1359375 0.18440937500000007 0.013144828124999997 0.3460315625 0.013144828124999997
0 0.9077109374999999 0.1359375 1.0 0.1359375 0.9077109374999999 0.11024148437499992 1.0 0.11024148437499992
0 0.7344281250000002 0.0 1.0 0.0 0.7344281250000002 0.0 1.0 0.0
0 0.7326374999999998 0.0 0.87779375 0.0 0.7326374999999998 0.0 0.87779375 0.0
0 0.6902000000000001 0.0 0.8543078125000001 0.0 0.6902000000000001 0.0 0.8543078125000001 0.0
0 0.0 0.1359375 0.0 0.1359375 0.0 0.0 0.0 0.0
0 0.0 0.1359375 0.18460031249999992 0.1359375 0.0 0.039688687499999986 0.18460031249999992 0.039688687499999986
0 0.8320062499999998 0.027366265624999997 1.0 0.027366265624999997 0.8320062499999998 0.0 1.0 0.0
0 0.0 0.1359375 0.0 0.1359375 0.0 0.0 0.0 0.0
0 0.5681671875 0.0 0.812575 0.0 0.5681671875 0.0 0.812575 0.0
0 0.0 0.1359375 0.0 0.1359375 0.0 0.0 0.0 0.0
0 0.0 0.0 0.08997671875000002 0.0 0.0 0.0 0.08997671875000002 0.0
0 0.0 0.0 0.11723093749999994 0.0 0.0 0.0 0.11723093749999994 0.0
0 0.30535718749999996 0.0 0.54079984375 0.0 0.30535718749999996 0.0 0.54079984375 0.0
0 0.3783275 0.0 0.5811578125000001 0.0 0.3783275 0.0 0.5811578125000001 0.0
0 0.12851203125000002 0.0 0.30604812500000006 0.0 0.12851203125000002 0.0 0.30604812500000006 0.0
0 0.0 0.0 0.15205046875000008 0.0 0.0 0.0 0.15205046875000008 0.0
0 0.8173796875000001 0.0 1.0 0.0 0.8173796875000001 0.0 1.0 0.0
0 1.0 0.11568454687499993 1.0 0.11568454687499993 1.0 0.0 1.0 0.0
0 1.0 0.1359375 1.0 0.1359375 1.0 0.041862140625000065 1.0 0.041862140625000065
