0 0.0 0.1829381250000001 0.25751234375 0.1829381250000001 0.0 0.0 0.25751234375 0.0
0 1.0 0.3770003125 1.0 0.3770003125 1.0 0.14074015625000005 1.0 0.14074015625000005
0 0.121146546875 1.0 0.38067531250000003 1.0 0.121146546875 0.9284399999999999 0.38067531250000003 0.9284399999999999
0 0.9702207812499999 0.8267064062499999 1.0 0.8267064062499999 0.9702207812499999 0.64053828125 1.0 0.64053828125
0 0.51708078125 0.14672328125000006 0.5693103125000001 0.14672328125000006 0.51708078125 0.09326890624999998 0.5693103125000001 0.09326890624999998
0 0.0 0.8737357812500001 0.15689140625 0.8737357812500001 0.0 0.68265 0.15689140625 0.68265
0 0.0 1.0 0.08557765625 1.0 0.0 0.818238125 0.08557765625 0.818238125
0 1.0 0.63375390625 1.0 0.63375390625 1.0 0.413759375 1.0 0.413759375
0 0.0 0.7677248437499999 0.004755103125 0.7677248437499999 0.0 0.5731075 0.004755103125 0.5731075
0 1.0 0.07070156250000004 1.0 0.07070156250000004 1.0 0.0 1.0 0.0
0 0.0 1.0 0.019007890625000003 1.0 0.0 0.7483221875 0.019007890625000003 0.7483221875
0 0.22291937499999998 0.22648968749999998 0.35821890624999997 0.22648968749999998 0.22291937499999998 0.07115140624999991 0.35821890624999997 0.07115140624999991
0 1.0 0.35977437500000004 1.0 0.35977437500000004 1.0 0.09722796875000003 1.0 0.09722796875000003
0 1.0 0.8501040625 1.0 0.8501040625 1.0 0.69794703125 1.0 0.69794703125
0 0.5579824999999999 1.0 0.7977093749999999 1.0 0.5579824999999999 1.0 0.7977093749999999 1.0
0 1.0 1.0 1.0 1.0 1.0 0.8638201562500001 1.0 0.8638201562500001
0 1.0 0.40311515625 1.0 0.40311515625 1.0 0.10459781249999996 1.0 0.10459781249999996
0 1.0 0.14969546875000006 1.0 0.14969546875000006 1.0 0.02078812499999998 1.0 0.02078812499999998
0 1.0 0.8531040624999999 1.0 0.8531040624999999 1.0 0.618795625 1.0 0.618795625
0 1.0 0.71170109375 1.0 0.71170109375 1.0 0.31525218749999995 1.0 0.31525218749999995
0 0.60728203125 0.13047453124999997 0.8541646875 0.13047453124999997 0.60728203125 0.0 0.8541646875 0.0
0 0.29741359375 0.27038359374999993 0.56782 0.27038359374999993 0.29741359375 0.0029887499999999177 0.56782 0.0029887499999999177
0 0.5646382812499999 1.0 0.7634681249999999 1.0 0.5646382812499999 0.9118209374999999 0.7634681249999999 0.9118209374999999
0 0.100576484375 1.0 0.35696734375 1.0 0.100576484375 0.79725703125 0.35696734375 0.79725703125
0 0.7864942187499999 0.45156875 1.0 0.45156875 0.7864942187499999 0.160685625 1.0 0.160685625
0 1.0 0.041167187499999966 1.0 0.041167187499999966 1.0 0.0 1.0 0.0
0 1.0 0.9177885937500001 1.0 0.9177885937500001 1.0 0.86231265625 1.0 0.86231265625
0 1.0 1.0 1.0 1.0 1.0 0.86222203125 1.0 0.86222203125
0 1.0 0.07166312500000008 1.0 0.07166312500000008 1.0 0.0 1.0 0.0
0 0.0 0.76494203125 0.08436165625 0.76494203125 0.0 0.54011546875 0.08436165625 0.54011546875
0 0.8670034375 1.0 1.0 1.0 0.8670034375 0.79370421875 1.0 0.79370421875
0 0.96397671875 0.4571478125 1.0 0.4571478125 0.96397671875 0.27973406250000005 1.0 0.27973406250000005
0 1.0 0.16436781249999993 1.0 0.16436781249999993 1.0 0.10860125000000007 1.0 0.10860125000000007
0 1.0 0.9842489999999999 1.0 0.9842489999999999 1.0 0.8118815625 1.0 0.8118815625
0 0.38666078125 0.7761699999999999 0.8200842187499999 0.7761699999999999 0.38666078125 0.34964921875000005 0.8200842187499999 0.34964921875000005
0 1.0 0.9284395312499999 1.0 0.9284395312499999 1.0 0.8842025 1.0 0.8842025
