0 0.16785312499999988 0.0 0.23481093749999998 0.0 0.16785312499999988 0.0 0.23481093749999998 0.0
0 0.0 0.1359375 0.0 0.1359375 0.0 0.0 0.0 0.0
0 0.0 0.09649771875000006 0.0 0.09649771875000006 0.0 0.0 0.0 0.0
0 0.0 0.1359375 0.0 0.1359375 0.0 0.11243503125000007 0.0 0.11243503125000007
0 0.0 0.1359375 0.0 0.1359375 0.0 0.04675448437499998 0.0 0.04675448437499998
0 0.17743125000000007 0.1359375 0.3171875 0.1359375 0.17743125000000007 0.026948437499999933 0.3171875 0.026948437499999933
0 0.0 0.1359375 0.3171875 0.1359375 0.0 0.04867020312499992 0.3171875 0.04867020312499992
0 0.0 0.0 0.15440781249999985 0.0 0.0 0.0 0.15440781249999985 0.0
0 0.0 0.1359375 0.0 0.1359375 0.0 0.06145504687500001 0.0 0.06145504687500001
0 0.0 0.1359375 0.15179062499999993 0.1359375 0.0 0.030234640625000076 0.15179062499999993 0.030234640625000076
0 0.10769531249999993 0.1359375 0.3171875 0.1359375 0.10769531249999993 0.0 0.3171875 0.0
0 0.0 0.1359375 0.052009375000000094 0.1359375 0.0 0.003574328124999937 0.052009375000000094 0.003574328124999937
0 0.0 0.1359375 0.24112187499999999 0.1359375 0.0 0.00994934374999996 0.24112187499999999 0.00994934374999996
0 0.0 0.1359375 0.0 0.1359375 0.0 0.09013035937500007 0.0 0.09013035937500007
0 0.0 0.0 0.12709687500000016 0.0 0.0 0.0 0.12709687500000016 0.0
0 0.0 0.1359375 0.0 0.1359375 0.0 0.038351015625000075 0.0 0.038351015625000075
0 0.0 0.1359375 0.0 0.1359375 0.0 0.0 0.0 0.0
0 0.0 0.1359375 0.0 0.1359375 0.0 0.02155345312500003 0.0 0.02155345312500003
0 0.0 0.0 0.16514687499999994 0.0 0.0 0.0 0.16514687499999994 0.0
0 0.2976234375000001 0.10888535937500006 0.3171875 0.10888535937500006 0.2976234375000001 0.0 0.3171875 0.0
0 0.0 0.0718509375 0.0 0.0718509375 0.0 0.0 0.0 0.0
