0 0.0 1.0 0.0 1.0 0.0 0.896560625 0.0 0.896560625
0 0.0 0.6018515625 0.0 0.6018515625 0.0 0.29132531250000004 0.0 0.29132531250000004
0 0.0 0.32216796875 0.0 0.32216796875 0.0 0.18690109375000005 0.0 0.18690109375000005
0 0.0 0.2425968749999999 0.0 0.2425968749999999 0.0 0.011013750000000044 0.0 0.011013750000000044
0 0.0 0.9555023437500001 0.0 0.9555023437500001 0.0 0.80056875 0.0 0.80056875
0 0.0 0.8981435937500001 0.0 0.8981435937500001 0.0 0.6062657812500001 0.0 0.6062657812500001
0 0.0 1.0 0.0 1.0 0.0 0.6074075 0.0 0.6074075
0 0.0 0.5602159375 0.0 0.5602159375 0.0 0.29998593749999997 0.0 0.29998593749999997
0 0.0 0.78729265625 0.0 0.78729265625 0.0 0.38256375 0.0 0.38256375
0 0.2767796874999998 1.0 0.3171875 1.0 0.2767796874999998 1.0 0.3171875 1.0
0 0.15125937500000006 1.0 0.3171875 1.0 0.15125937500000006 0.83877265625 0.3171875 0.83877265625
0 0.0 0.582526875 0.2032640624999999 0.582526875 0.0 0.13826906250000004 0.2032640624999999 0.13826906250000004
0 0.0 0.19389078125 0.0 0.19389078125 0.0 0.0 0.0 0.0
0 0.0 1.0 0.0 1.0 0.0 0.9554626562499999 0.0 0.9554626562499999
0 0.0 0.770076875 0.0 0.770076875 0.0 0.5728760937499999 0.0 0.5728760937499999
0 0.0 1.0 0.0 1.0 0.0 0.7013532812500001 0.0 0.7013532812500001
0 0.0 0.43174046875 0.0 0.43174046875 0.0 0.17642437500000002 0.0 0.17642437500000002
0 0.11481562499999995 0.09439093750000005 0.2747296875 0.09439093750000005 0.11481562499999995 0.0 0.2747296875 0.0
0 0.0 1.0 0.0 1.0 0.0 0.95445734375 0.0 0.95445734375
0 0.0 0.26363031249999996 0.0 0.26363031249999996 0.0 0.08008234375 0.0 0.08008234375
0 0.2609453125000002 0.06376843749999991 0.3171875 0.06376843749999991 0.2609453125000002 0.0 0.3171875 0.0
0 0.0 0.40046046874999996 0.0 0.40046046874999996 0.0 0.19981906249999995 0.0 0.19981906249999995
0 0.0 1.0 0.0 1.0 0.0 0.9458264062499999 0.0 0.9458264062499999
0 0.24503593750000013 0.75497265625 0.3171875 0.75497265625 0.24503593750000013 0.44660734375000005 0.3171875 0.44660734375000005
0 0.0 0.40369406249999995 0.0 0.40369406249999995 0.0 0.21397890625000002 0.0 0.21397890625000002
0 0.0 0.85065109375 0.0 0.85065109375 0.0 0.7955546874999999 0.0 0.7955546874999999
0 0.0 0.54414 0.0 0.54414 0.0 0.48963375 0.0 0.48963375
0 0.0 0.3091312500000001 0.04996406250000014 0.3091312500000001 0.0 0.06703671875000002 0.04996406250000014 0.06703671875000002
0 0.0 0.16029640625 0.0 0.16029640625 0.0 0.09792406249999992 0.0 0.09792406249999992
0 0.24869062500000005 0.04470421874999993 0.3171875 0.04470421874999993 0.24869062500000005 0.0 0.3171875 0.0
0 0.0 0.6910681249999999 0.12677812499999988 0.6910681249999999 0.0 0.5238678125 0.12677812499999988 0.5238678125
0 0.0 0.64238625 0.0 0.64238625 0.0 0.464934375 0.0 0.464934375
