0 0.0 1.0 0.0 1.0 0.0 0.9238321875000001 0.0 0.9238321875000001
0 0.5761828124999999 0.34795375 0.8476593749999999 0.34795375 0.5761828124999999 0.06076968750000002 0.8476593749999999 0.06076968750000002
0 1.0 0.9200025000000001 1.0 0.9200025000000001 1.0 0.8778381249999999 1.0 0.8778381249999999
0 0.6176781250000001 0.5898578125 0.6701125000000001 0.5898578125 0.6176781250000001 0.53885796875 0.6701125000000001 0.53885796875
0 0.0 0.57858640625 0.0 0.57858640625 0.0 0.40931749999999995 0.0 0.40931749999999995
0 0.0 0.68819125 0.0 0.68819125 0.0 0.40145828124999994 0.0 0.40145828124999994
0 0.8625359374999999 0.27231796875000003 1.0 0.27231796875000003 0.8625359374999999 0.12829609375000003 1.0 0.12829609375000003
0 0.0 0.12397671875 0.0 0.12397671875 0.0 0.0 0.0 0.0
0 0.0 1.0 0.0 1.0 0.0 0.87035984375 0.0 0.87035984375
0 0.0 0.587996875 0.0 0.587996875 0.0 0.44180093749999994 0.0 0.44180093749999994
0 0.0 0.07429687499999993 0.0 0.07429687499999993 0.0 0.0 0.0 0.0
0 0.0 0.010394218749999951 0.0 0.010394218749999951 0.0 0.0 0.0 0.0
0 0.0 1.0 0.06899984374999998 1.0 0.0 0.9283146875 0.06899984374999998 0.9283146875
0 0.017394531250000077 0.25455296875 0.24851546874999997 0.25455296875 0.017394531250000077 0.03076109374999998 0.24851546874999997 0.03076109374999998
0 0.55712125 1.0 0.8046203125000002 1.0 0.55712125 1.0 0.8046203125000002 1.0
0 0.8492093749999998 0.44607859375 1.0 0.44607859375 0.8492093749999998 0.21100093750000007 1.0 0.21100093750000007
0 0.34053609374999994 0.70911140625 0.64534375 0.70911140625 0.34053609374999994 0.40341328125000003 0.64534375 0.40341328125000003
0 0.10664546875000003 1.0 0.32795234375 1.0 0.10664546875000003 0.8500809374999999 0.32795234375 0.8500809374999999
0 0.0 1.0 0.0 1.0 0.0 0.95384828125 0.0 0.95384828125
0 0.9419890625 0.4882053125 1.0 0.4882053125 0.9419890625 0.19649234374999996 1.0 0.19649234374999996
0 0.8284015624999999 1.0 1.0 1.0 0.8284015624999999 0.92798296875 1.0 0.92798296875
0 0.0 1.0 0.19207390624999993 1.0 0.0 0.8297596875 0.19207390624999993 0.8297596875
0 0.0 0.32940703125000004 0.0 0.32940703125000004 0.0 0.19796796874999992 0.0 0.19796796874999992
0 0.0 0.38310562499999995 0.0 0.38310562499999995 0.0 0.09879453125000008 0.0 0.09879453125000008
0 0.0 0.50047984375 0.0 0.50047984375 0.0 0.20091343750000004 0.0 0.20091343750000004
0 0.6159187500000002 1.0 0.8901234375000001 1.0 0.6159187500000002 1.0 0.8901234375000001 1.0
0 0.0 0.28836625 0.0 0.28836625 0.0 0.21105531249999993 0.0 0.21105531249999993
0 0.0 0.54543875 0.0 0.54543875 0.0 0.30653921875000006 0.0 0.30653921875000006
0 0.50250515625 0.030250156249999983 0.54562828125 0.030250156249999983 0.50250515625 0.0 0.54562828125 0.0
0 1.0 0.15815328125000008 1.0 0.15815328125000008 1.0 0.0 1.0 0.0
0 1.0 0.8696046875000001 1.0 0.8696046875000001 1.0 0.5716765625 1.0 0.5716765625
