0 0.0 0.58961765625 0.0 0.58961765625 0.0 0.5343549999999999 0.0 0.5343549999999999
0 0.0 0.9136898437500001 0.0 0.9136898437500001 0.0 0.7362415625000001 0.0 0.7362415625000001
0 0.0 0.22943015624999993 0.0 0.22943015624999993 0.0 0.05755359374999998 0.0 0.05755359374999998
0 0.0 0.60132546875 0.0 0.60132546875 0.0 0.38216515624999997 0.0 0.38216515624999997
0 0.0 0.22473140624999993 0.0 0.22473140624999993 0.0 0.0 0.0 0.0
0 0.0 0.39955656250000005 0.0 0.39955656250000005 0.0 0.11736531249999996 0.0 0.11736531249999996
0 0.0 1.0 0.1780000000000001 1.0 0.0 1.0 0.1780000000000001 1.0
0 0.0 0.60457234375 0.11395781249999999 0.60457234375 0.0 0.237510625 0.11395781249999999 0.237510625
0 0.0 0.36629921875000004 0.0 0.36629921875000004 0.0 0.23155578124999998 0.0 0.23155578124999998
0 0.0 0.56679375 0.0 0.56679375 0.0 0.41865765625 0.0 0.41865765625
0 0.0 1.0 0.0 1.0 0.0 0.9910673125 0.0 0.9910673125
0 0.0 0.627365 0.0 0.627365 0.0 0.5597015625 0.0 0.5597015625
0 0.0 0.49664 0.0 0.49664 0.0 0.26813546875000005 0.0 0.26813546875000005
0 0.0 0.16076843749999997 0.0 0.16076843749999997 0.0 0.0 0.0 0.0
0 0.0 1.0 0.044492187499999857 1.0 0.0 0.805489375 0.044492187499999857 0.805489375
0 0.0 0.09005953125000002 0.0 0.09005953125000002 0.0 0.0 0.0 0.0
0 0.0 1.0 0.0 1.0 0.0 0.9240378124999999 0.0 0.9240378124999999
0 0.0 0.43195859375 0.0 0.43195859375 0.0 0.17191546874999997 0.0 0.17191546874999997
0 0.0 1.0 0.0 1.0 0.0 0.99617121875 0.0 0.99617121875
0 0.0 0.9993803124999999 0.0 0.9993803124999999 0.0 0.76796625 0.0 0.76796625
0 0.0 0.62928359375 0.0 0.62928359375 0.0 0.39479781249999996 0.0 0.39479781249999996
0 0.0 0.80352828125 0.0 0.80352828125 0.0 0.6022353125000001 0.0 0.6022353125000001
0 0.06696093750000003 0.45777999999999996 0.2971484374999999 0.45777999999999996 0.06696093750000003 0.23541968749999995 0.2971484374999999 0.23541968749999995
0 0.0 0.726709375 0.0 0.726709375 0.0 0.46511796875 0.0 0.46511796875
0 0.0 0.6018090625 0.0 0.6018090625 0.0 0.3745784375 0.0 0.3745784375
0 0.0 0.6841534375 0.0 0.6841534375 0.0 0.51055046875 0.0 0.51055046875
0 0.0 0.3071003125000001 0.0 0.3071003125000001 0.0 0.07749281250000006 0.0 0.07749281250000006
0 0.0 0.64369453125 0.0 0.64369453125 0.0 0.44099953125 0.0 0.44099953125
0 0.14587499999999984 0.9214503125 0.30346249999999986 0.9214503125 0.14587499999999984 0.7831253125 0.30346249999999986 0.7831253125
0 0.0 0.42632796875 0.0 0.42632796875 0.0 0.24972093750000007 0.0 0.24972093750000007
0 0.10258281250000004 0.7373340625 0.15673281249999996 0.7373340625 0.10258281250000004 0.6843409375 0.15673281249999996 0.6843409375
0 0.0 0.22657515625000002 0.0 0.22657515625000002 0.0 0.012724218750000026 0.0 0.012724218750000026
0 0.11855312500000004 0.31958671874999994 0.3171875 0.31958671874999994 0.11855312500000004 0.09620671875000006 0.3171875 0.09620671875000006
0 0.0 0.0014367187499999545 0.11991875000000007 0.0014367187499999545 0.0 0.0 0.11991875000000007 0.0
0 0.15340468750000014 1.0 0.3171875 1.0 0.15340468750000014 0.6827134375 0.3171875 0.6827134375
0 0.29070781250000016 1.0 0.3171875 1.0 0.29070781250000016 1.0 0.3171875 1.0
