0 0.0 0.08608678125000005 0.0 0.08608678125000005 0.0 0.0 0.0 0.0
0 0.4092245312499999 0.0 0.8606078125 0.0 0.4092245312499999 0.0 0.8606078125 0.0
0 0.8269265625 0.1359375 1.0 0.1359375 0.8269265625 0.033034609375000024 1.0 0.033034609375000024
0 0.6338562499999998 0.1359375 0.8369578125 0.1359375 0.6338562499999998 0.08832245312500006 0.8369578125 0.08832245312500006
0 0.6485328124999998 0.0 1.0 0.0 0.6485328124999998 0.0 1.0 0.0
0 0.7734171875000001 0.0 1.0 0.0 0.7734171875000001 0.0 1.0 0.0
0 0.15603750000000005 0.0 0.373496875 0.0 0.15603750000000005 0.0 0.373496875 0.0
0 0.7796515625000001 0.1359375 1.0 0.1359375 0.7796515625000001 0.0 1.0 0.0
0 0.19636421874999996 0.06352234375000006 0.35557140625 0.06352234375000006 0.19636421874999996 0.0 0.35557140625 0.0
0 0.0 0.1359375 0.0 0.1359375 0.0 0.08764034375000004 0.0 0.08764034375000004
0 0.0 0.1359375 0.0 0.1359375 0.0 0.09607946875 0.0 0.09607946875
0 0.5043821875000001 0.0 0.7556890625000001 0.0 0.5043821875000001 0.0 0.7556890625000001 0.0
0 0.21542812500000003 0.0 0.3679407812499999 0.0 0.21542812500000003 0.0 0.3679407812499999 0.0
0 0.38551984375000004 0.1359375 0.6075843750000001 0.1359375 0.38551984375000004 0.0 0.6075843750000001 0.0
0 0.37690796875 0.075371703125 0.6352812499999999 0.075371703125 0.37690796875 0.0 0.6352812499999999 0.0
0 0.38612468750000006 0.0 0.6414828124999999 0.0 0.38612468750000006 0.0 0.6414828124999999 0.0
0 0.9514203125000001 0.1359375 1.0 0.1359375 0.9514203125000001 0.030659359374999973 1.0 0.030659359374999973
0 0.39873937500000006 0.0 0.5709515625 0.0 0.39873937500000006 0.0 0.5709515625 0.0
0 0.09153281250000003 0.0 0.15601062500000004 0.0 0.09153281250000003 0.0 0.15601062500000004 0.0
0 0.0 0.09575156249999991 0.10366656249999995 0.09575156249999991 0.0 0.0 0.10366656249999995 0.0
0 0.07823593750000005 0.0 0.31331062500000006 0.0 0.07823593750000005 0.0 0.31331062500000006 0.0
0 1.0 0.11893906249999997 1.0 0.11893906249999997 1.0 0.0 1.0 0.0
0 0.7917828124999999 0.0 1.0 0.0 0.7917828124999999 0.0 1.0 0.0
0 0.0 0.0 0.05724453124999993 0.0 0.0 0.0 0.05724453124999993 0.0
0 0.12423484375000005 0.1359375 0.20272984375000008 0.1359375 0.12423484375000005 0.11599581249999993 0.20272984375000008 0.11599581249999993
0 0.0 0.1359375 0.0 0.1359375 0.0 0.04122796874999999 0.0 0.04122796874999999
0 0.0 0.11814260937499999 0.04510640625000004 0.11814260937499999 0.0 0.0 0.04510640625000004 0.0
0 0.2288449999999999 0.0 0.47434484374999997 0.0 0.2288449999999999 0.0 0.47434484374999997 0.0
0 0.997565625 0.0 1.0 0.0 0.997565625 0.0 1.0 0.0
