0 0.0 1.0 0.0 1.0 0.0 0.781666875 0.0 0.781666875
0 0.0 0.66938671875 0.0 0.66938671875 0.0 0.21757171875 0.0 0.21757171875
0 0.0 1.0 0.021873437500000037 1.0 0.0 1.0 0.021873437500000037 1.0
0 0.0 0.9037609375000001 0.0 0.9037609375000001 0.0 0.68515484375 0.0 0.68515484375
0 0.0 0.40384609375 0.0044390624999998355 0.40384609375 0.0 0.03507515624999993 0.0044390624999998355 0.03507515624999993
0 0.0 0.8081699999999999 0.02203906250000003 0.8081699999999999 0.0 0.53949609375 0.02203906250000003 0.53949609375
0 0.0 0.052134374999999976 0.0 0.052134374999999976 0.0 0.0 0.0 0.0
0 0.0 1.0 0.09227031250000017 1.0 0.0 0.9733050000000001 0.09227031250000017 0.9733050000000001
0 0.0 1.0 0.0 1.0 0.0 0.8932537500000001 0.0 0.8932537500000001
0 0.0 0.7138040625000001 0.0 0.7138040625000001 0.0 0.4708103125 0.0 0.4708103125
0 0.0 0.613181875 0.0 0.613181875 0.0 0.44653453125000003 0.0 0.44653453125000003
0 0.0 1.0 0.0 1.0 0.0 0.9992213281250001 0.0 0.9992213281250001
0 0.0 1.0 0.0 1.0 0.0 0.8142596875000001 0.0 0.8142596875000001
0 0.0 0.025606406250000012 0.0 0.025606406250000012 0.0 0.0 0.0 0.0
0 0.0 0.22435234375000004 0.0 0.22435234375000004 0.0 0.17531156249999996 0.0 0.17531156249999996
0 0.0 1.0 0.20883281250000002 1.0 0.0 1.0 0.20883281250000002 1.0
0 0.0 0.31824046875 0.0 0.31824046875 0.0 0.15097468749999993 0.0 0.15097468749999993
0 0.0 0.13498937499999997 0.0 0.13498937499999997 0.0 0.07178718750000002 0.0 0.07178718750000002
0 0.0 1.0 0.0 1.0 0.0 0.960611875 0.0 0.960611875
0 0.0 0.3240465625000001 0.0 0.3240465625000001 0.0 0.08909093749999997 0.0 0.08909093749999997
0 0.23846874999999984 1.0 0.3171875 1.0 0.23846874999999984 0.8525543750000001 0.3171875 0.8525543750000001
0 0.0 0.84889828125 0.22722968749999986 0.84889828125 0.0 0.40830953125 0.22722968749999986 0.40830953125
0 0.0 0.37119265625000003 0.0 0.37119265625000003 0.0 0.08185640625000001 0.0 0.08185640625000001
0 0.0 1.0 0.0 1.0 0.0 0.8629753125 0.0 0.8629753125
0 0.2851296874999999 0.46334390625 0.3171875 0.46334390625 0.2851296874999999 0.05370187499999997 0.3171875 0.05370187499999997
0 0.0 0.9479634375 0.0 0.9479634375 0.0 0.724641875 0.0 0.724641875
0 0.0 0.580659375 0.0 0.580659375 0.0 0.3199243750000001 0.0 0.3199243750000001
0 0.0 0.34012203124999996 0.0 0.34012203124999996 0.0 0.28405187499999995 0.0 0.28405187499999995
0 0.0 0.70847890625 0.0 0.70847890625 0.0 0.3073065625 0.0 0.3073065625
0 0.0 0.14436468750000006 0.053423437500000046 0.14436468750000006 0.0 0.08801546874999992 0.053423437500000046 0.08801546874999992
