0 0.0 0.1359375 0.0 0.1359375 0.0 0.10847107812499993 0.0 0.10847107812499993
0 0.0 0.1359375 0.0 0.1359375 0.0 0.11841426562499997 0.0 0.11841426562499997
0 0.0 0.1359375 0.0 0.1359375 0.0 0.013144828124999997 0.0 0.013144828124999997
0 0.0 0.1359375 0.1780000000000001 0.1359375 0.0 0.11024148437499992 0.1780000000000001 0.11024148437499992
0 0.0 0.0 0.11395781249999999 0.0 0.0 0.0 0.11395781249999999 0.0
0 0.0 0.1359375 0.0 0.1359375 0.0 0.0 0.0 0.0
0 0.0 0.1359375 0.0 0.1359375 0.0 0.039688687499999986 0.0 0.039688687499999986
0 0.0 0.027366265624999997 0.044492187499999857 0.027366265624999997 0.0 0.0 0.044492187499999857 0.0
0 0.0 0.1359375 0.0 0.1359375 0.0 0.0 0.0 0.0
0 0.0 0.1359375 0.0 0.1359375 0.0 0.0 0.0 0.0
0 0.06696093750000003 0.0 0.2971484374999999 0.0 0.06696093750000003 0.0 0.2971484374999999 0.0
0 0.14587499999999984 0.0 0.30346249999999986 0.0 0.14587499999999984 0.0 0.30346249999999986 0.0
0 0.10258281250000004 0.0 0.15673281249999996 0.0 0.10258281250000004 0.0 0.15673281249999996 0.0
0 0.11855312500000004 0.0 0.3171875 0.0 0.11855312500000004 0.0 0.3171875 0.0
0 0.0 0.0 0.11991875000000007 0.0 0.0 0.0 0.11991875000000007 0.0
0 0.15340468750000014 0.11568454687499993 0.3171875 0.11568454687499993 0.15340468750000014 0.0 0.3171875 0.0
0 0.29070781250000016 0.1359375 0.3171875 0.1359375 0.29070781250000016 0.041862140625000065 0.3171875 0.041862140625000065
