0 0.0 0.0 0.28251593750000004 0.0 0.0 0.0 0.28251593750000004 0.0
0 0.0 0.0 0.06615078125 0.0 0.0 0.0 0.06615078125 0.0
0 0.5475540625 0.0 0.7301859374999999 0.0 0.5475540625 0.0 0.7301859374999999 0.0
0 0.44081093750000006 0.0 0.6651390625000001 0.0 0.44081093750000006 0.0 0.6651390625000001 0.0
0 0.0 0.0 0.20238625 0.0 0.0 0.0 0.20238625 0.0
0 0.0 0.0 0.07703359375000005 0.0 0.0 0.0 0.07703359375000005 0.0
0 0.0 0.07653998437500001 0.0 0.07653998437500001 0.0 0.0 0.0 0.0
0 0.5509853124999999 0.0 0.7063703125 0.0 0.5509853124999999 0.0 0.7063703125 0.0
0 1.0 0.08934364062500003 1.0 0.08934364062500003 1.0 0.0 1.0 0.0
0 0.0 0.004912468750000088 0.038976249999999976 0.004912468750000088 0.0 0.0 0.038976249999999976 0.0
0 0.723975 0.0 0.883140625 0.0 0.723975 0.0 0.883140625 0.0
0 1.0 0.1359375 1.0 0.1359375 1.0 0.009746546875000029 1.0 0.009746546875000029
0 0.5745796875 0.1359375 0.8172921875 0.1359375 0.5745796875 0.047870953125000074 0.8172921875 0.047870953125000074
0 0.0 0.0 0.08679875 0.0 0.0 0.0 0.08679875 0.0
0 0.0 0.1359375 0.0 0.1359375 0.0 0.0 0.0 0.0
0 0.016660937500000018 0.1359375 0.25036359375000006 0.1359375 0.016660937500000018 0.09403959375 0.25036359375000006 0.09403959375
0 0.05439562500000008 0.1359375 0.31985875 0.1359375 0.05439562500000008 0.03877956250000007 0.31985875 0.03877956250000007
0 0.13404187499999995 0.0 0.18667218749999998 0.0 0.13404187499999995 0.0 0.18667218749999998 0.0
0 0.6987906250000002 0.0 0.9734421874999999 0.0 0.6987906250000002 0.0 0.9734421874999999 0.0
0 0.7096484375 0.0 0.7512281250000001 0.0 0.7096484375 0.0 0.7512281250000001 0.0
0 0.7910875 0.0 1.0 0.0 0.7910875 0.0 1.0 0.0
0 0.5056539062500001 0.1359375 0.79549375 0.1359375 0.5056539062500001 0.0 0.79549375 0.0
0 0.7689546875000002 0.0 0.945853125 0.0 0.7689546875000002 0.0 0.945853125 0.0
0 0.5233273437499999 0.0 0.7222390624999999 0.0 0.5233273437499999 0.0 0.7222390624999999 0.0
0 0.0 0.13401032656250003 0.0 0.13401032656250003 0.0 0.07940218750000003 0.0 0.07940218750000003
0 0.0 0.09290570312500002 0.0 0.09290570312500002 0.0 0.0 0.0 0.0
0 0.0 0.1359375 0.0 0.1359375 0.0 0.030732859375000032 0.0 0.030732859375000032
0 0.7647703124999999 0.0 1.0 0.0 0.7647703124999999 0.0 1.0 0.0
0 0.0 0.04478390624999999 0.0 0.04478390624999999 0.0 0.0 0.0 0.0
0 0.68978125 0.0 0.9167124999999998 0.0 0.68978125 0.0 0.9167124999999998 0.0
0 0.0 0.0 0.20334906250000007 0.0 0.0 0.0 0.20334906250000007 0.0
