0 0.65852390625 0.1359375 0.928969375 0.1359375 0.65852390625 0.07825598437500006 0.928969375 0.07825598437500006
0 0.291479375 0.0 0.555186875 0.0 0.291479375 0.0 0.555186875 0.0
0 0.61415859375 0.0 0.80640765625 0.0 0.61415859375 0.0 0.80640765625 0.0
0 0.0 0.0 0.16928734375 0.0 0.0 0.0 0.16928734375 0.0
0 0.452579375 0.0 0.6802478125 0.0 0.452579375 0.0 0.6802478125 0.0
0 0.7555090625 0.0 1.0 0.0 0.7555090625 0.0 1.0 0.0
0 0.17748078125 0.0 0.4023496875 0.0 0.17748078125 0.0 0.4023496875 0.0
0 0.29127984375 0.04794800000000006 0.65137625 0.04794800000000006 0.29127984375 0.0 0.65137625 0.0
0 1.0 0.1359375 1.0 0.1359375 1.0 0.10044582812500007 1.0 0.10044582812500007
0 1.0 0.1359375 1.0 0.1359375 1.0 0.10961106249999997 1.0 0.10961106249999997
0 1.0 0.1359375 1.0 0.1359375 1.0 0.098899609375 1.0 0.098899609375
0 0.9563410937500001 0.0 1.0 0.0 0.9563410937500001 0.0 1.0 0.0
0 0.7920571875 0.0 1.0 0.0 0.7920571875 0.0 1.0 0.0
0 1.0 0.1359375 1.0 0.1359375 1.0 0.11684065624999995 1.0 0.11684065624999995
0 0.69664265625 0.0 0.982521875 0.0 0.69664265625 0.0 0.982521875 0.0
0 0.71990921875 0.0 0.9790260937499999 0.0 0.71990921875 0.0 0.9790260937499999 0.0
0 0.5592131250000001 0.0 0.852595625 0.0 0.5592131250000001 0.0 0.852595625 0.0
0 0.27083796875 0.0 0.56561546875 0.0 0.27083796875 0.0 0.56561546875 0.0
0 0.5133617187499999 0.0 0.7460128125 0.0 0.5133617187499999 0.0 0.7460128125 0.0
0 0.147316046875 0.0 0.3543821875 0.0 0.147316046875 0.0 0.3543821875 0.0
