0 0.178289375 1.0 0.34051109375 1.0 0.178289375 0.91210078125 0.34051109375 0.91210078125
0 1.0 0.9480440625 1.0 0.9480440625 1.0 0.7134371875000001 1.0 0.7134371875000001
0 0.26115468750000004 0.60655 0.46413640625 0.60655 0.26115468750000004 0.37700359375000003 0.46413640625 0.37700359375000003
0 1.0 0.6999846875 1.0 0.6999846875 1.0 0.31667421875000007 1.0 0.31667421875000007
0 1.0 0.19810515624999994 1.0 0.19810515624999994 1.0 0.017917656250000035 1.0 0.017917656250000035
0 0.0 0.62605578125 0.2045846875 0.62605578125 0.0 0.38577374999999997 0.2045846875 0.38577374999999997
0 0.0 0.10694546875000004 0.19999265625 0.10694546875000004 0.0 0.0 0.19999265625 0.0
0 1.0 0.14954812499999992 1.0 0.14954812499999992 1.0 0.0 1.0 0.0
0 0.42545015625 0.22748218750000007 0.694576875 0.22748218750000007 0.42545015625 0.0 0.694576875 0.0
0 0.9189189062500001 0.10991468750000007 1.0 0.10991468750000007 0.9189189062500001 0.0 1.0 0.0
0 1.0 0.29581187500000006 1.0 0.29581187500000006 1.0 0.23810609374999991 1.0 0.23810609374999991
0 0.54853140625 1.0 0.60489234375 1.0 0.54853140625 1.0 0.60489234375 1.0
0 0.123697578125 0.41234359375 0.36483109375 0.41234359375 0.123697578125 0.17179453124999994 0.36483109375 0.17179453124999994
0 1.0 1.0 1.0 1.0 1.0 0.8645740625 1.0 0.8645740625
0 1.0 1.0 1.0 1.0 1.0 0.987230390625 1.0 0.987230390625
0 0.44534890625 0.7236939062500001 0.6513146875 0.7236939062500001 0.44534890625 0.5301384375 0.6513146875 0.5301384375
0 0.525916875 0.20175296874999998 0.77476609375 0.20175296874999998 0.525916875 0.0 0.77476609375 0.0
0 1.0 0.014022187499999995 1.0 0.014022187499999995 1.0 0.0 1.0 0.0
0 1.0 0.60690390625 1.0 0.60690390625 1.0 0.45880906250000003 1.0 0.45880906250000003
0 1.0 0.8305393750000001 1.0 0.8305393750000001 1.0 0.48114390625 1.0 0.48114390625
0 0.20141203124999998 1.0 0.457384375 1.0 0.20141203124999998 0.76069625 0.457384375 0.76069625
0 1.0 0.563826875 1.0 0.563826875 1.0 0.25925624999999997 1.0 0.25925624999999997
0 0.18654640625000002 0.784289375 0.46409546874999996 0.784289375 0.18654640625000002 0.51335453125 0.46409546874999996 0.51335453125
0 0.7278473437499999 0.31230531250000004 0.77064546875 0.31230531250000004 0.7278473437499999 0.26736453125 0.77064546875 0.26736453125
0 0.85067984375 0.8507728125 1.0 0.8507728125 0.85067984375 0.63853859375 1.0 0.63853859375
0 1.0 0.82276171875 1.0 0.82276171875 1.0 0.6379284375000001 1.0 0.6379284375000001
0 0.5905059375 1.0 0.65908703125 1.0 0.5905059375 0.99210928125 0.65908703125 0.99210928125
0 0.12491279687500001 0.028415468749999916 0.191693125 0.028415468749999916 0.12491279687500001 0.0 0.191693125 0.0
0 0.7655715625 0.8660712499999998 1.0 0.8660712499999998 0.7655715625 0.628889375 1.0 0.628889375
0 1.0 0.29785171874999994 1.0 0.29785171874999994 1.0 0.13079890625000007 1.0 0.13079890625000007
0 1.0 0.987127390625 1.0 0.987127390625 1.0 0.7581382812499999 1.0 0.7581382812499999
0 0.9856037499999999 0.39557640625 1.0 0.39557640625 0.9856037499999999 0.15833390625000004 1.0 0.15833390625000004
0 1.0 0.48644109375 1.0 0.48644109375 1.0 0.18723171875000003 1.0 0.18723171875000003
