0 0.0 0.76405828125 0.0 0.76405828125 0.0 0.5328700000000001 0.0 0.5328700000000001
0 0.0 0.81186 0.0 0.81186 0.0 0.5462975 0.0 0.5462975
0 0.0 0.023104531249999914 0.0 0.023104531249999914 0.0 0.0 0.0 0.0
0 0.0 0.16876796874999994 0.0 0.16876796874999994 0.0 0.0 0.0 0.0
0 0.0 0.9541725 0.17028593749999993 0.9541725 0.0 0.68929484375 0.17028593749999993 0.68929484375
0 0.0 0.43949796875 0.0 0.43949796875 0.0 0.22916921875000007 0.0 0.22916921875000007
0 0.0 0.55510046875 0.3171875 0.55510046875 0.0 0.11076109375000005 0.3171875 0.11076109375000005
0 0.0 0.6537875 0.0 0.6537875 0.0 0.48074453124999994 0.0 0.48074453124999994
0 0.0 1.0 0.0 1.0 0.0 0.926661875 0.0 0.926661875
0 0.0 1.0 0.0 1.0 0.0 0.83620765625 0.0 0.83620765625
0 0.0 0.08404859375000004 0.0 0.08404859375000004 0.0 0.0 0.0 0.0
0 0.0 0.966365 0.0 0.966365 0.0 0.72909125 0.0 0.72909125
0 0.0 0.6662021874999999 0.0 0.6662021874999999 0.0 0.5153229687499999 0.0 0.5153229687499999
0 0.0 0.08667718749999995 0.0 0.08667718749999995 0.0 0.0 0.0 0.0
0 0.0 0.290913125 0.0 0.290913125 0.0 0.23714328125 0.0 0.23714328125
0 0.0 1.0 0.0 1.0 0.0 0.97169328125 0.0 0.97169328125
0 0.0 0.9177378125000001 0.08039218750000003 0.9177378125000001 0.0 0.46593578124999996 0.08039218750000003 0.46593578124999996
0 0.23121406250000015 1.0 0.27544375000000015 1.0 0.23121406250000015 0.96736703125 0.27544375000000015 0.96736703125
0 0.0 0.15207109375000005 0.0 0.15207109375000005 0.0 0.0 0.0 0.0
0 0.0 0.67342625 0.0 0.67342625 0.0 0.4394171875 0.0 0.4394171875
0 0.0 0.27298375 0.0 0.27298375 0.0 0.00266671874999993 0.0 0.00266671874999993
0 0.0 0.7950710937500001 0.0 0.7950710937500001 0.0 0.73614421875 0.0 0.73614421875
0 0.0 0.35642015625 0.0 0.35642015625 0.0 0.12091328125 0.0 0.12091328125
0 0.14319687499999995 0.30557750000000006 0.3171875 0.30557750000000006 0.14319687499999995 0.052575468749999923 0.3171875 0.052575468749999923
0 0.07150781250000016 1.0 0.22341562500000017 1.0 0.07150781250000016 0.981590046875 0.22341562500000017 0.981590046875
0 0.0 0.5209900000000001 0.0 0.5209900000000001 0.0 0.26676703125 0.0 0.26676703125
0 0.0 1.0 0.0 1.0 0.0 0.980451421875 0.0 0.980451421875
0 0.0 0.7496501562500001 0.0 0.7496501562500001 0.0 0.53049453125 0.0 0.53049453125
0 0.0 0.03928703124999995 0.0 0.03928703124999995 0.0 0.0 0.0 0.0
0 0.0 0.7511751562500001 0.0 0.7511751562500001 0.0 0.57459453125 0.0 0.57459453125
0 0.0 0.6508271875 0.0 0.6508271875 0.0 0.20983484375000003 0.0 0.20983484375000003
0 0.0 0.39812703125000004 0.0 0.39812703125000004 0.0 0.22297171875000005 0.0 0.22297171875000005
0 0.007445312500000157 0.8665225 0.2664437499999998 0.8665225 0.007445312500000157 0.5892928125 0.2664437499999998 0.5892928125
