0 0.09282968750000009 0.0 0.1557437499999999 0.0 0.09282968750000009 0.0 0.1557437499999999 0.0
0 0.2157187499999999 0.0 0.3171875 0.0 0.2157187499999999 0.0 0.3171875 0.0
0 0.3159890624999999 0.0 0.3171875 0.0 0.3159890624999999 0.0 0.3171875 0.0
0 0.0 0.1359375 0.0 0.1359375 0.0 0.0 0.0 0.0
0 0.0 0.1359375 0.0 0.1359375 0.0 0.0 0.0 0.0
0 0.0 0.1359375 0.0 0.1359375 0.0 0.0 0.0 0.0
0 0.0 0.048494999999999955 0.0 0.048494999999999955 0.0 0.0 0.0 0.0
0 0.0 0.11042242187499998 0.0 0.11042242187499998 0.0 0.0 0.0 0.0
0 0.0 0.1359375 0.0 0.1359375 0.0 0.0 0.0 0.0
0 0.0 0.0953929531250001 0.028559375000000033 0.0953929531250001 0.0 0.0 0.028559375000000033 0.0
0 0.0 0.1359375 0.0 0.1359375 0.0 0.0 0.0 0.0
0 0.0 0.1359375 0.07998437500000008 0.1359375 0.0 0.0 0.07998437500000008 0.0
0 0.0 0.1359375 0.0 0.1359375 0.0 0.0 0.0 0.0
0 0.0 0.07514045312499995 0.11662500000000016 0.07514045312499995 0.0 0.0 0.11662500000000016 0.0
0 0.0 0.0 0.08837187499999999 0.0 0.0 0.0 0.08837187499999999 0.0
0 0.15845781250000002 0.0 0.3171875 0.0 0.15845781250000002 0.0 0.3171875 0.0
0 0.17635312499999997 0.0 0.3171875 0.0 0.17635312499999997 0.0 0.3171875 0.0
0 0.0 0.1359375 0.0 0.1359375 0.0 0.0 0.0 0.0
0 0.0 0.04786989062499991 0.0 0.04786989062499991 0.0 0.0 0.0 0.0
0 0.0 0.1359375 0.25007812499999993 0.1359375 0.0 0.0 0.25007812499999993 0.0
0 0.0 0.1359375 0.0 0.1359375 0.0 0.0 0.0 0.0
0 0.24816874999999997 0.0 0.3171875 0.0 0.24816874999999997 0.0 0.3171875 0.0
0 0.10207499999999996 0.0 0.3171875 0.0 0.10207499999999996 0.0 0.3171875 0.0
