0 0.0 0.06968171875000007 0.23776453125000002 0.06968171875000007 0.0 0.0 0.23776453125000002 0.0
0 1.0 0.07157531250000009 1.0 0.07157531250000009 1.0 0.0 1.0 0.0
0 1.0 0.9564623437499999 1.0 0.9564623437499999 1.0 0.75437703125 1.0 0.75437703125
0 0.5191775 1.0 0.7307375 1.0 0.5191775 1.0 0.7307375 1.0
0 0.8392156249999999 0.22013984375 1.0 0.22013984375 0.8392156249999999 0.0 1.0 0.0
0 0.0 0.55881359375 0.0 0.55881359375 0.0 0.382698125 0.0 0.382698125
0 0.0 0.8028634374999999 0.0 0.8028634374999999 0.0 0.55281 0.0 0.55281
0 1.0 1.0 1.0 1.0 1.0 0.7386715625 1.0 0.7386715625
0 1.0 0.09044343749999992 1.0 0.09044343749999992 1.0 0.0 1.0 0.0
0 0.0 0.89447875 0.07061046874999999 0.89447875 0.0 0.6591946875 0.07061046874999999 0.6591946875
0 0.0 0.78211546875 0.0 0.78211546875 0.0 0.6515579687499999 0.0 0.6515579687499999
0 0.0 0.75231859375 0.0 0.75231859375 0.0 0.48822921875 0.0 0.48822921875
0 0.0 0.631310625 0.0 0.631310625 0.0 0.29127187499999996 0.0 0.29127187499999996
0 0.0 0.96909921875 0.0 0.96909921875 0.0 0.673281875 0.0 0.673281875
0 0.0 0.24747343750000006 0.0 0.24747343750000006 0.0 0.10378093750000002 0.0 0.10378093750000002
0 0.045676093750000035 1.0 0.3492467187500001 1.0 0.045676093750000035 0.80020453125 0.3492467187500001 0.80020453125
0 0.5048557812500001 0.38610609374999993 0.6690484375000001 0.38610609374999993 0.5048557812500001 0.21369624999999992 0.6690484375000001 0.21369624999999992
0 0.0 0.16848921874999992 0.0 0.16848921874999992 0.0 0.0 0.0 0.0
0 0.7081593749999999 0.35526046874999995 0.9062874999999998 0.35526046874999995 0.7081593749999999 0.17054984374999993 0.9062874999999998 0.17054984374999993
0 0.0 0.64941 0.0 0.64941 0.0 0.39150453125 0.0 0.39150453125
0 0.0 0.81379046875 0.0 0.81379046875 0.0 0.5102795312499999 0.0 0.5102795312499999
0 0.0 0.8534528124999999 0.0 0.8534528124999999 0.0 0.676203125 0.0 0.676203125
0 0.7270562500000001 0.719748125 0.9600750000000001 0.719748125 0.7270562500000001 0.48685140625 0.9600750000000001 0.48685140625
0 1.0 0.9405190625 1.0 0.9405190625 1.0 0.67545703125 1.0 0.67545703125
0 0.976909375 0.38828796875 1.0 0.38828796875 0.976909375 0.0 1.0 0.0
0 0.0 0.8218023437499999 0.24039390624999993 0.8218023437499999 0.0 0.5839867187500001 0.24039390624999993 0.5839867187500001
0 0.0 0.00013796875000000598 0.0 0.00013796875000000598 0.0 0.0 0.0 0.0
0 0.625571875 0.05516359375000004 0.8945890625 0.05516359375000004 0.625571875 0.0 0.8945890625 0.0
0 0.0 0.13273062499999994 0.0 0.13273062499999994 0.0 0.0 0.0 0.0
0 1.0 0.4811271875 1.0 0.4811271875 1.0 0.26489203124999994 1.0 0.26489203124999994
0 0.0 0.35205328125 0.11892078124999994 0.35205328125 0.0 0.17896687500000005 0.11892078124999994 0.17896687500000005
0 0.0 0.99236878125 0.0 0.99236878125 0.0 0.8293360937500001 0.0 0.8293360937500001
