0 0.93040359375 0.1359375 1.0 0.1359375 0.93040359375 0.1248577359375 1.0 0.1248577359375
0 0.26762796875 0.1359375 0.693990625 0.1359375 0.26762796875 0.0 0.693990625 0.0
0 0.3955178125 0.0 0.54924015625 0.0 0.3955178125 0.0 0.54924015625 0.0
0 1.0 0.1359375 1.0 0.1359375 1.0 0.13446904421875008 1.0 0.13446904421875008
0 1.0 0.1359375 1.0 0.1359375 1.0 0.10213582812500004 1.0 0.10213582812500004
0 0.6732771875 0.0 0.72582375 0.0 0.6732771875 0.0 0.72582375 0.0
0 1.0 0.1359375 1.0 0.1359375 1.0 0.0 1.0 0.0
0 1.0 0.11410053125000008 1.0 0.11410053125000008 1.0 0.0 1.0 0.0
0 0.77057796875 0.1258732875 0.8498571874999999 0.1258732875 0.77057796875 0.04680223437500004 0.8498571874999999 0.04680223437500004
0 0.9466646875 0.1359375 1.0 0.1359375 0.9466646875 0.025753406249999954 1.0 0.025753406249999954
0 0.37670171875 0.1359375 0.6338359375 0.1359375 0.37670171875 0.0 0.6338359375 0.0
