0 0.24981875000000003 0.684645 0.3171875 0.684645 0.24981875000000003 0.38012281249999996 0.3171875 0.38012281249999996
0 0.0 0.46000296875 0.22427031249999985 0.46000296875 0.0 0.1551690625000001 0.22427031249999985 0.1551690625000001
0 0.0 0.67084265625 0.0 0.67084265625 0.0 0.43708625 0.0 0.43708625
0 0.0 1.0 0.0 1.0 0.0 0.8162982812500001 0.0 0.8162982812500001
0 0.0 0.2116034375 0.07624531250000004 0.2116034375 0.0 0.0 0.07624531250000004 0.0
0 0.0 0.17890312500000008 0.0 0.17890312500000008 0.0 0.0 0.0 0.0
0 0.0 0.8177787500000001 0.0 0.8177787500000001 0.0 0.58241796875 0.0 0.58241796875
0 0.1450765624999999 0.5858403125 0.3171875 0.5858403125 0.1450765624999999 0.408405625 0.3171875 0.408405625
0 0.0 0.6086346875 0.0 0.6086346875 0.0 0.46409609375 0.0 0.46409609375
0 0.09276875000000011 1.0 0.17193281250000006 1.0 0.09276875000000011 1.0 0.17193281250000006 1.0
0 0.0 0.032212812500000076 0.0 0.032212812500000076 0.0 0.0 0.0 0.0
0 0.0 1.0 0.0 1.0 0.0 0.9527639062500001 0.0 0.9527639062500001
0 0.0 1.0 0.18312968749999997 1.0 0.0 0.69792125 0.18312968749999997 0.69792125
0 0.04622500000000009 0.5406034375 0.10292500000000011 0.5406034375 0.04622500000000009 0.48423453125 0.10292500000000011 0.48423453125
0 0.0 0.3371290625 0.0 0.3371290625 0.0 0.1047328125 0.0 0.1047328125
0 0.0 0.33349062499999993 0.0 0.33349062499999993 0.0 0.26546234375 0.0 0.26546234375
0 0.0 1.0 0.0 1.0 0.0 0.9295626562500001 0.0 0.9295626562500001
0 0.0 0.96057328125 0.0 0.96057328125 0.0 0.71123515625 0.0 0.71123515625
