0 0.0 0.0 0.11450329687500001 0.0 0.0 0.0 0.11450329687500001 0.0
0 0.035873656250000004 0.1359375 0.088128421875 0.1359375 0.035873656250000004 0.08328984375000008 0.088128421875 0.08328984375000008
0 1.0 0.1359375 1.0 0.1359375 1.0 0.02659345312500001 1.0 0.02659345312500001
0 0.0 0.1359375 0.086275375 0.1359375 0.0 0.0 0.086275375 0.0
0 1.0 0.1359375 1.0 0.1359375 1.0 0.09894415624999997 1.0 0.09894415624999997
0 0.29039828125 0.0 0.336910625 0.0 0.29039828125 0.0 0.336910625 0.0
0 0.0 0.1359375 0.047480125 0.1359375 0.0 0.0 0.047480125 0.0
0 0.34284953125 0.09999259375000005 0.62589984375 0.09999259375000005 0.34284953125 0.0 0.62589984375 0.0
0 1.0 0.1359375 1.0 0.1359375 1.0 0.015300749999999929 1.0 0.015300749999999929
0 0.65851578125 0.0 0.8561814062499999 0.0 0.65851578125 0.0 0.8561814062499999 0.0
0 1.0 0.12802212812500002 1.0 0.12802212812500002 1.0 0.0 1.0 0.0
0 0.8546014062499999 0.0 1.0 0.0 0.8546014062499999 0.0 1.0 0.0
0 0.0 0.0 0.150417140625 0.0 0.0 0.0 0.150417140625 0.0
0 0.694411875 0.1359375 1.0 0.1359375 0.694411875 0.06995320312499995 1.0 0.06995320312499995
0 0.1339764375 0.0 0.44274593749999996 0.0 0.1339764375 0.0 0.44274593749999996 0.0
0 0.050334703125000005 0.0 0.35852125 0.0 0.050334703125000005 0.0 0.35852125 0.0
0 0.8593203125000001 0.0 1.0 0.0 0.8593203125000001 0.0 1.0 0.0
0 0.87586609375 0.0 1.0 0.0 0.87586609375 0.0 1.0 0.0
0 0.134674734375 0.0 0.3614315625 0.0 0.134674734375 0.0 0.3614315625 0.0
0 0.6933221875 0.0 1.0 0.0 0.6933221875 0.0 1.0 0.0
0 0.0 0.0 0.022337765625 0.0 0.0 0.0 0.022337765625 0.0
0 0.043417390625 0.1359375 0.34741078124999997 0.1359375 0.043417390625 0.0 0.34741078124999997 0.0
0 0.0 0.0 0.27401359375 0.0 0.0 0.0 0.27401359375 0.0
0 0.0 0.0 0.292635625 0.0 0.0 0.0 0.292635625 0.0
0 0.9851856250000001 0.0 1.0 0.0 0.9851856250000001 0.0 1.0 0.0
0 0.0 0.0 0.075770109375 0.0 0.0 0.0 0.075770109375 0.0
0 0.5560321874999999 0.07801676562500007 0.8078256250000001 0.07801676562500007 0.5560321874999999 0.0 0.8078256250000001 0.0
