0 0.6842140624999999 0.0 0.9128578125000001 0.0 0.6842140624999999 0.0 0.9128578125000001 0.0
0 0.0 0.1359375 0.0 0.1359375 0.0 0.07825598437500006 0.0 0.07825598437500006
0 0.6947093750000001 0.0 0.8786265624999998 0.0 0.6947093750000001 0.0 0.8786265624999998 0.0
0 0.48561421875 0.0 0.7190312500000001 0.0 0.48561421875 0.0 0.7190312500000001 0.0
0 0.0 0.0 0.09713843749999995 0.0 0.0 0.0 0.09713843749999995 0.0
0 0.7044125000000001 0.0 0.934959375 0.0 0.7044125000000001 0.0 0.934959375 0.0
0 0.0 0.04794800000000006 0.0 0.04794800000000006 0.0 0.0 0.0 0.0
0 1.0 0.1359375 1.0 0.1359375 1.0 0.10044582812500007 1.0 0.10044582812500007
0 0.15204046874999994 0.1359375 0.3930454687499999 0.1359375 0.15204046874999994 0.10961106249999997 0.3930454687499999 0.10961106249999997
0 1.0 0.1359375 1.0 0.1359375 1.0 0.098899609375 1.0 0.098899609375
0 0.0 0.0 0.26291609375 0.0 0.0 0.0 0.26291609375 0.0
0 0.6009499999999999 0.0 0.8192421875000001 0.0 0.6009499999999999 0.0 0.8192421875000001 0.0
0 0.0 0.0 0.07491328124999992 0.0 0.0 0.0 0.07491328124999992 0.0
0 0.6248718749999999 0.1359375 0.838834375 0.1359375 0.6248718749999999 0.11684065624999995 0.838834375 0.11684065624999995
0 0.40099171874999995 0.0 0.5389893750000001 0.0 0.40099171874999995 0.0 0.5389893750000001 0.0
0 0.566309375 0.0 0.8341750000000001 0.0 0.566309375 0.0 0.8341750000000001 0.0
0 0.23376125000000006 0.0 0.5429609375 0.0 0.23376125000000006 0.0 0.5429609375 0.0
0 0.024175937500000088 0.0 0.19738937500000003 0.0 0.024175937500000088 0.0 0.19738937500000003 0.0
0 0.19836718750000007 0.0 0.5955125000000001 0.0 0.19836718750000007 0.0 0.5955125000000001 0.0
