0 0.14263031250000005 0.1359375 0.41601015624999993 0.1359375 0.14263031250000005 0.0 0.41601015624999993 0.0
0 0.0 0.1359375 0.20374828125000005 0.1359375 0.0 0.0 0.20374828125000005 0.0
0 0.0 0.1359375 0.0 0.1359375 0.0 0.0 0.0 0.0
0 0.0 0.048494999999999955 0.0 0.048494999999999955 0.0 0.0 0.0 0.0
0 0.0 0.11042242187499998 0.06757734375000002 0.11042242187499998 0.0 0.0 0.06757734375000002 0.0
0 0.0 0.0 0.02498765625000008 0.0 0.0 0.0 0.02498765625000008 0.0
0 0.0 0.1359375 0.0 0.1359375 0.0 0.0 0.0 0.0
0 0.6098296874999999 0.0 0.9200218750000001 0.0 0.6098296874999999 0.0 0.9200218750000001 0.0
0 0.7809156250000001 0.0953929531250001 1.0 0.0953929531250001 0.7809156250000001 0.0 1.0 0.0
0 0.35534374999999996 0.0 0.4215420312499999 0.0 0.35534374999999996 0.0 0.4215420312499999 0.0
0 0.0 0.1359375 0.0 0.1359375 0.0 0.0 0.0 0.0
0 0.8184078124999999 0.1359375 1.0 0.1359375 0.8184078124999999 0.0 1.0 0.0
0 0.23353093749999995 0.1359375 0.39478156250000007 0.1359375 0.23353093749999995 0.0 0.39478156250000007 0.0
0 0.85233125 0.07514045312499995 1.0 0.07514045312499995 0.85233125 0.0 1.0 0.0
0 0.8773375000000001 0.0 1.0 0.0 0.8773375000000001 0.0 1.0 0.0
0 0.22383437500000003 0.1359375 0.6383624999999998 0.1359375 0.22383437500000003 0.0 0.6383624999999998 0.0
0 0.10944546875000008 0.04786989062499991 0.1710053125 0.04786989062499991 0.10944546875000008 0.0 0.1710053125 0.0
0 0.73470625 0.0 0.7788406250000002 0.0 0.73470625 0.0 0.7788406250000002 0.0
0 0.93138125 0.1359375 1.0 0.1359375 0.93138125 0.0 1.0 0.0
0 0.0 0.1359375 0.0 0.1359375 0.0 0.0 0.0 0.0
0 0.13908343750000007 0.0 0.31323828125 0.0 0.13908343750000007 0.0 0.31323828125 0.0
