0 0.978045625 0.0 1.0 0.0 0.978045625 0.0 1.0 0.0
0 0.7316389062499999 0.0 0.9967234375 0.0 0.7316389062499999 0.0 0.9967234375 0.0
0 0.8761267187499999 0.0 1.0 0.0 0.8761267187499999 0.0 1.0 0.0
0 0.8905284375000001 0.0 1.0 0.0 0.8905284375000001 0.0 1.0 0.0
0 0.9157465625000001 0.0 1.0 0.0 0.9157465625000001 0.0 1.0 0.0
0 0.77709546875 0.07653998437500001 0.9809162499999999 0.07653998437500001 0.77709546875 0.0 0.9809162499999999 0.0
0 1.0 0.08934364062500003 1.0 0.08934364062500003 1.0 0.0 1.0 0.0
0 0.80124140625 0.004912468750000088 1.0 0.004912468750000088 0.80124140625 0.0 1.0 0.0
0 1.0 0.1359375 1.0 0.1359375 1.0 0.009746546875000029 1.0 0.009746546875000029
0 0.5290840625000001 0.0 0.75196421875 0.0 0.5290840625000001 0.0 0.75196421875 0.0
0 1.0 0.1359375 1.0 0.1359375 1.0 0.047870953125000074 1.0 0.047870953125000074
0 0.85548796875 0.0 1.0 0.0 0.85548796875 0.0 1.0 0.0
0 0.0883258125 0.1359375 0.3331921875 0.1359375 0.0883258125 0.0 0.3331921875 0.0
0 0.59257546875 0.0 0.9586329687499999 0.0 0.59257546875 0.0 0.9586329687499999 0.0
0 0.17703515625 0.0 0.4472809375 0.0 0.17703515625 0.0 0.4472809375 0.0
0 1.0 0.1359375 1.0 0.1359375 1.0 0.09403959375 1.0 0.09403959375
0 1.0 0.1359375 1.0 0.1359375 1.0 0.03877956250000007 1.0 0.03877956250000007
0 0.0 0.0 0.203189375 0.0 0.0 0.0 0.203189375 0.0
0 0.19128796875 0.0 0.49751593749999995 0.0 0.19128796875 0.0 0.49751593749999995 0.0
0 0.0 0.0 0.108486234375 0.0 0.0 0.0 0.108486234375 0.0
0 0.11170915625 0.0 0.40028421875 0.0 0.11170915625 0.0 0.40028421875 0.0
0 0.0 0.0 0.4135675 0.0 0.0 0.0 0.4135675 0.0
0 1.0 0.1359375 1.0 0.1359375 1.0 0.0 1.0 0.0
0 0.533208125 0.0 0.9070921875 0.0 0.533208125 0.0 0.9070921875 0.0
0 0.69859015625 0.13401032656250003 0.7540603124999999 0.13401032656250003 0.69859015625 0.07940218750000003 0.7540603124999999 0.07940218750000003
0 0.0 0.0 0.036746625 0.0 0.0 0.0 0.036746625 0.0
0 0.0 0.09290570312500002 0.211563125 0.09290570312500002 0.0 0.0 0.211563125 0.0
0 0.0 0.1359375 0.0046638484375 0.1359375 0.0 0.030732859375000032 0.0046638484375 0.030732859375000032
0 0.662639375 0.04478390624999999 0.933054375 0.04478390624999999 0.662639375 0.0 0.933054375 0.0
0 0.9508351562499999 0.0 1.0 0.0 0.9508351562499999 0.0 1.0 0.0
