0 0.0 0.06968171875000007 0.0 0.06968171875000007 0.0 0.0 0.0 0.0
0 0.30992812500000005 0.07157531250000009 0.3171875 0.07157531250000009 0.30992812500000005 0.0 0.3171875 0.0
0 0.17560937500000015 0.9564623437499999 0.3171875 0.9564623437499999 0.17560937500000015 0.75437703125 0.3171875 0.75437703125
0 0.0 0.22013984375 0.08449062500000011 0.22013984375 0.0 0.0 0.08449062500000011 0.0
0 0.0 0.55881359375 0.0 0.55881359375 0.0 0.382698125 0.0 0.382698125
0 0.0 0.8028634374999999 0.0 0.8028634374999999 0.0 0.55281 0.0 0.55281
0 0.31695937500000004 1.0 0.3171875 1.0 0.31695937500000004 0.7386715625 0.3171875 0.7386715625
0 0.19731875000000015 0.09044343749999992 0.3171875 0.09044343749999992 0.19731875000000015 0.0 0.3171875 0.0
0 0.0 0.89447875 0.0 0.89447875 0.0 0.6591946875 0.0 0.6591946875
0 0.0 0.78211546875 0.0 0.78211546875 0.0 0.6515579687499999 0.0 0.6515579687499999
0 0.0 0.75231859375 0.0 0.75231859375 0.0 0.48822921875 0.0 0.48822921875
0 0.0 0.631310625 0.0 0.631310625 0.0 0.29127187499999996 0.0 0.29127187499999996
0 0.0 0.96909921875 0.0 0.96909921875 0.0 0.673281875 0.0 0.673281875
0 0.0 0.24747343750000006 0.0 0.24747343750000006 0.0 0.10378093750000002 0.0 0.10378093750000002
0 0.0 1.0 0.0 1.0 0.0 0.80020453125 0.0 0.80020453125
0 0.0 0.38610609374999993 0.0 0.38610609374999993 0.0 0.21369624999999992 0.0 0.21369624999999992
0 0.0 0.16848921874999992 0.0 0.16848921874999992 0.0 0.0 0.0 0.0
0 0.0 0.35526046874999995 0.0 0.35526046874999995 0.0 0.17054984374999993 0.0 0.17054984374999993
0 0.0 0.64941 0.0 0.64941 0.0 0.39150453125 0.0 0.39150453125
0 0.0 0.81379046875 0.0 0.81379046875 0.0 0.5102795312499999 0.0 0.5102795312499999
0 0.0 0.8534528124999999 0.0 0.8534528124999999 0.0 0.676203125 0.0 0.676203125
0 0.0 0.719748125 0.0 0.719748125 0.0 0.48685140625 0.0 0.48685140625
0 0.2813593749999999 0.9405190625 0.3171875 0.9405190625 0.2813593749999999 0.67545703125 0.3171875 0.67545703125
0 0.0 0.38828796875 0.3171875 0.38828796875 0.0 0.0 0.3171875 0.0
0 0.0 0.8218023437499999 0.0 0.8218023437499999 0.0 0.5839867187500001 0.0 0.5839867187500001
0 0.0 0.00013796875000000598 0.0 0.00013796875000000598 0.0 0.0 0.0 0.0
0 0.0 0.05516359375000004 0.0 0.05516359375000004 0.0 0.0 0.0 0.0
0 0.0 0.13273062499999994 0.0 0.13273062499999994 0.0 0.0 0.0 0.0
0 0.174234375 0.4811271875 0.3171875 0.4811271875 0.174234375 0.26489203124999994 0.3171875 0.26489203124999994
0 0.0 0.35205328125 0.0 0.35205328125 0.0 0.17896687500000005 0.0 0.17896687500000005
0 0.0 0.99236878125 0.0 0.99236878125 0.0 0.8293360937500001 0.0 0.8293360937500001
