0 0.97362140625 0.0 1.0 0.0 0.97362140625 0.0 1.0 0.0
0 1.0 0.1359375 1.0 0.1359375 1.0 0.05650657812500004 1.0 0.05650657812500004
0 0.0 0.0 0.016586484375 0.0 0.0 0.0 0.016586484375 0.0
0 0.03884853125 0.0 0.28374 0.0 0.03884853125 0.0 0.28374 0.0
0 1.0 0.09402565625 1.0 0.09402565625 1.0 0.0 1.0 0.0
0 0.8352084375000001 0.0 1.0 0.0 0.8352084375000001 0.0 1.0 0.0
0 0.8252940625 0.0 0.97732046875 0.0 0.8252940625 0.0 0.97732046875 0.0
0 0.3977865625 0.0 0.65586734375 0.0 0.3977865625 0.0 0.65586734375 0.0
0 0.0 0.0 0.33561625 0.0 0.0 0.0 0.33561625 0.0
0 0.0 0.0 0.2998746875 0.0 0.0 0.0 0.2998746875 0.0
0 0.32321671875 0.0 0.45644921875 0.0 0.32321671875 0.0 0.45644921875 0.0
0 1.0 0.100152390625 1.0 0.100152390625 1.0 0.0 1.0 0.0
0 0.603210625 0.0 0.82882 0.0 0.603210625 0.0 0.82882 0.0
0 0.097294640625 0.0 0.35155921874999996 0.0 0.097294640625 0.0 0.35155921874999996 0.0
0 0.44222453125000005 0.0 0.74404296875 0.0 0.44222453125000005 0.0 0.74404296875 0.0
0 0.358760625 0.0 0.53610140625 0.0 0.358760625 0.0 0.53610140625 0.0
0 0.9998701562500001 0.0 1.0 0.0 0.9998701562500001 0.0 1.0 0.0
0 0.1964225 0.0 0.43434578124999995 0.0 0.1964225 0.0 0.43434578124999995 0.0
0 0.0 0.0 0.2632040625 0.0 0.0 0.0 0.2632040625 0.0
0 0.9468878125 0.0 1.0 0.0 0.9468878125 0.0 1.0 0.0
0 0.74051203125 0.0 0.9191057812500001 0.0 0.74051203125 0.0 0.9191057812500001 0.0
