0 0.0 0.40986828124999997 0.11450329687500001 0.40986828124999997 0.0 0.17407562500000004 0.11450329687500001 0.17407562500000004
0 0.035873656250000004 1.0 0.088128421875 1.0 0.035873656250000004 1.0 0.088128421875 1.0
0 0.0 1.0 0.086275375 1.0 0.0 0.9848214687500001 0.086275375 0.9848214687500001
0 0.29039828125 0.7176396875 0.336910625 0.7176396875 0.29039828125 0.6692703125 0.336910625 0.6692703125
0 0.0 1.0 0.047480125 1.0 0.0 0.96603546875 0.047480125 0.96603546875
0 0.34284953125 1.0 0.62589984375 1.0 0.34284953125 0.8127848437499999 0.62589984375 0.8127848437499999
0 1.0 0.395730625 1.0 0.395730625 1.0 0.09067890624999997 1.0 0.09067890624999997
0 0.65851578125 0.37512078125 0.8561814062499999 0.37512078125 0.65851578125 0.17759125000000003 0.8561814062499999 0.17759125000000003
0 1.0 1.0 1.0 1.0 1.0 0.85792015625 1.0 0.85792015625
0 0.8546014062499999 0.07789718749999999 1.0 0.07789718749999999 0.8546014062499999 0.0 1.0 0.0
0 1.0 0.9752165625 1.0 0.9752165625 1.0 0.7235540625 1.0 0.7235540625
0 1.0 0.35876125 1.0 0.35876125 1.0 0.18527000000000005 1.0 0.18527000000000005
0 0.0 0.5873454687499999 0.150417140625 0.5873454687499999 0.0 0.34601249999999995 0.150417140625 0.34601249999999995
0 0.694411875 1.0 1.0 1.0 0.694411875 1.0 1.0 1.0
0 0.1339764375 0.6609784375000001 0.44274593749999996 0.6609784375000001 0.1339764375 0.35087437499999996 0.44274593749999996 0.35087437499999996
0 0.050334703125000005 0.02276015625000003 0.35852125 0.02276015625000003 0.050334703125000005 0.0 0.35852125 0.0
0 0.8593203125000001 0.09003171875000007 1.0 0.09003171875000007 0.8593203125000001 0.0 1.0 0.0
0 1.0 0.951604375 1.0 0.951604375 1.0 0.676485 1.0 0.676485
0 0.87586609375 0.9275556250000001 1.0 0.9275556250000001 0.87586609375 0.68702796875 1.0 0.68702796875
0 0.134674734375 0.51101984375 0.3614315625 0.51101984375 0.134674734375 0.29277546875000005 0.3614315625 0.29277546875000005
0 0.6933221875 0.39891781249999997 1.0 0.39891781249999997 0.6933221875 0.0 1.0 0.0
0 1.0 0.5248129687499999 1.0 0.5248129687499999 1.0 0.28189234375000005 1.0 0.28189234375000005
0 1.0 0.2526520312500001 1.0 0.2526520312500001 1.0 0.0 1.0 0.0
0 1.0 0.7805021875 1.0 0.7805021875 1.0 0.5431818749999999 1.0 0.5431818749999999
0 0.0 0.63241515625 0.022337765625 0.63241515625 0.0 0.46053984375 0.022337765625 0.46053984375
0 1.0 0.7232596874999999 1.0 0.7232596874999999 1.0 0.41548171875 1.0 0.41548171875
0 1.0 0.21572250000000004 1.0 0.21572250000000004 1.0 0.0 1.0 0.0
0 1.0 0.8435934375 1.0 0.8435934375 1.0 0.66125765625 1.0 0.66125765625
0 0.043417390625 1.0 0.34741078124999997 1.0 0.043417390625 0.90427390625 0.34741078124999997 0.90427390625
0 0.0 0.6414615625 0.27401359375 0.6414615625 0.0 0.25572187500000004 0.27401359375 0.25572187500000004
0 0.0 0.22130390625000002 0.292635625 0.22130390625000002 0.0 0.0 0.292635625 0.0
0 0.9851856250000001 0.07245468749999998 1.0 0.07245468749999998 0.9851856250000001 0.0 1.0 0.0
0 0.0 0.12483265625000009 0.075770109375 0.12483265625000009 0.0 0.0 0.075770109375 0.0
0 1.0 0.9337878125 1.0 0.9337878125 1.0 0.7940675 1.0 0.7940675
0 0.5560321874999999 1.0 0.8078256250000001 1.0 0.5560321874999999 0.831350625 0.8078256250000001 0.831350625
