0 0.09282968750000009 0.9161946875 0.1557437499999999 0.9161946875 0.09282968750000009 0.8546092187500001 0.1557437499999999 0.8546092187500001
0 0.2157187499999999 0.19336734374999995 0.3171875 0.19336734374999995 0.2157187499999999 0.0 0.3171875 0.0
0 0.3159890624999999 0.66147765625 0.3171875 0.66147765625 0.3159890624999999 0.6124184374999999 0.3171875 0.6124184374999999
0 0.0 0.12814125 0.0 0.12814125 0.0 0.07281343749999998 0.0 0.07281343749999998
0 0.0 1.0 0.0 1.0 0.0 0.8794521875000001 0.0 0.8794521875000001
0 0.0 1.0 0.0 1.0 0.0 0.9984440156250001 0.0 0.9984440156250001
0 0.0 1.0 0.0 1.0 0.0 0.9195715625 0.0 0.9195715625
0 0.0 1.0 0.0 1.0 0.0 0.736818125 0.0 0.736818125
0 0.0 1.0 0.0 1.0 0.0 0.8694974999999999 0.0 0.8694974999999999
0 0.0 0.9116376562500002 0.0 0.9116376562500002 0.0 0.7390587500000001 0.0 0.7390587500000001
0 0.0 0.22288125 0.0 0.22288125 0.0 0.0 0.0 0.0
0 0.0 0.09986656249999992 0.0 0.09986656249999992 0.0 0.020498281250000083 0.0 0.020498281250000083
0 0.0 1.0 0.0 1.0 0.0 0.980292625 0.0 0.980292625
0 0.0 0.690105 0.0 0.690105 0.0 0.38124125 0.0 0.38124125
0 0.0 1.0 0.028559375000000033 1.0 0.0 0.8399204687499999 0.028559375000000033 0.8399204687499999
0 0.0 0.38887890625 0.0 0.38887890625 0.0 0.32389156250000006 0.0 0.32389156250000006
0 0.0 1.0 0.0 1.0 0.0 0.9198440625 0.0 0.9198440625
0 0.0 1.0 0.07998437500000008 1.0 0.0 0.9912120625 0.07998437500000008 0.9912120625
0 0.0 0.45569875 0.0 0.45569875 0.0 0.20010078124999992 0.0 0.20010078124999992
0 0.0 1.0 0.0 1.0 0.0 0.99254078125 0.0 0.99254078125
0 0.0 1.0 0.11662500000000016 1.0 0.0 0.81042890625 0.11662500000000016 0.81042890625
0 0.0 0.5469203125 0.08837187499999999 0.5469203125 0.0 0.32733234375000003 0.08837187499999999 0.32733234375000003
0 0.15845781250000002 0.93850859375 0.3171875 0.93850859375 0.15845781250000002 0.66912609375 0.3171875 0.66912609375
0 0.17635312499999997 0.91488453125 0.3171875 0.91488453125 0.17635312499999997 0.7270428124999999 0.3171875 0.7270428124999999
0 0.0 1.0 0.0 1.0 0.0 0.988731046875 0.0 0.988731046875
0 0.0 1.0 0.0 1.0 0.0 0.98503765625 0.0 0.98503765625
0 0.0 0.3349265624999999 0.0 0.3349265624999999 0.0 0.16591874999999998 0.0 0.16591874999999998
0 0.0 0.7758409374999999 0.0 0.7758409374999999 0.0 0.630954375 0.0 0.630954375
0 0.0 0.550614375 0.0 0.550614375 0.0 0.32951765625 0.0 0.32951765625
0 0.0 0.74180578125 0.0 0.74180578125 0.0 0.6956179687499999 0.0 0.6956179687499999
0 0.0 1.0 0.25007812499999993 1.0 0.0 0.981949171875 0.25007812499999993 0.981949171875
0 0.0 1.0 0.0 1.0 0.0 0.9590226562499999 0.0 0.9590226562499999
0 0.0 0.36878921875000004 0.0 0.36878921875000004 0.0 0.0 0.0 0.0
0 0.0 0.06426453124999991 0.0 0.06426453124999991 0.0 0.0 0.0 0.0
0 0.24816874999999997 0.025912187499999996 0.3171875 0.025912187499999996 0.24816874999999997 0.0 0.3171875 0.0
0 0.10207499999999996 0.343675 0.3171875 0.343675 0.10207499999999996 0.04887578124999994 0.3171875 0.04887578124999994
0 0.0 0.22936109375000005 0.0 0.22936109375000005 0.0 0.05280328124999993 0.0 0.05280328124999993
0 0.0 0.61499828125 0.0 0.61499828125 0.0 0.38513859375 0.0 0.38513859375
0 0.0 0.8213631250000001 0.0 0.8213631250000001 0.0 0.74201546875 0.0 0.74201546875
0 0.0 0.7767371875 0.0 0.7767371875 0.0 0.6096659375 0.0 0.6096659375
0 0.0 0.55347828125 0.0 0.55347828125 0.0 0.42218437499999995 0.0 0.42218437499999995
