0 0.0 0.40986828124999997 0.0 0.40986828124999997 0.0 0.17407562500000004 0.0 0.17407562500000004
0 0.0 1.0 0.0 1.0 0.0 0.9848214687500001 0.0 0.9848214687500001
0 0.20211718750000002 1.0 0.3171875 1.0 0.20211718750000002 1.0 0.3171875 1.0
0 0.0 0.7176396875 0.0 0.7176396875 0.0 0.6692703125 0.0 0.6692703125
0 0.0 1.0 0.0 1.0 0.0 0.96603546875 0.0 0.96603546875
0 0.0 1.0 0.0 1.0 0.0 0.8127848437499999 0.0 0.8127848437499999
0 0.0 0.395730625 0.037429687499999885 0.395730625 0.0 0.09067890624999997 0.037429687499999885 0.09067890624999997
0 0.0 0.37512078125 0.0 0.37512078125 0.0 0.17759125000000003 0.0 0.17759125000000003
0 0.008078125000000113 1.0 0.27641562499999994 1.0 0.008078125000000113 0.85792015625 0.27641562499999994 0.85792015625
0 0.0 0.07789718749999999 0.0 0.07789718749999999 0.0 0.0 0.0 0.0
0 0.000860937499999892 0.9752165625 0.2654843750000001 0.9752165625 0.000860937499999892 0.7235540625 0.2654843750000001 0.7235540625
0 0.0017437499999999773 0.35876125 0.17001093750000001 0.35876125 0.0017437499999999773 0.18527000000000005 0.17001093750000001 0.18527000000000005
0 0.0 0.5873454687499999 0.0 0.5873454687499999 0.0 0.34601249999999995 0.0 0.34601249999999995
0 0.0 0.6609784375000001 0.0 0.6609784375000001 0.0 0.35087437499999996 0.0 0.35087437499999996
0 0.0 0.02276015625000003 0.0 0.02276015625000003 0.0 0.0 0.0 0.0
0 0.0 0.09003171875000007 0.0 0.09003171875000007 0.0 0.0 0.0 0.0
0 0.0 0.951604375 0.27058125000000005 0.951604375 0.0 0.676485 0.27058125000000005 0.676485
0 0.0 0.9275556250000001 0.0 0.9275556250000001 0.0 0.68702796875 0.0 0.68702796875
0 0.0 0.51101984375 0.0 0.51101984375 0.0 0.29277546875000005 0.0 0.29277546875000005
0 0.0 0.39891781249999997 0.0 0.39891781249999997 0.0 0.0 0.0 0.0
0 0.0246953125000001 0.5248129687499999 0.24325781249999992 0.5248129687499999 0.0246953125000001 0.28189234375000005 0.24325781249999992 0.28189234375000005
0 0.0 0.2526520312500001 0.0 0.2526520312500001 0.0 0.0 0.0 0.0
0 0.0 0.7805021875 0.23822656249999988 0.7805021875 0.0 0.5431818749999999 0.23822656249999988 0.5431818749999999
0 0.0 0.63241515625 0.0 0.63241515625 0.0 0.46053984375 0.0 0.46053984375
0 0.0 0.7232596874999999 0.06818437499999988 0.7232596874999999 0.0 0.41548171875 0.06818437499999988 0.41548171875
0 0.0 0.21572250000000004 0.0 0.21572250000000004 0.0 0.0 0.0 0.0
0 0.0 0.8435934375 0.0 0.8435934375 0.0 0.66125765625 0.0 0.66125765625
0 0.0 1.0 0.0 1.0 0.0 0.90427390625 0.0 0.90427390625
0 0.0 0.6414615625 0.0 0.6414615625 0.0 0.25572187500000004 0.0 0.25572187500000004
0 0.0 0.22130390625000002 0.0 0.22130390625000002 0.0 0.0 0.0 0.0
0 0.0 0.07245468749999998 0.0 0.07245468749999998 0.0 0.0 0.0 0.0
0 0.0 0.12483265625000009 0.0 0.12483265625000009 0.0 0.0 0.0 0.0
0 0.0 0.9337878125 0.04075625000000009 0.9337878125 0.0 0.7940675 0.04075625000000009 0.7940675
0 0.0 1.0 0.0 1.0 0.0 0.831350625 0.0 0.831350625
