0 0.0 0.0 0.17028593749999993 0.0 0.0 0.0 0.17028593749999993 0.0
0 0.0 0.0 0.3171875 0.0 0.0 0.0 0.3171875 0.0
0 0.0 0.1359375 0.0 0.1359375 0.0 0.0 0.0 0.0
0 0.0 0.005288499999999985 0.0 0.005288499999999985 0.0 0.0 0.0 0.0
0 0.0 0.12074566718750006 0.0 0.12074566718750006 0.0 0.0 0.0 0.0
0 0.0 0.0 0.08039218750000003 0.0 0.0 0.0 0.08039218750000003 0.0
0 0.23121406250000015 0.00935017187499998 0.27544375000000015 0.00935017187499998 0.23121406250000015 0.0 0.27544375000000015 0.0
0 0.0 0.1359375 0.0 0.1359375 0.0 0.06557564062499992 0.0 0.06557564062499992
0 0.14319687499999995 0.0 0.3171875 0.0 0.14319687499999995 0.0 0.3171875 0.0
0 0.07150781250000016 0.1359375 0.22341562500000017 0.1359375 0.07150781250000016 0.0 0.22341562500000017 0.0
0 0.0 0.1359375 0.0 0.1359375 0.0 0.0 0.0 0.0
0 0.007445312500000157 0.0 0.2664437499999998 0.0 0.007445312500000157 0.0 0.2664437499999998 0.0
