0 0.0 0.6172090625 0.0 0.6172090625 0.0 0.4401096875 0.0 0.4401096875
0 1.0 0.62714421875 1.0 0.62714421875 1.0 0.5658545312500001 1.0 0.5658545312500001
0 0.0 0.555603125 0.0 0.555603125 0.0 0.29265609374999996 0.0 0.29265609374999996
0 0.5569240625 0.11740499999999994 0.6136906249999999 0.11740499999999994 0.5569240625 0.06088109374999995 0.6136906249999999 0.06088109374999995
0 1.0 0.53813375 1.0 0.53813375 1.0 0.37319171874999996 1.0 0.37319171874999996
0 0.06388171875000008 0.20166468749999994 0.17394187500000005 0.20166468749999994 0.06388171875000008 0.06554703125000003 0.17394187500000005 0.06554703125000003
0 0.08291374999999998 1.0 0.15191656249999994 1.0 0.08291374999999998 1.0 0.15191656249999994 1.0
0 0.18716265624999995 0.15618140625 0.3093978125 0.15618140625 0.18716265624999995 0.022349218749999976 0.3093978125 0.022349218749999976
0 1.0 0.62346640625 1.0 0.62346640625 1.0 0.5640982812499999 1.0 0.5640982812499999
0 0.3922501562500001 0.4184175 0.5661125 0.4184175 0.3922501562500001 0.24201374999999992 0.5661125 0.24201374999999992
0 0.0 1.0 0.0 1.0 0.0 0.82737421875 0.0 0.82737421875
0 1.0 1.0 1.0 1.0 1.0 0.9582190624999999 1.0 0.9582190624999999
0 1.0 0.36164625 1.0 0.36164625 1.0 0.0 1.0 0.0
0 0.476129375 0.9015084375000001 0.7448359374999999 0.9015084375000001 0.476129375 0.6416692187499999 0.7448359374999999 0.6416692187499999
0 1.0 0.17401312499999994 1.0 0.17401312499999994 1.0 0.0 1.0 0.0
0 0.0 0.47208125 0.0 0.47208125 0.0 0.2543371875 0.0 0.2543371875
0 0.9674640624999998 0.8170893749999999 1.0 0.8170893749999999 0.9674640624999998 0.5180368750000001 1.0 0.5180368750000001
0 0.7531281249999999 0.5212840625 1.0 0.5212840625 0.7531281249999999 0.265721875 1.0 0.265721875
0 0.57998125 0.6611532812500001 0.7520953124999998 0.6611532812500001 0.57998125 0.49803984375 0.7520953124999998 0.49803984375
0 0.8344953125 0.6750628125 1.0 0.6750628125 0.8344953125 0.26544359375000004 1.0 0.26544359375000004
0 1.0 0.857491875 1.0 0.857491875 1.0 0.6259953125 1.0 0.6259953125
0 0.0 0.997734828125 0.0012489062500000258 0.997734828125 0.0 0.74691671875 0.0012489062500000258 0.74691671875
0 0.8669609375 0.786446875 1.0 0.786446875 0.8669609375 0.500533125 1.0 0.500533125
0 0.9756531249999998 0.27653437499999994 1.0 0.27653437499999994 0.9756531249999998 0.0 1.0 0.0
0 0.8726406250000001 1.0 1.0 1.0 0.8726406250000001 0.9682493749999999 1.0 0.9682493749999999
0 0.0 1.0 0.0 1.0 0.0 0.7935828125000001 0.0 0.7935828125000001
0 0.6154796874999999 0.656338125 0.769440625 0.656338125 0.6154796874999999 0.51152359375 0.769440625 0.51152359375
0 0.0 0.25540874999999996 0.0 0.25540874999999996 0.0 0.09265843749999991 0.0 0.09265843749999991
0 1.0 0.82902109375 1.0 0.82902109375 1.0 0.5396842187499999 1.0 0.5396842187499999
0 0.0 0.70360265625 0.05122 0.70360265625 0.0 0.5329346875 0.05122 0.5329346875
0 0.30924828125000003 0.6919603125 0.47589859375000004 0.6919603125 0.30924828125000003 0.53964765625 0.47589859375000004 0.53964765625
