0 0.0 0.714005 0.0 0.714005 0.0 0.48548953125 0.0 0.48548953125
0 0.0 0.8799165625 0.0 0.8799165625 0.0 0.6153721875 0.0 0.6153721875
0 0.0 0.18761437500000006 0.0 0.18761437500000006 0.0 0.0 0.0 0.0
0 0.0 0.8502178125000001 0.0 0.8502178125000001 0.0 0.6426381250000001 0.0 0.6426381250000001
0 0.0 0.21826234375000003 0.0 0.21826234375000003 0.0 0.016177031249999984 0.0 0.016177031249999984
0 0.0 0.55507203125 0.0 0.55507203125 0.0 0.31830656249999995 0.0 0.31830656249999995
0 0.0 0.69223 0.0 0.69223 0.0 0.45837890625 0.0 0.45837890625
0 0.0 0.35582562500000003 0.0 0.35582562500000003 0.0 0.0004715624999999335 0.0 0.0004715624999999335
0 0.0 0.46407234375 0.0 0.46407234375 0.0 0.23361625000000003 0.0 0.23361625000000003
0 0.0 0.64490625 0.0 0.64490625 0.0 0.42016734375000003 0.0 0.42016734375000003
0 0.0 1.0 0.0 1.0 0.0 0.701624375 0.0 0.701624375
0 0.18301249999999988 1.0 0.23860468750000016 1.0 0.18301249999999988 1.0 0.23860468750000016 1.0
0 0.018695312499999873 1.0 0.3171875 1.0 0.018695312499999873 1.0 0.3171875 1.0
0 0.0 0.05449359375 0.0 0.05449359375 0.0 0.0 0.0 0.0
0 0.0 0.9346040625 0.0 0.9346040625 0.0 0.70835546875 0.0 0.70835546875
0 0.0 0.015169218750000013 0.0 0.015169218750000013 0.0 0.0 0.0 0.0
0 0.0 0.861720625 0.0 0.861720625 0.0 0.58165765625 0.0 0.58165765625
0 0.0 0.957675 0.0 0.957675 0.0 0.8453951562500001 0.0 0.8453951562500001
0 0.032926562500000145 0.8568684375 0.3149109374999998 0.8568684375 0.032926562500000145 0.579814375 0.3149109374999998 0.579814375
0 0.0 0.5151178125 0.0 0.5151178125 0.0 0.25720203124999996 0.0 0.25720203124999996
0 0.0 0.614294375 0.0 0.614294375 0.0 0.30431390625 0.0 0.30431390625
0 0.0 0.20231890625 0.0 0.20231890625 0.0 0.0 0.0 0.0
0 0.0 0.7151084375 0.0 0.7151084375 0.0 0.42547468750000006 0.0 0.42547468750000006
0 0.17187187500000006 0.711419375 0.3171875 0.711419375 0.17187187500000006 0.48003234375000003 0.3171875 0.48003234375000003
0 0.0 0.69999125 0.0 0.69999125 0.0 0.41884765625 0.0 0.41884765625
0 0.0 0.58848890625 0.0 0.58848890625 0.0 0.42205562499999993 0.0 0.42205562499999993
0 0.0 0.7917790625000001 0.0 0.7917790625000001 0.0 0.5667115625 0.0 0.5667115625
0 0.0 0.9880115937499999 0.0 0.9880115937499999 0.0 0.7810809375 0.0 0.7810809375
0 0.0 0.60676921875 0.0 0.60676921875 0.0 0.199855625 0.0 0.199855625
