0 0.0 0.40986828124999997 0.0 0.40986828124999997 0.0 0.17407562500000004 0.0 0.17407562500000004
0 0.02050703125000002 1.0 0.21293265624999994 1.0 0.02050703125000002 1.0 0.21293265624999994 1.0
0 0.0 1.0 0.0 1.0 0.0 0.9848214687500001 0.0 0.9848214687500001
0 0.0 0.7176396875 0.0 0.7176396875 0.0 0.6692703125 0.0 0.6692703125
0 0.0 1.0 0.0 1.0 0.0 0.96603546875 0.0 0.96603546875
0 0.0 1.0 0.0 1.0 0.0 0.8127848437499999 0.0 0.8127848437499999
0 0.697265625 1.0 0.85061875 1.0 0.697265625 1.0 0.85061875 1.0
0 0.7296078125000001 0.395730625 1.0 0.395730625 0.7296078125000001 0.09067890624999997 1.0 0.09067890624999997
0 0.0 0.37512078125 0.0 0.37512078125 0.0 0.17759125000000003 0.0 0.17759125000000003
0 1.0 1.0 1.0 1.0 1.0 0.85792015625 1.0 0.85792015625
0 0.0 0.07789718749999999 0.009157031250000003 0.07789718749999999 0.0 0.0 0.009157031250000003 0.0
0 1.0 0.9752165625 1.0 0.9752165625 1.0 0.7235540625 1.0 0.7235540625
0 1.0 0.35876125 1.0 0.35876125 1.0 0.18527000000000005 1.0 0.18527000000000005
0 0.0 0.5873454687499999 0.0 0.5873454687499999 0.0 0.34601249999999995 0.0 0.34601249999999995
0 0.0 1.0 0.0033645312499999136 1.0 0.0 1.0 0.0033645312499999136 1.0
0 0.0 0.6609784375000001 0.0 0.6609784375000001 0.0 0.35087437499999996 0.0 0.35087437499999996
0 0.0 0.02276015625000003 0.0 0.02276015625000003 0.0 0.0 0.0 0.0
0 0.0 0.09003171875000007 0.013717968749999976 0.09003171875000007 0.0 0.0 0.013717968749999976 0.0
0 0.9892328124999998 0.951604375 1.0 0.951604375 0.9892328124999998 0.676485 1.0 0.676485
0 0.0 0.9275556250000001 0.11406312500000002 0.9275556250000001 0.0 0.68702796875 0.11406312500000002 0.68702796875
0 0.0 0.51101984375 0.0 0.51101984375 0.0 0.29277546875000005 0.0 0.29277546875000005
0 0.0 0.39891781249999997 0.141845 0.39891781249999997 0.0 0.0 0.141845 0.0
0 1.0 0.5248129687499999 1.0 0.5248129687499999 1.0 0.28189234375000005 1.0 0.28189234375000005
0 0.27172937499999994 0.2526520312500001 0.5692187499999999 0.2526520312500001 0.27172937499999994 0.0 0.5692187499999999 0.0
0 0.9979343750000002 0.7805021875 1.0 0.7805021875 0.9979343750000002 0.5431818749999999 1.0 0.5431818749999999
0 0.0 0.63241515625 0.0 0.63241515625 0.0 0.46053984375 0.0 0.46053984375
0 0.76694375 0.7232596874999999 1.0 0.7232596874999999 0.76694375 0.41548171875 1.0 0.41548171875
0 0.4447543749999999 0.21572250000000004 0.7309046875 0.21572250000000004 0.4447543749999999 0.0 0.7309046875 0.0
0 0.5490845312499999 0.8435934375 0.7163984374999999 0.8435934375 0.5490845312499999 0.66125765625 0.7163984374999999 0.66125765625
0 0.0 1.0 0.0 1.0 0.0 0.90427390625 0.0 0.90427390625
0 0.0 0.6414615625 0.0 0.6414615625 0.0 0.25572187500000004 0.0 0.25572187500000004
0 0.0 0.22130390625000002 0.0 0.22130390625000002 0.0 0.0 0.0 0.0
0 0.0 0.07245468749999998 0.21641859374999992 0.07245468749999998 0.0 0.0 0.21641859374999992 0.0
0 0.0 0.12483265625000009 0.0 0.12483265625000009 0.0 0.0 0.0 0.0
0 0.9261687500000001 0.9337878125 1.0 0.9337878125 0.9261687500000001 0.7940675 1.0 0.7940675
0 0.0 1.0 0.0 1.0 0.0 0.831350625 0.0 0.831350625
