0 0.0 0.06663449999999997 0.0 0.06663449999999997 0.0 0.0 0.0 0.0
0 0.0 0.0 0.3171875 0.0 0.0 0.0 0.3171875 0.0
0 0.2780859374999999 0.0 0.3171875 0.0 0.2780859374999999 0.0 0.3171875 0.0
0 0.17622500000000016 0.0 0.23538906249999983 0.0 0.17622500000000016 0.0 0.23538906249999983 0.0
0 0.0 0.108627171875 0.0 0.108627171875 0.0 0.05302795312500006 0.0 0.05302795312500006
0 0.0 0.06527242187500004 0.0 0.06527242187500004 0.0 0.008623296875000009 0.0 0.008623296875000009
0 0.0 0.1359375 0.0 0.1359375 0.0 0.1268146984375001 0.0 0.1268146984375001
0 0.0 0.1359375 0.23937187500000015 0.1359375 0.0 0.0 0.23937187500000015 0.0
0 0.0 0.1359375 0.13482500000000003 0.1359375 0.0 0.10698537500000001 0.13482500000000003 0.10698537500000001
0 0.0 0.1359375 0.0 0.1359375 0.0 0.0 0.0 0.0
0 0.0 0.0 0.06276406250000015 0.0 0.0 0.0 0.06276406250000015 0.0
0 0.0 0.023946937500000053 0.0 0.023946937500000053 0.0 0.0 0.0 0.0
0 0.0 0.06167665625000005 0.0 0.06167665625000005 0.0 0.0 0.0 0.0
0 0.0 0.1359375 0.0 0.1359375 0.0 0.027567015624999948 0.0 0.027567015624999948
