0 0.0 0.06663449999999997 0.0 0.06663449999999997 0.0 0.0 0.0 0.0
0 0.09016109374999992 0.0 0.3249396875 0.0 0.09016109374999992 0.0 0.3249396875 0.0
0 0.9572593749999999 0.0 1.0 0.0 0.9572593749999999 0.0 1.0 0.0
0 0.43956968750000003 0.0 0.6739093749999998 0.0 0.43956968750000003 0.0 0.6739093749999998 0.0
0 0.0 0.0 0.056120468750000006 0.0 0.0 0.0 0.056120468750000006 0.0
0 0.16321796875000008 0.108627171875 0.2180628125 0.108627171875 0.16321796875000008 0.05302795312500006 0.2180628125 0.05302795312500006
0 0.0 0.06527242187500004 0.0 0.06527242187500004 0.0 0.008623296875000009 0.0 0.008623296875000009
0 0.49676046874999996 0.1359375 0.7562281250000001 0.1359375 0.49676046874999996 0.1268146984375001 0.7562281250000001 0.1268146984375001
0 0.9330312500000002 0.1359375 1.0 0.1359375 0.9330312500000002 0.0 1.0 0.0
0 0.9007140625000002 0.1359375 1.0 0.1359375 0.9007140625000002 0.10698537500000001 1.0 0.10698537500000001
0 0.5704546875000001 0.1359375 0.7620812499999999 0.1359375 0.5704546875000001 0.0 0.7620812499999999 0.0
0 0.16444937500000006 0.0 0.38963687500000005 0.0 0.16444937500000006 0.0 0.38963687500000005 0.0
0 0.3784579687500001 0.0 0.53526515625 0.0 0.3784579687500001 0.0 0.53526515625 0.0
0 0.6996953125 0.0 1.0 0.0 0.6996953125 0.0 1.0 0.0
0 0.0 0.023946937500000053 0.0 0.023946937500000053 0.0 0.0 0.0 0.0
0 0.27197250000000006 0.0 0.5752421875 0.0 0.27197250000000006 0.0 0.5752421875 0.0
0 0.0 0.0 0.06302625000000006 0.0 0.0 0.0 0.06302625000000006 0.0
0 0.6680468749999999 0.0 0.8530578125000001 0.0 0.6680468749999999 0.0 0.8530578125000001 0.0
0 0.0 0.06167665625000005 0.0 0.06167665625000005 0.0 0.0 0.0 0.0
0 0.0 0.0 0.005849687499999945 0.0 0.0 0.0 0.005849687499999945 0.0
0 0.08508265625 0.0 0.23832749999999994 0.0 0.08508265625 0.0 0.23832749999999994 0.0
0 0.46266921875 0.0 0.6824906250000001 0.0 0.46266921875 0.0 0.6824906250000001 0.0
0 0.0 0.0 0.23151187499999998 0.0 0.0 0.0 0.23151187499999998 0.0
0 0.09539218750000007 0.0 0.40236359374999997 0.0 0.09539218750000007 0.0 0.40236359374999997 0.0
0 0.521125625 0.1359375 0.8133203125000001 0.1359375 0.521125625 0.027567015624999948 0.8133203125000001 0.027567015624999948
