0 0.83450046875 0.758184375 1.0 0.758184375 0.83450046875 0.5186915625 1.0 0.5186915625
0 1.0 0.66116015625 1.0 0.66116015625 1.0 0.3840696875 1.0 0.3840696875
0 1.0 0.45546375 1.0 0.45546375 1.0 0.27816062499999994 1.0 0.27816062499999994
0 0.5311096875 1.0 0.7696246875 1.0 0.5311096875 1.0 0.7696246875 1.0
0 0.0 1.0 0.2989984375 1.0 0.0 0.6581978125 0.2989984375 0.6581978125
0 1.0 0.19199984375000004 1.0 0.19199984375000004 1.0 0.0 1.0 0.0
0 0.152326140625 1.0 0.20417796875 1.0 0.152326140625 1.0 0.20417796875 1.0
0 0.119211671875 0.11654421875000001 0.35930890625 0.11654421875000001 0.119211671875 0.0 0.35930890625 0.0
0 1.0 0.49508562500000003 1.0 0.49508562500000003 1.0 0.43975046874999996 1.0 0.43975046874999996
0 0.48308687499999997 1.0 0.75288984375 1.0 0.48308687499999997 0.85043734375 0.75288984375 0.85043734375
0 1.0 1.0 1.0 1.0 1.0 0.82119171875 1.0 0.82119171875
0 1.0 0.08840296875 1.0 0.08840296875 1.0 0.0 1.0 0.0
0 0.15207548437500001 1.0 0.6039718749999999 1.0 0.15207548437500001 1.0 0.6039718749999999 1.0
0 1.0 0.32933593749999995 1.0 0.32933593749999995 1.0 0.09886218749999998 1.0 0.09886218749999998
0 1.0 0.9305392187500001 1.0 0.9305392187500001 1.0 0.8823132812499999 1.0 0.8823132812499999
0 1.0 0.7973509375 1.0 0.7973509375 1.0 0.75178546875 1.0 0.75178546875
0 0.46540546875000005 0.7375245312500001 0.8743229687499999 0.7375245312500001 0.46540546875000005 0.33857218749999995 0.8743229687499999 0.33857218749999995
0 1.0 0.77125765625 1.0 0.77125765625 1.0 0.524081875 1.0 0.524081875
0 0.0 1.0 0.23663656249999998 1.0 0.0 1.0 0.23663656249999998 1.0
0 0.03146509375 1.0 0.25838453125 1.0 0.03146509375 1.0 0.25838453125 1.0
0 0.7333371875 0.61237078125 1.0 0.61237078125 0.7333371875 0.31058062500000005 1.0 0.31058062500000005
0 1.0 1.0 1.0 1.0 1.0 0.9475696875 1.0 0.9475696875
0 0.31894187500000004 0.9271001562500001 0.47427828125 0.9271001562500001 0.31894187500000004 0.7588476562500001 0.47427828125 0.7588476562500001
0 1.0 0.9926641875 1.0 0.9926641875 1.0 0.7666884375 1.0 0.7666884375
0 0.79613140625 0.69107125 1.0 0.69107125 0.79613140625 0.5119057812500001 1.0 0.5119057812500001
0 1.0 0.11485187499999991 1.0 0.11485187499999991 1.0 0.0 1.0 0.0
0 1.0 0.19470656250000004 1.0 0.19470656250000004 1.0 0.005360156250000081 1.0 0.005360156250000081
0 1.0 0.38089546875 1.0 0.38089546875 1.0 0.17007796875000009 1.0 0.17007796875000009
0 0.10037667187499999 1.0 0.179713125 1.0 0.10037667187499999 0.97282625 0.179713125 0.97282625
0 0.10073498437499999 0.89398984375 0.51103015625 0.89398984375 0.10073498437499999 0.47521171874999996 0.51103015625 0.47521171874999996
0 1.0 0.37924281249999997 1.0 0.37924281249999997 1.0 0.32523156249999996 1.0 0.32523156249999996
0 1.0 0.22751109374999992 1.0 0.22751109374999992 1.0 0.04465343750000006 1.0 0.04465343750000006
0 1.0 0.11689484374999992 1.0 0.11689484374999992 1.0 0.0 1.0 0.0
0 0.8691812499999999 0.06164640625000004 1.0 0.06164640625000004 0.8691812499999999 0.0 1.0 0.0
0 1.0 0.23735250000000008 1.0 0.23735250000000008 1.0 0.02365796875000008 1.0 0.02365796875000008
0 0.86552890625 0.575740625 1.0 0.575740625 0.86552890625 0.40374968750000007 1.0 0.40374968750000007
0 0.6269878125 0.44339140625000006 1.0 0.44339140625000006 0.6269878125 0.052076406249999964 1.0 0.052076406249999964
0 1.0 0.28133234374999994 1.0 0.28133234374999994 1.0 0.21088921875000005 1.0 0.21088921875000005
