0 0.08648484374999992 0.6496628125 0.3320514062499999 0.6496628125 0.08648484374999992 0.41017015625 0.3320514062499999 0.41017015625
0 0.7616078125000001 0.3469421875 0.9375015624999999 0.3469421875 0.7616078125000001 0.16963906249999994 0.9375015624999999 0.16963906249999994
0 0.0 1.0 0.021609062499999963 1.0 0.0 0.9583709375 0.021609062499999963 0.9583709375
0 0.0 0.91361671875 0.0 0.91361671875 0.0 0.54967625 0.0 0.54967625
0 1.0 0.08347828125000004 1.0 0.08347828125000004 1.0 0.0 1.0 0.0
0 0.0 0.9672735937500001 0.0 0.9672735937500001 0.0 0.91414390625 0.0 0.91414390625
0 0.0 0.53452109375 0.0 0.53452109375 0.0 0.12379125000000002 0.0 0.12379125000000002
0 0.0 0.9879242343750001 0.0 0.9879242343750001 0.0 0.9090359375 0.0 0.9090359375
0 0.0 1.0 0.15456281250000004 1.0 0.0 1.0 0.15456281250000004 1.0
0 0.0 0.008022656250000005 0.0 0.008022656250000005 0.0 0.0 0.0 0.0
0 0.0 0.09585859375000005 0.0 0.09585859375000005 0.0 0.0 0.0 0.0
0 0.0 1.0 0.004874374999999986 1.0 0.0 0.74191578125 0.004874374999999986 0.74191578125
0 1.0 0.9893388906249999 1.0 0.9893388906249999 1.0 0.71267015625 1.0 0.71267015625
0 0.0 1.0 0.0 1.0 0.0 0.999202828125 0.0 0.999202828125
0 1.0 0.22081437499999995 1.0 0.22081437499999995 1.0 0.0 1.0 0.0
0 0.7786375 0.688829375 0.8220984375 0.688829375 0.7786375 0.64326390625 0.8220984375 0.64326390625
0 0.0 0.62900296875 0.12630750000000007 0.62900296875 0.0 0.23005062499999998 0.12630750000000007 0.23005062499999998
0 1.0 0.66273625 1.0 0.66273625 1.0 0.4155603125 1.0 0.4155603125
0 0.0 1.0 0.0 1.0 0.0 0.98540690625 0.0 0.98540690625
0 0.9078765624999999 1.0 1.0 1.0 0.9078765624999999 1.0 1.0 1.0
0 0.26460671874999997 1.0 0.40315890625 1.0 0.26460671874999997 0.9051967187500001 0.40315890625 0.9051967187500001
0 0.0 1.0 0.0 1.0 0.0 0.97206734375 0.0 0.97206734375
0 0.0 0.50384921875 0.2766923437499999 0.50384921875 0.0 0.20205890624999992 0.2766923437499999 0.20205890624999992
0 0.8384140625000001 1.0 0.9981421874999998 1.0 0.8384140625000001 1.0 0.9981421874999998 1.0
0 0.5275639062499999 1.0 0.7377171874999998 1.0 0.5275639062499999 0.839048125 0.7377171874999998 0.839048125
0 0.574984375 1.0 1.0 1.0 0.574984375 1.0 1.0 1.0
0 0.0 0.8185785937500001 0.0 0.8185785937500001 0.0 0.6503260937500001 0.0 0.6503260937500001
0 0.45261734375000007 0.8841426562500001 0.6860937499999998 0.8841426562500001 0.45261734375000007 0.658166875 0.6860937499999998 0.658166875
0 0.048115937500000074 0.5825496875 0.258325625 0.5825496875 0.048115937500000074 0.40338421875 0.258325625 0.40338421875
0 1.0 0.006330468750000051 1.0 0.006330468750000051 1.0 0.0 1.0 0.0
0 1.0 0.08618500000000004 1.0 0.08618500000000004 1.0 0.0 1.0 0.0
0 0.7595421874999999 0.27237390625 0.9791250000000001 0.27237390625 0.7595421874999999 0.06155640625000007 0.9791250000000001 0.06155640625000007
0 0.0 0.9434559374999999 0.0 0.9434559374999999 0.0 0.8643046875 0.0 0.8643046875
0 0.0 0.7854684375 0.0 0.7854684375 0.0 0.36669015624999995 0.0 0.36669015624999995
0 1.0 0.2707212500000001 1.0 0.2707212500000001 1.0 0.21670984375 1.0 0.21670984375
0 0.508481875 0.11898937499999995 0.6913750000000001 0.11898937499999995 0.508481875 0.0 0.6913750000000001 0.0
0 1.0 0.00837328124999992 1.0 0.00837328124999992 1.0 0.0 1.0 0.0
0 0.528510625 1.0 0.7093578125000001 1.0 0.528510625 1.0 0.7093578125000001 1.0
0 0.8877953125000001 0.12883093750000008 1.0 0.12883093750000008 0.8877953125000001 0.0 1.0 0.0
0 0.6695218749999998 1.0 0.7440750000000002 1.0 0.6695218749999998 1.0 0.7440750000000002 1.0
0 0.11751343750000007 0.4672190625 0.28466390624999993 0.4672190625 0.11751343750000007 0.29522812500000006 0.28466390624999993 0.29522812500000006
0 0.0 0.33486984374999995 0.25910609375 0.33486984374999995 0.0 0.0 0.25910609375 0.0
