0 0.20427656250000012 0.0 0.3171875 0.0 0.20427656250000012 0.0 0.3171875 0.0
0 0.0 0.1359375 0.0 0.1359375 0.0 0.06689254687500004 0.0 0.06689254687500004
0 0.0 0.022138218749999973 0.0 0.022138218749999973 0.0 0.0 0.0 0.0
0 0.0 0.0 0.23851249999999985 0.0 0.0 0.0 0.23851249999999985 0.0
0 0.0 0.07579509375000004 0.0 0.07579509375000004 0.0 0.022665406249999975 0.0 0.022665406249999975
0 0.13945624999999992 0.0 0.19395312500000017 0.0 0.13945624999999992 0.0 0.19395312500000017 0.0
0 0.0 0.119505078125 0.0 0.119505078125 0.0 0.0 0.0 0.0
0 0.03716718750000005 0.09786046875000007 0.3171875 0.09786046875000007 0.03716718750000005 0.0 0.3171875 0.0
0 0.0 0.1359375 0.0 0.1359375 0.0 0.10772437499999991 0.0 0.10772437499999991
0 0.0 0.0 0.19342812500000015 0.0 0.0 0.0 0.19342812500000015 0.0
0 0.2747125 0.0 0.3171875 0.0 0.2747125 0.0 0.3171875 0.0
0 0.0 0.0 0.23150468750000003 0.0 0.0 0.0 0.23150468750000003 0.0
0 0.0 0.1359375 0.0 0.1359375 0.0 0.09392845312499994 0.0 0.09392845312499994
0 0.0 0.1359375 0.0 0.1359375 0.0 0.013718249999999977 0.0 0.013718249999999977
0 0.0 0.1359375 0.0 0.1359375 0.0 0.080588921875 0.0 0.080588921875
0 0.0 0.1359375 0.0 0.1359375 0.0 0.0 0.0 0.0
0 0.0 0.0 0.12521406249999992 0.0 0.0 0.0 0.12521406249999992 0.0
0 0.0 0.0 0.05764999999999994 0.0 0.0 0.0 0.05764999999999994 0.0
0 0.0 0.05197753125000002 0.0 0.05197753125000002 0.0 0.0 0.0 0.0
0 0.05810468749999984 0.0 0.11098906249999985 0.0 0.05810468749999984 0.0 0.11098906249999985 0.0
0 0.19274999999999984 0.0 0.2622343749999999 0.0 0.19274999999999984 0.0 0.2622343749999999 0.0
