0 0.0 0.5838859375000001 0.0 0.5838859375000001 0.0 0.43903921874999996 0.0 0.43903921874999996
0 0.0 1.0 0.0 1.0 0.0 0.733254375 0.0 0.733254375
0 0.0 1.0 0.0 1.0 0.0 0.8586246875000001 0.0 0.8586246875000001
0 0.0 0.87868921875 0.0 0.87868921875 0.0 0.65814578125 0.0 0.65814578125
0 0.0 0.94193640625 0.0 0.94193640625 0.0 0.88528078125 0.0 0.88528078125
0 0.0005437499999999318 0.70473671875 0.17228749999999984 0.70473671875 0.0005437499999999318 0.5315065625 0.17228749999999984 0.5315065625
0 0.0 1.0 0.2368234375 1.0 0.0 1.0 0.2368234375 1.0
0 0.0 0.88363390625 0.0 0.88363390625 0.0 0.70882703125 0.0 0.70882703125
0 0.20447500000000005 0.4523225 0.3171875 0.4523225 0.20447500000000005 0.1463825 0.3171875 0.1463825
0 0.0 0.9270321875 0.0 0.9270321875 0.0 0.75884953125 0.0 0.75884953125
0 0.23125624999999986 0.58369125 0.3171875 0.58369125 0.23125624999999986 0.31941468749999996 0.3171875 0.31941468749999996
0 0.0 0.8641528125000001 0.0 0.8641528125000001 0.0 0.60518234375 0.0 0.60518234375
0 0.0 0.20808203125000002 0.0 0.20808203125000002 0.0 0.0 0.0 0.0
0 0.0 1.0 0.0 1.0 0.0 0.8963332812499999 0.0 0.8963332812499999
0 0.0 0.59312171875 0.0 0.59312171875 0.0 0.45384624999999995 0.0 0.45384624999999995
0 0.0 0.6920726562499999 0.0 0.6920726562499999 0.0 0.4614509375 0.0 0.4614509375
0 0.0 1.0 0.0 1.0 0.0 0.8822703125 0.0 0.8822703125
0 0.0 0.49459328124999996 0.0 0.49459328124999996 0.0 0.19001312499999995 0.0 0.19001312499999995
0 0.0 0.9896172812499999 0.0 0.9896172812499999 0.0 0.7737660937499999 0.0 0.7737660937499999
0 0.0 0.9213276562499999 0.0 0.9213276562499999 0.0 0.51285765625 0.0 0.51285765625
0 0.0 0.693834375 0.0 0.693834375 0.0 0.43123734375 0.0 0.43123734375
0 0.0 0.81359171875 0.0 0.81359171875 0.0 0.5204796875000001 0.0 0.5204796875000001
0 0.0 0.56556765625 0.0 0.56556765625 0.0 0.4128715625 0.0 0.4128715625
0 0.0 0.97451390625 0.0 0.97451390625 0.0 0.81811265625 0.0 0.81811265625
0 0.0 0.7703440625 0.0 0.7703440625 0.0 0.39299625000000005 0.0 0.39299625000000005
0 0.0 0.4198515625 0.0 0.4198515625 0.0 0.36551687499999996 0.0 0.36551687499999996
0 0.0 0.8532103124999999 0.0 0.8532103124999999 0.0 0.68175828125 0.0 0.68175828125
0 0.2549703125000001 0.3758884375 0.3171875 0.3758884375 0.2549703125000001 0.15761734374999997 0.3171875 0.15761734374999997
