0 0.0 0.5838859375000001 0.005569999999999986 0.5838859375000001 0.0 0.43903921874999996 0.005569999999999986 0.43903921874999996
0 0.55360265625 1.0 0.848859375 1.0 0.55360265625 0.733254375 0.848859375 0.733254375
0 0.0 1.0 0.1650553125 1.0 0.0 0.8586246875000001 0.1650553125 0.8586246875000001
0 0.0 0.87868921875 0.0 0.87868921875 0.0 0.65814578125 0.0 0.65814578125
0 0.0 0.94193640625 0.0 0.94193640625 0.0 0.88528078125 0.0 0.88528078125
0 1.0 0.70473671875 1.0 0.70473671875 1.0 0.5315065625 1.0 0.5315065625
0 0.9577140624999998 1.0 1.0 1.0 0.9577140624999998 1.0 1.0 1.0
0 0.0 0.88363390625 0.0 0.88363390625 0.0 0.70882703125 0.0 0.70882703125
0 1.0 0.4523225 1.0 0.4523225 1.0 0.1463825 1.0 0.1463825
0 0.49505937499999997 0.9270321875 0.66863125 0.9270321875 0.49505937499999997 0.75884953125 0.66863125 0.75884953125
0 1.0 0.58369125 1.0 0.58369125 1.0 0.31941468749999996 1.0 0.31941468749999996
0 0.0 0.8641528125000001 0.0 0.8641528125000001 0.0 0.60518234375 0.0 0.60518234375
0 0.6433796874999999 0.20808203125000002 0.8874859374999999 0.20808203125000002 0.6433796874999999 0.0 0.8874859374999999 0.0
0 0.0 1.0 0.0 1.0 0.0 0.8963332812499999 0.0 0.8963332812499999
0 0.0 0.59312171875 0.0 0.59312171875 0.0 0.45384624999999995 0.0 0.45384624999999995
0 0.27372796874999994 0.6920726562499999 0.504440625 0.6920726562499999 0.27372796874999994 0.4614509375 0.504440625 0.4614509375
0 0.16098874999999993 1.0 0.2975532812499999 1.0 0.16098874999999993 0.8822703125 0.2975532812499999 0.8822703125
0 0.0 0.49459328124999996 0.0 0.49459328124999996 0.0 0.19001312499999995 0.0 0.19001312499999995
0 0.0 0.9896172812499999 0.0 0.9896172812499999 0.0 0.7737660937499999 0.0 0.7737660937499999
0 0.54907359375 0.9213276562499999 0.9479328124999998 0.9213276562499999 0.54907359375 0.51285765625 0.9479328124999998 0.51285765625
0 0.0 0.693834375 0.0 0.693834375 0.0 0.43123734375 0.0 0.43123734375
0 0.0 0.81359171875 0.0 0.81359171875 0.0 0.5204796875000001 0.0 0.5204796875000001
0 0.7280890625000002 0.56556765625 0.888746875 0.56556765625 0.7280890625000002 0.4128715625 0.888746875 0.4128715625
0 0.7143390624999999 0.97451390625 0.8832890625 0.97451390625 0.7143390624999999 0.81811265625 0.8832890625 0.81811265625
0 0.35196703125000006 0.7703440625 0.7410531249999999 0.7703440625 0.35196703125000006 0.39299625000000005 0.7410531249999999 0.39299625000000005
0 0.0 0.4198515625 0.0 0.4198515625 0.0 0.36551687499999996 0.0 0.36551687499999996
0 0.0 0.8532103124999999 0.09494921875000006 0.8532103124999999 0.0 0.68175828125 0.09494921875000006 0.68175828125
0 1.0 0.3758884375 1.0 0.3758884375 1.0 0.15761734374999997 1.0 0.15761734374999997
