0 1.0 0.40011437499999997 1.0 0.40011437499999997 1.0 0.0 1.0 0.0
0 1.0 0.653529375 1.0 0.653529375 1.0 0.40616250000000004 1.0 0.40616250000000004
0 1.0 0.11607984375000005 1.0 0.11607984375000005 1.0 0.0 1.0 0.0
0 0.15333725 0.23889250000000004 0.40548593750000006 0.23889250000000004 0.15333725 0.006448125000000004 0.40548593750000006 0.006448125000000004
0 0.6401393750000001 0.9625921875 0.9070473437500001 0.9625921875 0.6401393750000001 0.6922690625000001 0.9070473437500001 0.6922690625000001
0 1.0 0.94774734375 1.0 0.94774734375 1.0 0.7351996875 1.0 0.7351996875
0 0.0 0.13823296875000005 0.16072875 0.13823296875000005 0.0 0.0 0.16072875 0.0
0 0.0 1.0 0.30568765625 1.0 0.0 0.8306365625 0.30568765625 0.8306365625
0 0.9994678125 1.0 1.0 1.0 0.9994678125 1.0 1.0 1.0
0 1.0 0.32386765625 1.0 0.32386765625 1.0 0.059193281249999966 1.0 0.059193281249999966
0 1.0 0.20237250000000007 1.0 0.20237250000000007 1.0 0.0 1.0 0.0
0 1.0 0.4111271875 1.0 0.4111271875 1.0 0.35437828125 1.0 0.35437828125
0 1.0 0.18393046875000002 1.0 0.18393046875000002 1.0 0.0 1.0 0.0
0 0.23081984375000003 0.67170453125 0.29945078125 0.67170453125 0.23081984375000003 0.6020749999999999 0.29945078125 0.6020749999999999
0 1.0 0.6022932812499999 1.0 0.6022932812499999 1.0 0.43324296875 1.0 0.43324296875
0 1.0 1.0 1.0 1.0 1.0 0.8645010937500001 1.0 0.8645010937500001
0 0.7971250000000001 0.405396875 0.97382890625 0.405396875 0.7971250000000001 0.22794328124999996 0.97382890625 0.22794328124999996
0 1.0 0.6050009375000001 1.0 0.6050009375000001 1.0 0.37009171875 1.0 0.37009171875
0 0.19216296875 0.638409375 0.4848759375 0.638409375 0.19216296875 0.34139953125 0.4848759375 0.34139953125
0 1.0 1.0 1.0 1.0 1.0 0.9660414062499999 1.0 0.9660414062499999
0 1.0 1.0 1.0 1.0 1.0 0.8968564062500001 1.0 0.8968564062500001
0 1.0 0.35565453125 1.0 0.35565453125 1.0 0.0 1.0 0.0
0 1.0 0.9361712499999999 1.0 0.9361712499999999 1.0 0.7254403125 1.0 0.7254403125
0 0.39050203125 0.7193225 0.8053354687500001 0.7193225 0.39050203125 0.29650265625000005 0.8053354687500001 0.29650265625000005
0 0.8535284375 0.277065 0.9782089062500001 0.277065 0.8535284375 0.12953609375 0.9782089062500001 0.12953609375
0 0.34568203125 1.0 0.40643062499999993 1.0 0.34568203125 1.0 0.40643062499999993 1.0
0 0.6137374999999999 0.2341156249999999 0.7843621875 0.2341156249999999 0.6137374999999999 0.060578281249999935 0.7843621875 0.060578281249999935
0 1.0 0.9934143125 1.0 0.9934143125 1.0 0.6470871875 1.0 0.6470871875
0 0.627005625 0.138709375 0.8820659375 0.138709375 0.627005625 0.0 0.8820659375 0.0
0 0.25918453124999996 0.45918328124999996 0.48883671875 0.45918328124999996 0.25918453124999996 0.2296206249999999 0.48883671875 0.2296206249999999
