0 0.8844053125 0.0 1.0 0.0 0.8844053125 0.0 1.0 0.0
0 1.0 0.037572250000000015 1.0 0.037572250000000015 1.0 0.0 1.0 0.0
0 0.8580175000000001 0.1359375 1.0 0.1359375 0.8580175000000001 0.0 1.0 0.0
0 0.3024415625 0.0 0.5310290625 0.0 0.3024415625 0.0 0.5310290625 0.0
0 0.395775 0.0 0.45213625 0.0 0.395775 0.0 0.45213625 0.0
0 1.0 0.1359375 1.0 0.1359375 1.0 0.13469269281250007 1.0 0.13469269281250007
0 0.7465578125000001 0.0 0.9177618750000001 0.0 0.7465578125000001 0.0 0.9177618750000001 0.0
0 0.0 0.0 0.097462015625 0.0 0.0 0.0 0.097462015625 0.0
0 0.0 0.10050909375000003 0.121162921875 0.10050909375000003 0.0 0.0 0.121162921875 0.0
0 0.7276332812499999 0.0 0.8858796874999999 0.0 0.7276332812499999 0.0 0.8858796874999999 0.0
0 1.0 0.028908750000000084 1.0 0.028908750000000084 1.0 0.0 1.0 0.0
0 0.5512425000000001 0.0 0.8586815624999999 0.0 0.5512425000000001 0.0 0.8586815624999999 0.0
0 0.0 0.0 0.1326393125 0.0 0.0 0.0 0.1326393125 0.0
0 0.0 0.0 0.16590765624999998 0.0 0.0 0.0 0.16590765624999998 0.0
0 0.5870075 0.0 0.88345828125 0.0 0.5870075 0.0 0.88345828125 0.0
0 0.11095703125 0.0 0.1642265625 0.0 0.11095703125 0.0 0.1642265625 0.0
0 0.9215532812499999 0.0 1.0 0.0 0.9215532812499999 0.0 1.0 0.0
0 0.27064109375 0.1359375 0.52570140625 0.1359375 0.27064109375 0.11916910937500003 0.52570140625 0.11916910937500003
