0 0.7231249999999999 0.0 0.9855218749999999 0.0 0.7231249999999999 0.0 0.9855218749999999 0.0
0 0.44795656249999993 0.1359375 0.795734375 0.1359375 0.44795656249999993 0.05020087499999999 0.795734375 0.05020087499999999
0 0.6942984375000002 0.0 0.93024375 0.0 0.6942984375000002 0.0 0.93024375 0.0
0 0.53560984375 0.0 0.6845203125000001 0.0 0.53560984375 0.0 0.6845203125000001 0.0
0 0.13446687500000004 0.0 0.36393640625 0.0 0.13446687500000004 0.0 0.36393640625 0.0
0 0.9571609375000001 0.0 1.0 0.0 0.9571609375000001 0.0 1.0 0.0
0 0.0 0.0 0.1479159375 0.0 0.0 0.0 0.1479159375 0.0
0 0.0 0.1359375 0.0 0.1359375 0.0 0.0 0.0 0.0
0 0.9878609375 0.0 1.0 0.0 0.9878609375 0.0 1.0 0.0
0 0.772596875 0.045999390625000025 0.9265734375000001 0.045999390625000025 0.772596875 0.0 0.9265734375000001 0.0
0 0.02941874999999996 0.0 0.10787125 0.0 0.02941874999999996 0.0 0.10787125 0.0
0 0.0 0.010074437499999967 0.0 0.010074437499999967 0.0 0.0 0.0 0.0
0 0.6040062500000001 0.02894992187500005 0.7867562499999998 0.02894992187500005 0.6040062500000001 0.0 0.7867562499999998 0.0
0 0.34351921875 0.0 0.710365625 0.0 0.34351921875 0.0 0.710365625 0.0
0 0.33101390624999993 0.0 0.37521359375 0.0 0.33101390624999993 0.0 0.37521359375 0.0
0 0.0 0.06449917187499991 0.0 0.06449917187499991 0.0 0.0 0.0 0.0
0 0.7020109375000001 0.1359375 0.9990109374999999 0.1359375 0.7020109375000001 0.10275495312499991 0.9990109374999999 0.10275495312499991
0 0.9565421874999999 0.0 1.0 0.0 0.9565421874999999 0.0 1.0 0.0
0 0.5786109375 0.0 0.8118281249999999 0.0 0.5786109375 0.0 0.8118281249999999 0.0
0 0.8513921875000001 0.0 1.0 0.0 0.8513921875000001 0.0 1.0 0.0
0 0.18533828124999996 0.0 0.40146718749999993 0.0 0.18533828124999996 0.0 0.40146718749999993 0.0
0 0.0 0.10607564062500004 0.0 0.10607564062500004 0.0 0.0 0.0 0.0
0 0.7134859375000001 0.0 0.9206406250000001 0.0 0.7134859375000001 0.0 0.9206406250000001 0.0
0 0.0 0.0 0.1599559375 0.0 0.0 0.0 0.1599559375 0.0
0 0.0 0.0 0.07858406250000005 0.0 0.0 0.0 0.07858406250000005 0.0
0 0.8810906249999999 0.1359375 1.0 0.1359375 0.8810906249999999 0.0 1.0 0.0
0 0.39744203124999994 0.0 0.5581099999999999 0.0 0.39744203124999994 0.0 0.5581099999999999 0.0
