0 0.0 0.758184375 0.08006671875000002 0.758184375 0.0 0.5186915625 0.08006671875000002 0.5186915625
0 1.0 0.66116015625 1.0 0.66116015625 1.0 0.3840696875 1.0 0.3840696875
0 0.5096240625 0.45546375 0.6855171875 0.45546375 0.5096240625 0.27816062499999994 0.6855171875 0.27816062499999994
0 0.0 1.0 0.0 1.0 0.0 0.6581978125 0.0 0.6581978125
0 0.9300921875 0.19199984375000004 1.0 0.19199984375000004 0.9300921875 0.0 1.0 0.0
0 0.0 0.11654421875000001 0.0 0.11654421875000001 0.0 0.0 0.0 0.0
0 1.0 0.49508562500000003 1.0 0.49508562500000003 1.0 0.43975046874999996 1.0 0.43975046874999996
0 0.0 1.0 0.0 1.0 0.0 0.85043734375 0.0 0.85043734375
0 1.0 1.0 1.0 1.0 1.0 0.82119171875 1.0 0.82119171875
0 0.38870015625 0.08840296875 0.8312437500000002 0.08840296875 0.38870015625 0.0 0.8312437500000002 0.0
0 0.9705312500000002 0.32933593749999995 1.0 0.32933593749999995 0.9705312500000002 0.09886218749999998 1.0 0.09886218749999998
0 1.0 0.9305392187500001 1.0 0.9305392187500001 1.0 0.8823132812499999 1.0 0.8823132812499999
0 0.5266521875000001 0.7973509375 0.5701140625000001 0.7973509375 0.5266521875000001 0.75178546875 0.5701140625000001 0.75178546875
0 0.0 0.7375245312500001 0.0 0.7375245312500001 0.0 0.33857218749999995 0.0 0.33857218749999995
0 0.9695328125 0.77125765625 1.0 0.77125765625 0.9695328125 0.524081875 1.0 0.524081875
0 0.01262203124999992 1.0 0.15117437500000008 1.0 0.01262203124999992 1.0 0.15117437500000008 1.0
0 0.0 0.61237078125 0.02470781249999998 0.61237078125 0.0 0.31058062500000005 0.02470781249999998 0.31058062500000005
0 0.27557937500000007 1.0 0.4857320312500001 1.0 0.27557937500000007 0.9475696875 0.4857320312500001 0.9475696875
0 0.0 0.9271001562500001 0.0 0.9271001562500001 0.0 0.7588476562500001 0.0 0.7588476562500001
0 0.20063296874999992 0.9926641875 0.4341085937500001 0.9926641875 0.20063296874999992 0.7666884375 0.4341085937500001 0.7666884375
0 0.0 0.69107125 0.006341093750000049 0.69107125 0.0 0.5119057812500001 0.006341093750000049 0.5119057812500001
0 0.9506734375000001 0.11485187499999991 1.0 0.11485187499999991 0.9506734375000001 0.0 1.0 0.0
0 0.8682625000000002 0.19470656250000004 1.0 0.19470656250000004 0.8682625000000002 0.005360156250000081 1.0 0.005360156250000081
0 0.50755828125 0.38089546875 0.7271406249999999 0.38089546875 0.50755828125 0.17007796875000009 0.7271406249999999 0.17007796875000009
0 0.0 1.0 0.0 1.0 0.0 0.97282625 0.0 0.97282625
0 0.0 0.89398984375 0.0 0.89398984375 0.0 0.47521171874999996 0.0 0.47521171874999996
0 1.0 0.37924281249999997 1.0 0.37924281249999997 1.0 0.32523156249999996 1.0 0.32523156249999996
0 0.2564973437500001 0.22751109374999992 0.43939062500000003 0.22751109374999992 0.2564973437500001 0.04465343750000006 0.43939062500000003 0.04465343750000006
0 0.8060875 0.11689484374999992 0.9745140625000002 0.11689484374999992 0.8060875 0.0 0.9745140625000002 0.0
0 0.0 0.06164640625000004 0.04601578125000003 0.06164640625000004 0.0 0.0 0.04601578125000003 0.0
0 0.6358109375000002 0.23735250000000008 0.8495718750000002 0.23735250000000008 0.6358109375000002 0.02365796875000008 0.8495718750000002 0.02365796875000008
0 0.0 0.575740625 0.032679375000000024 0.575740625 0.0 0.40374968750000007 0.032679375000000024 0.40374968750000007
0 0.0 0.44339140625000006 0.007121718750000028 0.44339140625000006 0.0 0.052076406249999964 0.007121718750000028 0.052076406249999964
0 1.0 0.28133234374999994 1.0 0.28133234374999994 1.0 0.21088921875000005 1.0 0.21088921875000005
