0 0.6006554687500001 0.0 0.8168460937500001 0.0 0.6006554687500001 0.0 0.8168460937500001 0.0
0 1.0 0.1359375 1.0 0.1359375 1.0 0.05020087499999999 1.0 0.05020087499999999
0 0.71058734375 0.0 0.8634603125 0.0 0.71058734375 0.0 0.8634603125 0.0
0 0.0376708125 0.0 0.25366515624999997 0.0 0.0376708125 0.0 0.25366515624999997 0.0
0 0.9316700000000001 0.0 1.0 0.0 0.9316700000000001 0.0 1.0 0.0
0 0.49158999999999997 0.0 0.6571981250000001 0.0 0.49158999999999997 0.0 0.6571981250000001 0.0
0 0.33892390625 0.0 0.6117940625 0.0 0.33892390625 0.0 0.6117940625 0.0
0 0.09535060937499999 0.1359375 0.30327875 0.1359375 0.09535060937499999 0.0 0.30327875 0.0
0 1.0 0.045999390625000025 1.0 0.045999390625000025 1.0 0.0 1.0 0.0
0 0.0 0.0 0.13546003125 0.0 0.0 0.0 0.13546003125 0.0
0 0.2506640625 0.010074437499999967 0.30746125 0.010074437499999967 0.2506640625 0.0 0.30746125 0.0
0 1.0 0.02894992187500005 1.0 0.02894992187500005 1.0 0.0 1.0 0.0
0 0.18802671875000002 0.0 0.49557359375 0.0 0.18802671875000002 0.0 0.49557359375 0.0
0 0.0 0.06449917187499991 0.04949765625 0.06449917187499991 0.0 0.0 0.04949765625 0.0
0 1.0 0.1359375 1.0 0.1359375 1.0 0.10275495312499991 1.0 0.10275495312499991
0 0.66946296875 0.0 0.93554765625 0.0 0.66946296875 0.0 0.93554765625 0.0
0 0.12679415624999998 0.0 0.18358671875000002 0.0 0.12679415624999998 0.0 0.18358671875000002 0.0
0 0.5697471875 0.0 0.64006734375 0.0 0.5697471875 0.0 0.64006734375 0.0
0 0.75040140625 0.10607564062500004 0.95556875 0.10607564062500004 0.75040140625 0.0 0.95556875 0.0
0 0.0 0.0 0.021662734375 0.0 0.0 0.0 0.021662734375 0.0
0 0.8576523437500001 0.0 1.0 0.0 0.8576523437500001 0.0 1.0 0.0
0 0.8541187499999999 0.0 1.0 0.0 0.8541187499999999 0.0 1.0 0.0
0 0.060360125 0.0 0.28978046874999996 0.0 0.060360125 0.0 0.28978046874999996 0.0
0 0.5943254687499999 0.0 0.8754710937500001 0.0 0.5943254687499999 0.0 0.8754710937500001 0.0
0 1.0 0.1359375 1.0 0.1359375 1.0 0.0 1.0 0.0
