0 0.0 0.0 0.005569999999999986 0.0 0.0 0.0 0.005569999999999986 0.0
0 0.55360265625 0.037572250000000015 0.848859375 0.037572250000000015 0.55360265625 0.0 0.848859375 0.0
0 0.0 0.1359375 0.1650553125 0.1359375 0.0 0.0 0.1650553125 0.0
0 0.9577140624999998 0.1359375 1.0 0.1359375 0.9577140624999998 0.13469269281250007 1.0 0.13469269281250007
0 0.49505937499999997 0.0 0.66863125 0.0 0.49505937499999997 0.0 0.66863125 0.0
0 0.6433796874999999 0.0 0.8874859374999999 0.0 0.6433796874999999 0.0 0.8874859374999999 0.0
0 0.0 0.10050909375000003 0.0 0.10050909375000003 0.0 0.0 0.0 0.0
0 0.27372796874999994 0.0 0.504440625 0.0 0.27372796874999994 0.0 0.504440625 0.0
0 0.16098874999999993 0.028908750000000084 0.2975532812499999 0.028908750000000084 0.16098874999999993 0.0 0.2975532812499999 0.0
0 0.54907359375 0.0 0.9479328124999998 0.0 0.54907359375 0.0 0.9479328124999998 0.0
0 0.7280890625000002 0.0 0.888746875 0.0 0.7280890625000002 0.0 0.888746875 0.0
0 0.7143390624999999 0.0 0.8832890625 0.0 0.7143390624999999 0.0 0.8832890625 0.0
0 0.35196703125000006 0.0 0.7410531249999999 0.0 0.35196703125000006 0.0 0.7410531249999999 0.0
0 0.0 0.0 0.09494921875000006 0.0 0.0 0.0 0.09494921875000006 0.0
0 0.0 0.1359375 0.0 0.1359375 0.0 0.11916910937500003 0.0 0.11916910937500003
