0 0.0 0.1359375 0.0 0.1359375 0.0 0.05020087499999999 0.0 0.05020087499999999
0 0.0 0.0 0.17923593750000003 0.0 0.0 0.0 0.17923593750000003 0.0
0 0.24879531250000006 0.0 0.3171875 0.0 0.24879531250000006 0.0 0.3171875 0.0
0 0.0 0.1359375 0.0 0.1359375 0.0 0.0 0.0 0.0
0 0.0 0.0 0.06072812499999998 0.0 0.0 0.0 0.06072812499999998 0.0
0 0.0 0.045999390625000025 0.0 0.045999390625000025 0.0 0.0 0.0 0.0
0 0.0 0.010074437499999967 0.0 0.010074437499999967 0.0 0.0 0.0 0.0
0 0.0 0.02894992187500005 0.0 0.02894992187500005 0.0 0.0 0.0 0.0
0 0.0 0.06449917187499991 0.0 0.06449917187499991 0.0 0.0 0.0 0.0
0 0.0 0.1359375 0.0 0.1359375 0.0 0.10275495312499991 0.0 0.10275495312499991
0 0.0 0.0 0.17179062499999986 0.0 0.0 0.0 0.17179062499999986 0.0
0 0.16169531249999985 0.0 0.3171875 0.0 0.16169531249999985 0.0 0.3171875 0.0
0 0.0 0.0 0.009003124999999912 0.0 0.0 0.0 0.009003124999999912 0.0
0 0.19911874999999987 0.0 0.26728906250000006 0.0 0.19911874999999987 0.0 0.26728906250000006 0.0
0 0.0 0.10607564062500004 0.0 0.10607564062500004 0.0 0.0 0.0 0.0
0 0.0 0.1359375 0.19221093750000015 0.1359375 0.0 0.0 0.19221093750000015 0.0
