0 0.5799881250000001 0.23998578125000006 0.6594196875 0.23998578125000006 0.5799881250000001 0.16068234374999993 0.6594196875 0.16068234374999993
0 1.0 1.0 1.0 1.0 1.0 0.71349203125 1.0 0.71349203125
0 1.0 0.13662765624999995 1.0 0.13662765624999995 1.0 0.0 1.0 0.0
0 1.0 0.6704290625 1.0 0.6704290625 1.0 0.387314375 1.0 0.387314375
0 1.0 0.4070128125 1.0 0.4070128125 1.0 0.18436015625 1.0 0.18436015625
0 0.39935296875000004 0.7379962499999999 0.55058671875 0.7379962499999999 0.39935296875000004 0.5787 0.55058671875 0.5787
0 0.0 1.0 0.015852546875 1.0 0.0 0.8281449999999999 0.015852546875 0.8281449999999999
0 0.5028328125 0.04914687499999992 0.6385492187499999 0.04914687499999992 0.5028328125 0.0 0.6385492187499999 0.0
0 1.0 1.0 1.0 1.0 1.0 0.79612125 1.0 0.79612125
0 1.0 0.36557109375 1.0 0.36557109375 1.0 0.11745781250000001 1.0 0.11745781250000001
0 1.0 0.864260625 1.0 0.864260625 1.0 0.663631875 1.0 0.663631875
0 0.85823484375 0.55681078125 1.0 0.55681078125 0.85823484375 0.3157895312500001 1.0 0.3157895312500001
0 0.6557190625 0.41728624999999997 1.0 0.41728624999999997 0.6557190625 0.0 1.0 0.0
0 1.0 0.702734375 1.0 0.702734375 1.0 0.56118328125 1.0 0.56118328125
0 1.0 0.23479124999999995 1.0 0.23479124999999995 1.0 0.0 1.0 0.0
0 1.0 0.8374415625000001 1.0 0.8374415625000001 1.0 0.5931348437499999 1.0 0.5931348437499999
0 0.8938664062499999 1.0 1.0 1.0 0.8938664062499999 1.0 1.0 1.0
0 1.0 0.2713956250000001 1.0 0.2713956250000001 1.0 0.21581703124999993 1.0 0.21581703124999993
0 0.45091078125 0.8732242187499999 0.70936671875 0.8732242187499999 0.45091078125 0.622659375 0.70936671875 0.622659375
0 0.082650796875 0.14785625000000008 0.3032590625 0.14785625000000008 0.082650796875 0.0 0.3032590625 0.0
0 0.498136875 1.0 0.72647296875 1.0 0.498136875 0.88376125 0.72647296875 0.88376125
0 0.0 1.0 0.02284884375 1.0 0.0 0.98836228125 0.02284884375 0.98836228125
0 0.75440453125 0.08331515624999994 0.9271104687499999 0.08331515624999994 0.75440453125 0.0 0.9271104687499999 0.0
0 1.0 0.6870695312499999 1.0 0.6870695312499999 1.0 0.38555453125000005 1.0 0.38555453125000005
0 0.0 1.0 0.3367675 1.0 0.0 0.73596328125 0.3367675 0.73596328125
0 0.8768746875 0.46063359375 1.0 0.46063359375 0.8768746875 0.2411096875 1.0 0.2411096875
0 0.37119984375000004 1.0 0.42210765625 1.0 0.37119984375000004 1.0 0.42210765625 1.0
0 0.4441646875 0.6804509375000001 0.756538125 0.6804509375000001 0.4441646875 0.36906796875000003 0.756538125 0.36906796875000003
0 1.0 0.87249890625 1.0 0.87249890625 1.0 0.8260287500000001 1.0 0.8260287500000001
0 0.0 0.205099375 0.33857375 0.205099375 0.0 0.0 0.33857375 0.0
0 1.0 0.38301234375000004 1.0 0.38301234375000004 1.0 0.15776515624999998 1.0 0.15776515624999998
0 0.444643125 0.54407140625 0.64062640625 0.54407140625 0.444643125 0.34813609375 0.64062640625 0.34813609375
0 1.0 0.09174359375000005 1.0 0.09174359375000005 1.0 0.0 1.0 0.0
0 1.0 0.5006762499999999 1.0 0.5006762499999999 1.0 0.260786875 1.0 0.260786875
0 0.8241959375000001 1.0 0.88371890625 1.0 0.8241959375000001 0.9840647499999999 0.88371890625 0.9840647499999999
0 0.67060671875 0.6460903124999999 0.91758796875 0.6460903124999999 0.67060671875 0.39247062499999996 0.91758796875 0.39247062499999996
0 1.0 1.0 1.0 1.0 1.0 0.89546375 1.0 0.89546375
