0 0.0 1.0 0.0 1.0 0.0 0.80786625 0.0 0.80786625
0 0.0 0.39431640625000003 0.0 0.39431640625000003 0.0 0.265459375 0.0 0.265459375
0 0.22233124999999987 0.5455345312500001 0.3171875 0.5455345312500001 0.22233124999999987 0.3052524999999999 0.3171875 0.3052524999999999
0 0.0 0.18264671875000005 0.0 0.18264671875000005 0.0 0.0 0.0 0.0
0 0.0 0.4074675 0.0 0.4074675 0.0 0.3354367187499999 0.0 0.3354367187499999
0 0.21001406250000015 0.026424062499999935 0.3171875 0.026424062499999935 0.21001406250000015 0.0 0.3171875 0.0
0 0.0 0.9804772968750001 0.15876875000000013 0.9804772968750001 0.0 0.66990234375 0.15876875000000013 0.66990234375
0 0.0 1.0 0.0 1.0 0.0 0.81083015625 0.0 0.81083015625
0 0.0 0.27423625000000007 0.0 0.27423625000000007 0.0 0.0 0.0 0.0
0 0.0 0.23430265625000005 0.0 0.23430265625000005 0.0 0.0 0.0 0.0
0 0.0 0.9023618750000001 0.23474843750000005 0.9023618750000001 0.0 0.6647406250000001 0.23474843750000005 0.6647406250000001
0 0.0 0.305441875 0.0 0.305441875 0.0 0.2628934375 0.0 0.2628934375
0 0.0 1.0 0.0 1.0 0.0 0.8438670312500001 0.0 0.8438670312500001
0 0.0 0.37590859375 0.0 0.37590859375 0.0 0.12142859374999997 0.0 0.12142859374999997
0 0.0 0.8630228125 0.0 0.8630228125 0.0 0.63110671875 0.0 0.63110671875
0 0.0 1.0 0.07072968750000008 1.0 0.0 0.99733521875 0.07072968750000008 0.99733521875
0 0.18249999999999994 0.03790453125000006 0.2334171874999999 0.03790453125000006 0.18249999999999994 0.0 0.2334171874999999 0.0
0 0.0 1.0 0.07950156250000014 1.0 0.0 0.9414512500000001 0.07950156250000014 0.9414512500000001
0 0.0 0.29375937499999993 0.0 0.29375937499999993 0.0 0.043143906250000086 0.0 0.043143906250000086
0 0.0 0.4142103125 0.0 0.4142103125 0.0 0.27328265625 0.0 0.27328265625
0 0.0 0.61680015625 0.0 0.61680015625 0.0 0.44602031249999996 0.0 0.44602031249999996
0 0.0 0.566348125 0.0 0.566348125 0.0 0.5268884375 0.0 0.5268884375
0 0.0 0.6520346875 0.02282499999999992 0.6520346875 0.0 0.5260303125 0.02282499999999992 0.5260303125
0 0.0 0.6321665624999999 0.0 0.6321665624999999 0.0 0.5799531250000001 0.0 0.5799531250000001
