0 0.0 0.22720906250000006 0.0 0.22720906250000006 0.0 0.0 0.0 0.0
0 0.0 0.8793382812499999 0.0 0.8793382812499999 0.0 0.54055 0.0 0.54055
0 0.0 0.9275224999999999 0.1594390624999999 0.9275224999999999 0.0 0.48260718750000003 0.1594390624999999 0.48260718750000003
0 0.0 0.03370968750000003 0.0 0.03370968750000003 0.0 0.0 0.0 0.0
0 0.0 0.75176734375 0.0 0.75176734375 0.0 0.5026923437499999 0.0 0.5026923437499999
0 0.0 0.93943390625 0.0 0.93943390625 0.0 0.8630959375 0.0 0.8630959375
0 0.0 0.6264353125000001 0.0 0.6264353125000001 0.0 0.42746015625 0.0 0.42746015625
0 0.0 1.0 0.0 1.0 0.0 0.805078125 0.0 0.805078125
0 0.0 0.3219292187500001 0.07083437500000009 0.3219292187500001 0.0 0.04095718749999992 0.07083437500000009 0.04095718749999992
0 0.0 0.013607656249999956 0.28160937500000005 0.013607656249999956 0.0 0.0 0.28160937500000005 0.0
0 0.0 0.7650465625 0.0 0.7650465625 0.0 0.71363296875 0.0 0.71363296875
0 0.0 1.0 0.0 1.0 0.0 0.91090828125 0.0 0.91090828125
0 0.07041406250000008 0.3956384375 0.3171875 0.3956384375 0.07041406250000008 0.0 0.3171875 0.0
0 0.312575 0.8320314062499999 0.3171875 0.8320314062499999 0.312575 0.670545 0.3171875 0.670545
0 0.0 1.0 0.0 1.0 0.0 0.9117246874999999 0.0 0.9117246874999999
0 0.0 0.412069375 0.0 0.412069375 0.0 0.1514096875 0.0 0.1514096875
0 0.08806093749999988 0.9123657812499999 0.27430937499999997 0.9123657812499999 0.08806093749999988 0.7130449999999999 0.27430937499999997 0.7130449999999999
0 0.13152656249999986 0.940588125 0.3171875 0.940588125 0.13152656249999986 0.6718175 0.3171875 0.6718175
0 0.0 0.37245640625 0.0 0.37245640625 0.0 0.10881062499999991 0.0 0.10881062499999991
0 0.0 1.0 0.15584531249999997 1.0 0.0 0.83053546875 0.15584531249999997 0.83053546875
0 0.0 0.8631831249999999 0.0 0.8631831249999999 0.0 0.5980896875 0.0 0.5980896875
0 0.19649375000000013 0.61282015625 0.3171875 0.61282015625 0.19649375000000013 0.38404359374999997 0.3171875 0.38404359374999997
0 0.23217812500000007 0.2683576562500001 0.3171875 0.2683576562500001 0.23217812500000007 0.0 0.3171875 0.0
0 0.0 0.06118218750000004 0.0 0.06118218750000004 0.0 0.0 0.0 0.0
0 0.0 0.76518421875 0.0 0.76518421875 0.0 0.5837054687500001 0.0 0.5837054687500001
0 0.0 0.7015425 0.0 0.7015425 0.0 0.454025625 0.0 0.454025625
0 0.0 0.70404203125 0.0 0.70404203125 0.0 0.46899218749999994 0.0 0.46899218749999994
0 0.025101562500000084 0.9052534375000001 0.3171875 0.9052534375000001 0.025101562500000084 0.56066921875 0.3171875 0.56066921875
0 0.0 0.12000453125000003 0.0 0.12000453125000003 0.0 0.047544062499999915 0.0 0.047544062499999915
0 0.0 1.0 0.0 1.0 0.0 0.9004757812499999 0.0 0.9004757812499999
0 0.0 0.83445421875 0.0 0.83445421875 0.0 0.57128875 0.0 0.57128875
0 0.0 0.6006484375000001 0.0 0.6006484375000001 0.0 0.30631578125000003 0.0 0.30631578125000003
0 0.0 0.905579375 0.0 0.905579375 0.0 0.6581382812500001 0.0 0.6581382812500001
0 0.0 1.0 0.0 1.0 0.0 0.9454525 0.0 0.9454525
