0 0.4616071875 0.0 0.7023490625 0.0 0.4616071875 0.0 0.7023490625 0.0
0 0.071097875 0.0 0.29151109375 0.0 0.071097875 0.0 0.29151109375 0.0
0 0.0 0.0 0.082082578125 0.0 0.0 0.0 0.082082578125 0.0
0 0.9025759375 0.0 1.0 0.0 0.9025759375 0.0 1.0 0.0
0 0.3452078125 0.0 0.411825 0.0 0.3452078125 0.0 0.411825 0.0
0 0.7504484375 0.0 0.967690625 0.0 0.7504484375 0.0 0.967690625 0.0
0 1.0 0.03177435937500004 1.0 0.03177435937500004 1.0 0.0 1.0 0.0
0 0.11694534375000001 0.0 0.1954609375 0.0 0.11694534375000001 0.0 0.1954609375 0.0
0 0.0 0.0 0.15296985937500002 0.0 0.0 0.0 0.15296985937500002 0.0
0 0.70225265625 0.1359375 1.0 0.1359375 0.70225265625 0.037378578124999964 1.0 0.037378578124999964
0 0.102995125 0.0 0.41283906249999996 0.0 0.102995125 0.0 0.41283906249999996 0.0
0 0.60950578125 0.0 0.6666859374999999 0.0 0.60950578125 0.0 0.6666859374999999 0.0
0 0.716715 0.1359375 0.9833131249999999 0.1359375 0.716715 0.0 0.9833131249999999 0.0
0 0.11518123437500001 0.0 0.49212359375 0.0 0.11518123437500001 0.0 0.49212359375 0.0
0 0.44897375000000006 0.0 0.7435007812500001 0.0 0.44897375000000006 0.0 0.7435007812500001 0.0
0 0.0 0.0 0.2908046875 0.0 0.0 0.0 0.2908046875 0.0
0 0.35421609374999996 0.0 0.415328125 0.0 0.35421609374999996 0.0 0.415328125 0.0
0 0.116455859375 0.0 0.17276875 0.0 0.116455859375 0.0 0.17276875 0.0
