0 0.08648484374999992 0.0 0.3320514062499999 0.0 0.08648484374999992 0.0 0.3320514062499999 0.0
0 0.7616078125000001 0.0 0.9375015624999999 0.0 0.7616078125000001 0.0 0.9375015624999999 0.0
0 0.0 0.1359375 0.021609062499999963 0.1359375 0.0 0.0 0.021609062499999963 0.0
0 0.0 0.1359375 0.15456281250000004 0.1359375 0.0 0.049427671874999926 0.15456281250000004 0.049427671874999926
0 0.0 0.010983515624999995 0.004874374999999986 0.010983515624999995 0.0 0.0 0.004874374999999986 0.0
0 0.0 0.1359375 0.0 0.1359375 0.0 0.11931068749999998 0.0 0.11931068749999998
0 0.0 0.1359375 0.0 0.1359375 0.0 0.0 0.0 0.0
0 0.7786375 0.0 0.8220984375 0.0 0.7786375 0.0 0.8220984375 0.0
0 0.0 0.0 0.12630750000000007 0.0 0.0 0.0 0.12630750000000007 0.0
0 0.0 0.1359375 0.0 0.1359375 0.0 0.0 0.0 0.0
0 0.9078765624999999 0.1359375 1.0 0.1359375 0.9078765624999999 0.12739999218749992 1.0 0.12739999218749992
0 0.26460671874999997 0.05358234374999995 0.40315890625 0.05358234374999995 0.26460671874999997 0.0 0.40315890625 0.0
0 0.0 0.1359375 0.0 0.1359375 0.0 0.0 0.0 0.0
0 0.0 0.0 0.2766923437499999 0.0 0.0 0.0 0.2766923437499999 0.0
0 0.8384140625000001 0.1359375 0.9981421874999998 0.1359375 0.8384140625000001 0.05536543750000007 0.9981421874999998 0.05536543750000007
0 0.5275639062499999 0.039718781250000036 0.7377171874999998 0.039718781250000036 0.5275639062499999 0.0 0.7377171874999998 0.0
0 0.574984375 0.1359375 1.0 0.1359375 0.574984375 0.11454009374999999 1.0 0.11454009374999999
0 0.45261734375000007 0.0 0.6860937499999998 0.0 0.45261734375000007 0.0 0.6860937499999998 0.0
0 0.048115937500000074 0.0 0.258325625 0.0 0.048115937500000074 0.0 0.258325625 0.0
0 0.7595421874999999 0.0 0.9791250000000001 0.0 0.7595421874999999 0.0 0.9791250000000001 0.0
0 0.508481875 0.0 0.6913750000000001 0.0 0.508481875 0.0 0.6913750000000001 0.0
0 0.528510625 0.1359375 0.7093578125000001 0.1359375 0.528510625 0.06997937499999995 0.7093578125000001 0.06997937499999995
0 0.8877953125000001 0.0 1.0 0.0 0.8877953125000001 0.0 1.0 0.0
0 0.6695218749999998 0.13182325468750006 0.7440750000000002 0.13182325468750006 0.6695218749999998 0.05805684375000002 0.7440750000000002 0.05805684375000002
0 0.11751343750000007 0.0 0.28466390624999993 0.0 0.11751343750000007 0.0 0.28466390624999993 0.0
0 0.0 0.0 0.25910609375 0.0 0.0 0.0 0.25910609375 0.0
