0 0.4616071875 0.966585 0.7023490625 0.966585 0.4616071875 0.72825203125 0.7023490625 0.72825203125
0 0.071097875 0.71342125 0.29151109375 0.71342125 0.071097875 0.4702828125 0.29151109375 0.4702828125
0 0.0 0.91770359375 0.082082578125 0.91770359375 0.0 0.71075359375 0.082082578125 0.71075359375
0 0.9025759375 0.32461296875 1.0 0.32461296875 0.9025759375 0.01813343750000005 1.0 0.01813343750000005
0 0.3452078125 0.9778990625 0.411825 0.9778990625 0.3452078125 0.9124770312500001 0.411825 0.9124770312500001
0 0.7504484375 0.86512125 0.967690625 0.86512125 0.7504484375 0.6479493749999999 0.967690625 0.6479493749999999
0 1.0 1.0 1.0 1.0 1.0 0.7882734375 1.0 0.7882734375
0 0.11694534375000001 0.0674617187500001 0.1954609375 0.0674617187500001 0.11694534375000001 0.0 0.1954609375 0.0
0 0.0 0.9071450000000001 0.15296985937500002 0.9071450000000001 0.0 0.72833953125 0.15296985937500002 0.72833953125
0 0.70225265625 1.0 1.0 1.0 0.70225265625 1.0 1.0 1.0
0 1.0 0.1489014062500001 1.0 0.1489014062500001 1.0 0.0 1.0 0.0
0 0.102995125 0.1376521875 0.41283906249999996 0.1376521875 0.102995125 0.0 0.41283906249999996 0.0
0 0.60950578125 0.13950312500000006 0.6666859374999999 0.13950312500000006 0.60950578125 0.08382203125000007 0.6666859374999999 0.08382203125000007
0 0.716715 1.0 0.9833131249999999 1.0 0.716715 0.91082859375 0.9833131249999999 0.91082859375
0 0.11518123437500001 0.8143443749999999 0.49212359375 0.8143443749999999 0.11518123437500001 0.42598015624999996 0.49212359375 0.42598015624999996
0 0.44897375000000006 0.39957078125 0.7435007812500001 0.39957078125 0.44897375000000006 0.10994328125 0.7435007812500001 0.10994328125
0 0.0 0.63753078125 0.2908046875 0.63753078125 0.0 0.34081015625 0.2908046875 0.34081015625
0 1.0 0.26800437499999996 1.0 0.26800437499999996 1.0 0.0 1.0 0.0
0 1.0 0.11458046875000001 1.0 0.11458046875000001 1.0 0.0 1.0 0.0
0 0.35421609374999996 0.84977578125 0.415328125 0.84977578125 0.35421609374999996 0.78737671875 0.415328125 0.78737671875
0 0.116455859375 0.35073687500000006 0.17276875 0.35073687500000006 0.116455859375 0.29410687499999993 0.17276875 0.29410687499999993
