0 0.41977125 0.0 0.8691187500000002 0.0 0.41977125 0.0 0.8691187500000002 0.0
0 0.7493031250000002 0.0 0.9883749999999999 0.0 0.7493031250000002 0.0 0.9883749999999999 0.0
0 0.21393000000000004 0.0 0.4265431250000001 0.0 0.21393000000000004 0.0 0.4265431250000001 0.0
0 0.0 0.1359375 0.0 0.1359375 0.0 0.0 0.0 0.0
0 0.0 0.1359375 0.22488265624999998 0.1359375 0.0 0.08668910937500005 0.22488265624999998 0.08668910937500005
0 0.6359874999999999 0.0 0.900090625 0.0 0.6359874999999999 0.0 0.900090625 0.0
0 0.7731484375000001 0.0 0.8297265625000001 0.0 0.7731484375000001 0.0 0.8297265625000001 0.0
0 0.936553125 0.0 1.0 0.0 0.936553125 0.0 1.0 0.0
0 0.6898203124999999 0.10502625000000006 0.9309093749999999 0.10502625000000006 0.6898203124999999 0.0 0.9309093749999999 0.0
0 0.33306500000000006 0.0 0.5680921874999999 0.0 0.33306500000000006 0.0 0.5680921874999999 0.0
0 0.054202031250000005 0.1359375 0.2894767187499999 0.1359375 0.054202031250000005 0.0 0.2894767187499999 0.0
0 0.20070578124999994 0.05371268750000002 0.34905500000000006 0.05371268750000002 0.20070578124999994 0.0 0.34905500000000006 0.0
0 0.707075 0.0 1.0 0.0 0.707075 0.0 1.0 0.0
0 0.0 0.1359375 0.0 0.1359375 0.0 0.09174732812500004 0.0 0.09174732812500004
