0 0.8592896874999999 0.0 1.0 0.0 0.8592896874999999 0.0 1.0 0.0
0 0.11862384374999999 0.0 0.44273828125000003 0.0 0.11862384374999999 0.0 0.44273828125000003 0.0
0 0.8980331250000001 0.0 1.0 0.0 0.8980331250000001 0.0 1.0 0.0
0 0.4900821875 0.1359375 0.75469140625 0.1359375 0.4900821875 0.11508273437500005 0.75469140625 0.11508273437500005
0 0.8300098437500001 0.0 0.90577921875 0.0 0.8300098437500001 0.0 0.90577921875 0.0
0 0.055438046875 0.0 0.26400718749999996 0.0 0.055438046875 0.0 0.26400718749999996 0.0
0 1.0 0.004854281249999914 1.0 0.004854281249999914 1.0 0.0 1.0 0.0
0 0.85896984375 0.0 0.9088631250000001 0.0 0.85896984375 0.0 0.9088631250000001 0.0
0 0.8092675 0.08553239062499998 0.98618109375 0.08553239062499998 0.8092675 0.0 0.98618109375 0.0
0 0.632213125 0.1359375 1.0 0.1359375 0.632213125 0.0 1.0 0.0
0 0.6611084375 0.0 0.9399176562499999 0.0 0.6611084375 0.0 0.9399176562499999 0.0
0 0.7938604687499999 0.0 1.0 0.0 0.7938604687499999 0.0 1.0 0.0
0 1.0 0.1359375 1.0 0.1359375 1.0 0.0 1.0 0.0
0 0.9373276562499999 0.0 1.0 0.0 0.9373276562499999 0.0 1.0 0.0
0 0.1260693125 0.0 0.349899375 0.0 0.1260693125 0.0 0.349899375 0.0
0 0.0 0.1359375 0.1828740625 0.1359375 0.0 0.12826511875000007 0.1828740625 0.12826511875000007
0 0.098124109375 0.0 0.3332765625 0.0 0.098124109375 0.0 0.3332765625 0.0
0 0.2182696875 0.0 0.28988140625000003 0.0 0.2182696875 0.0 0.28988140625000003 0.0
0 0.0 0.12572306875 0.21348828125 0.12572306875 0.0 0.0 0.21348828125 0.0
0 0.032175296874999995 0.0 0.3012715625 0.0 0.032175296874999995 0.0 0.3012715625 0.0
0 0.0 0.1359375 0.041063578125 0.1359375 0.0 0.0034974843749999707 0.041063578125 0.0034974843749999707
0 0.749921875 0.0 1.0 0.0 0.749921875 0.0 1.0 0.0
0 0.5285071875 0.0 0.7522503125 0.0 0.5285071875 0.0 0.7522503125 0.0
0 1.0 0.1359375 1.0 0.1359375 1.0 0.0 1.0 0.0
