0 0.83450046875 0.0 1.0 0.0 0.83450046875 0.0 1.0 0.0
0 0.5311096875 0.1359375 0.7696246875 0.1359375 0.5311096875 0.06689254687500004 0.7696246875 0.06689254687500004
0 0.0 0.022138218749999973 0.2989984375 0.022138218749999973 0.0 0.0 0.2989984375 0.0
0 0.152326140625 0.07579509375000004 0.20417796875 0.07579509375000004 0.152326140625 0.022665406249999975 0.20417796875 0.022665406249999975
0 0.119211671875 0.0 0.35930890625 0.0 0.119211671875 0.0 0.35930890625 0.0
0 0.48308687499999997 0.119505078125 0.75288984375 0.119505078125 0.48308687499999997 0.0 0.75288984375 0.0
0 1.0 0.09786046875000007 1.0 0.09786046875000007 1.0 0.0 1.0 0.0
0 0.15207548437500001 0.1359375 0.6039718749999999 0.1359375 0.15207548437500001 0.10772437499999991 0.6039718749999999 0.10772437499999991
0 0.46540546875000005 0.0 0.8743229687499999 0.0 0.46540546875000005 0.0 0.8743229687499999 0.0
0 0.0 0.1359375 0.23663656249999998 0.1359375 0.0 0.09392845312499994 0.23663656249999998 0.09392845312499994
0 1.0 0.1359375 1.0 0.1359375 1.0 0.013718249999999977 1.0 0.013718249999999977
0 0.03146509375 0.1359375 0.25838453125 0.1359375 0.03146509375 0.080588921875 0.25838453125 0.080588921875
0 0.7333371875 0.0 1.0 0.0 0.7333371875 0.0 1.0 0.0
0 1.0 0.1359375 1.0 0.1359375 1.0 0.0 1.0 0.0
0 0.31894187500000004 0.0 0.47427828125 0.0 0.31894187500000004 0.0 0.47427828125 0.0
0 0.79613140625 0.0 1.0 0.0 0.79613140625 0.0 1.0 0.0
0 0.10037667187499999 0.05197753125000002 0.179713125 0.05197753125000002 0.10037667187499999 0.0 0.179713125 0.0
0 0.10073498437499999 0.0 0.51103015625 0.0 0.10073498437499999 0.0 0.51103015625 0.0
0 0.8691812499999999 0.0 1.0 0.0 0.8691812499999999 0.0 1.0 0.0
0 0.86552890625 0.0 1.0 0.0 0.86552890625 0.0 1.0 0.0
0 0.6269878125 0.0 1.0 0.0 0.6269878125 0.0 1.0 0.0
