0 0.0 0.44639249999999997 0.0 0.44639249999999997 0.0 0.1035984375 0.0 0.1035984375
0 0.17053281250000013 1.0 0.3171875 1.0 0.17053281250000013 1.0 0.3171875 1.0
0 0.0 0.32714374999999996 0.26682500000000003 0.32714374999999996 0.0 0.024778593749999977 0.26682500000000003 0.024778593749999977
0 0.0 0.67024 0.0 0.67024 0.0 0.47703890624999995 0.0 0.47703890624999995
0 0.0 1.0 0.15426093750000014 1.0 0.0 0.92252125 0.15426093750000014 0.92252125
0 0.0 0.6242021875 0.0 0.6242021875 0.0 0.34711171875 0.0 0.34711171875
0 0.16270156249999984 1.0 0.3171875 1.0 0.16270156249999984 0.86588609375 0.3171875 0.86588609375
0 0.0 0.15504203125 0.0 0.15504203125 0.0 0.0 0.0 0.0
0 0.0023515625000001704 0.4535684375 0.3025437499999999 0.4535684375 0.0023515625000001704 0.14634546875000004 0.3025437499999999 0.14634546875000004
0 0.0 0.9880153593750001 0.0 0.9880153593750001 0.0 0.79697375 0.0 0.79697375
0 0.0 0.45812765625 0.0 0.45812765625 0.0 0.4027925 0.0 0.4027925
0 0.0 1.0 0.0 1.0 0.0 0.78423390625 0.0 0.78423390625
0 0.0 0.29237796875 0.0 0.29237796875 0.0 0.06190421874999998 0.0 0.06190421874999998
0 0.0 0.8935812500000001 0.0 0.8935812500000001 0.0 0.8453553125 0.0 0.8453553125
0 0.0 0.72935328125 0.0 0.72935328125 0.0 0.5056396875 0.0 0.5056396875
0 0.0 0.12849625000000006 0.03286875000000009 0.12849625000000006 0.0 0.0 0.03286875000000009 0.0
0 0.0 0.73429984375 0.0 0.73429984375 0.0 0.48712390625 0.0 0.48712390625
0 0.0 0.8970778124999998 0.0 0.8970778124999998 0.0 0.69979265625 0.0 0.69979265625
0 0.22436093749999983 1.0 0.3171875 1.0 0.22436093749999983 0.8816567187500001 0.3171875 0.8816567187500001
0 0.0 0.74553578125 0.0 0.74553578125 0.0 0.46093078125 0.0 0.46093078125
0 0.0 0.8590887500000001 0.0 0.8590887500000001 0.0 0.61013046875 0.0 0.61013046875
0 0.04610937499999999 1.0 0.3171875 1.0 0.04610937499999999 1.0 0.3171875 1.0
0 0.03365156250000005 0.04353499999999997 0.11229062499999998 0.04353499999999997 0.03365156250000005 0.0 0.11229062499999998 0.0
0 0.0 0.07789406250000006 0.0 0.07789406250000006 0.0 0.0 0.0 0.0
0 0.0 0.15774875000000002 0.0 0.15774875000000002 0.0 0.0 0.0 0.0
0 0.0 0.2532453125 0.0 0.2532453125 0.0 0.06961484374999997 0.0 0.06961484374999997
0 0.0 0.07453390624999993 0.0 0.07453390624999993 0.0 0.0 0.0 0.0
0 0.0 0.55960640625 0.0 0.55960640625 0.0 0.42251671875 0.0 0.42251671875
0 0.0 0.61766015625 0.0 0.61766015625 0.0 0.4469071875 0.0 0.4469071875
0 0.0 0.34228484375 0.0 0.34228484375 0.0 0.28827359374999995 0.0 0.28827359374999995
0 0.0 0.07993703125000007 0.0 0.07993703125000007 0.0 0.0 0.0 0.0
0 0.0 0.889303125 0.0 0.889303125 0.0 0.68243421875 0.0 0.68243421875
0 0.07896874999999995 0.6215665625 0.31168593750000007 0.6215665625 0.07896874999999995 0.39567609375 0.31168593750000007 0.39567609375
0 0.0 0.24437453125000008 0.0 0.24437453125000008 0.0 0.17393125000000004 0.0 0.17393125000000004
0 0.0 1.0 0.0 1.0 0.0 0.8998125 0.0 0.8998125
