0 0.0 0.07372145312500003 0.0 0.07372145312500003 0.0 0.0 0.0 0.0
0 0.0 0.0 0.3171875 0.0 0.0 0.0 0.3171875 0.0
0 0.0 0.03841731250000002 0.0 0.03841731250000002 0.0 0.0 0.0 0.0
0 0.0 0.019728093750000043 0.005253125000000125 0.019728093750000043 0.0 0.0 0.005253125000000125 0.0
0 0.08642187499999991 0.0 0.23755468750000014 0.0 0.08642187499999991 0.0 0.23755468750000014 0.0
0 0.0 0.1359375 0.0 0.1359375 0.0 0.010660500000000007 0.0 0.010660500000000007
0 0.0 0.1359375 0.0 0.1359375 0.0 0.12064411562499995 0.0 0.12064411562499995
0 0.0 0.11196978125000001 0.0 0.11196978125000001 0.0 0.0 0.0 0.0
0 0.0 0.1359375 0.0 0.1359375 0.0 0.0 0.0 0.0
0 0.0 0.0 0.06403437499999995 0.0 0.0 0.0 0.06403437499999995 0.0
0 0.0 0.09478356249999997 0.0 0.09478356249999997 0.0 0.0 0.0 0.0
0 0.0 0.1359375 0.0 0.1359375 0.0 0.11752415625000001 0.0 0.11752415625000001
0 0.02525156250000009 0.0 0.0696921875000001 0.0 0.02525156250000009 0.0 0.0696921875000001 0.0
0 0.0 0.0 0.09464843750000007 0.0 0.0 0.0 0.09464843750000007 0.0
0 0.0 0.0 0.1824328125000001 0.0 0.0 0.0 0.1824328125000001 0.0
0 0.0 0.04492478124999995 0.0 0.04492478124999995 0.0 0.0 0.0 0.0
0 0.0 0.12507226874999997 0.0 0.12507226874999997 0.0 0.0 0.0 0.0
