0 0.0 0.8387096875000001 0.0 0.8387096875000001 0.0 0.3877225 0.0 0.3877225
0 0.0 1.0 0.0 1.0 0.0 0.84475796875 0.0 0.84475796875
0 0.0 0.5546753125 0.0 0.5546753125 0.0 0.40589203124999995 0.0 0.40589203124999995
0 0.0 0.25909484374999997 0.0 0.25909484374999997 0.0 0.0 0.0 0.0
0 0.9786546875 0.43525171875 1.0 0.43525171875 0.9786546875 0.14562937500000003 1.0 0.14562937500000003
0 0.5638765625 0.6432212500000001 0.6829609375000001 0.6432212500000001 0.5638765625 0.49998250000000005 0.6829609375000001 0.49998250000000005
0 0.43880374999999994 0.4927415625 0.7509109375000002 0.4927415625 0.43880374999999994 0.18185015624999998 0.7509109375000002 0.18185015624999998
0 0.06356531249999993 0.8801512499999999 0.27611765624999995 0.8801512499999999 0.06356531249999993 0.6769076562499999 0.27611765624999995 0.6769076562499999
0 0.0 0.38928265624999997 0.0 0.38928265624999997 0.0 0.08014718750000008 0.0 0.08014718750000008
0 0.0 0.7624629687500001 0.0 0.7624629687500001 0.0 0.49778859375 0.0 0.49778859375
0 0.0 0.64096796875 0.13490843750000003 0.64096796875 0.0 0.3562153125 0.13490843750000003 0.3562153125
0 0.0 0.14855484375000003 0.0 0.14855484375000003 0.0 0.0 0.0 0.0
0 0.0 0.84972265625 0.0 0.84972265625 0.0 0.79297375 0.0 0.79297375
0 0.24331031250000007 0.27149859374999996 0.48438656249999995 0.27149859374999996 0.24331031250000007 0.030940781249999993 0.48438656249999995 0.030940781249999993
0 0.0 0.62252578125 0.06878296875000008 0.62252578125 0.0 0.38776734375000005 0.06878296875000008 0.38776734375000005
0 0.8559000000000001 1.0 1.0 1.0 0.8559000000000001 0.89192265625 1.0 0.89192265625
0 0.0 1.0 0.096061875 1.0 0.0 0.96641296875 0.096061875 0.96641296875
0 0.0 1.0 0.0 1.0 0.0 0.8718384374999999 0.0 0.8718384374999999
0 1.0 0.5042393749999999 1.0 0.5042393749999999 1.0 0.25598421874999994 1.0 0.25598421874999994
0 0.53210828125 0.9404940625 0.5913765625 0.9404940625 0.53210828125 0.87988046875 0.5913765625 0.87988046875
0 0.0 1.0 0.0 1.0 0.0 0.8086871875 0.0 0.8086871875
0 0.0 0.85975375 0.13001562500000005 0.85975375 0.0 0.590145625 0.13001562500000005 0.590145625
0 0.8535515624999999 0.17899031250000003 1.0 0.17899031250000003 0.8535515624999999 0.0 1.0 0.0
0 0.0 0.79424984375 0.0 0.79424984375 0.0 0.39971609375000006 0.0 0.39971609375000006
0 0.0 0.25043140625000004 0.0 0.25043140625000004 0.0 0.10379281250000005 0.0 0.10379281250000005
0 0.0 0.135520625 0.0 0.135520625 0.0 0.0 0.0 0.0
0 0.0 0.14285031250000008 0.0 0.14285031250000008 0.0 0.0 0.0 0.0
0 0.2215346875 0.09324984374999996 0.36415687499999994 0.09324984374999996 0.2215346875 0.0 0.36415687499999994 0.0
0 0.850253125 0.882914375 0.8978468750000002 0.882914375 0.850253125 0.837295625 0.8978468750000002 0.837295625
0 0.0 1.0 0.09722937500000003 1.0 0.0 1.0 0.09722937500000003 1.0
0 0.0 0.19603656249999996 0.0 0.19603656249999996 0.0 0.039635156249999956 0.0 0.039635156249999956
0 0.25912187499999995 0.33573140625000003 0.3881542187499999 0.33573140625000003 0.25912187499999995 0.19578156250000003 0.3881542187499999 0.19578156250000003
0 0.23236390624999997 0.3872084375 0.2844326562499999 0.3872084375 0.23236390624999997 0.33389234375 0.2844326562499999 0.33389234375
