0 1.0 0.1359375 1.0 0.1359375 1.0 0.03697481249999992 1.0 0.03697481249999992
0 0.9679781250000001 0.0 1.0 0.0 0.9679781250000001 0.0 1.0 0.0
0 0.9370671875 0.06707110937500005 0.9937171875 0.06707110937500005 0.9370671875 0.010795984375000067 0.9937171875 0.010795984375000067
0 0.9429265625 0.13379123593750003 1.0 0.13379123593750003 0.9429265625 0.0 1.0 0.0
0 1.0 0.1359375 1.0 0.1359375 1.0 0.0 1.0 0.0
0 0.6735484374999998 0.0 0.8646328125 0.0 0.6735484374999998 0.0 0.8646328125 0.0
0 0.0 0.06090251562500004 0.0 0.06090251562500004 0.0 0.0 0.0 0.0
0 0.6195546875000002 0.0 0.8342749999999999 0.0 0.6195546875000002 0.0 0.8342749999999999 0.0
0 0.6717859374999999 0.0 1.0 0.0 0.6717859374999999 0.0 1.0 0.0
0 1.0 0.08234851562499994 1.0 0.08234851562499994 1.0 0.0 1.0 0.0
0 0.0 0.0 0.09986625 0.0 0.0 0.0 0.09986625 0.0
0 0.6333828125000001 0.07172679687500008 0.6879140625000002 0.07172679687500008 0.6333828125000001 0.018276734374999926 0.6879140625000002 0.018276734374999926
0 0.0 0.0 0.14181390624999998 0.0 0.0 0.0 0.14181390624999998 0.0
0 1.0 0.1359375 1.0 0.1359375 1.0 0.08536004687500007 1.0 0.08536004687500007
0 0.7236234374999999 0.0 0.937571875 0.0 0.7236234374999999 0.0 0.937571875 0.0
0 0.6079234374999999 0.0 0.7840453125 0.0 0.6079234374999999 0.0 0.7840453125 0.0
0 0.696228125 0.0 0.86700625 0.0 0.696228125 0.0 0.86700625 0.0
0 0.0 0.0 0.15852984375000007 0.0 0.0 0.0 0.15852984375000007 0.0
0 0.05884234374999995 0.1359375 0.322890625 0.1359375 0.05884234374999995 0.07586957812499992 0.322890625 0.07586957812499992
0 0.0 0.1359375 0.0 0.1359375 0.0 0.0 0.0 0.0
