0 0.17053281250000013 0.1359375 0.3171875 0.1359375 0.17053281250000013 0.03697481249999992 0.3171875 0.03697481249999992
0 0.0 0.0 0.26682500000000003 0.0 0.0 0.0 0.26682500000000003 0.0
0 0.0 0.06707110937500005 0.0 0.06707110937500005 0.0 0.010795984375000067 0.0 0.010795984375000067
0 0.0 0.13379123593750003 0.15426093750000014 0.13379123593750003 0.0 0.0 0.15426093750000014 0.0
0 0.16270156249999984 0.1359375 0.3171875 0.1359375 0.16270156249999984 0.0 0.3171875 0.0
0 0.0023515625000001704 0.0 0.3025437499999999 0.0 0.0023515625000001704 0.0 0.3025437499999999 0.0
0 0.0 0.06090251562500004 0.0 0.06090251562500004 0.0 0.0 0.0 0.0
0 0.0 0.0 0.03286875000000009 0.0 0.0 0.0 0.03286875000000009 0.0
0 0.22436093749999983 0.08234851562499994 0.3171875 0.08234851562499994 0.22436093749999983 0.0 0.3171875 0.0
0 0.0 0.07172679687500008 0.0 0.07172679687500008 0.0 0.018276734374999926 0.0 0.018276734374999926
0 0.04610937499999999 0.1359375 0.3171875 0.1359375 0.04610937499999999 0.08536004687500007 0.3171875 0.08536004687500007
0 0.03365156250000005 0.0 0.11229062499999998 0.0 0.03365156250000005 0.0 0.11229062499999998 0.0
0 0.0 0.1359375 0.0 0.1359375 0.0 0.07586957812499992 0.0 0.07586957812499992
0 0.07896874999999995 0.0 0.31168593750000007 0.0 0.07896874999999995 0.0 0.31168593750000007 0.0
0 0.0 0.1359375 0.0 0.1359375 0.0 0.0 0.0 0.0
