0 0.0 0.037572250000000015 0.0 0.037572250000000015 0.0 0.0 0.0 0.0
0 0.0 0.1359375 0.0 0.1359375 0.0 0.0 0.0 0.0
0 0.0005437499999999318 0.0 0.17228749999999984 0.0 0.0005437499999999318 0.0 0.17228749999999984 0.0
0 0.0 0.1359375 0.2368234375 0.1359375 0.0 0.13469269281250007 0.2368234375 0.13469269281250007
0 0.20447500000000005 0.0 0.3171875 0.0 0.20447500000000005 0.0 0.3171875 0.0
0 0.23125624999999986 0.0 0.3171875 0.0 0.23125624999999986 0.0 0.3171875 0.0
0 0.0 0.10050909375000003 0.0 0.10050909375000003 0.0 0.0 0.0 0.0
0 0.0 0.028908750000000084 0.0 0.028908750000000084 0.0 0.0 0.0 0.0
0 0.2549703125000001 0.0 0.3171875 0.0 0.2549703125000001 0.0 0.3171875 0.0
0 0.0 0.1359375 0.0 0.1359375 0.0 0.11916910937500003 0.0 0.11916910937500003
