0 0.033510937499999824 0.0 0.19086874999999992 0.0 0.033510937499999824 0.0 0.19086874999999992 0.0
0 0.0 0.1359375 0.0 0.1359375 0.0 0.0 0.0 0.0
0 0.0 0.1359375 0.0 0.1359375 0.0 0.08668910937500005 0.0 0.08668910937500005
0 0.3140796874999999 0.0 0.3171875 0.0 0.3140796874999999 0.0 0.3171875 0.0
0 0.29218437500000005 0.0 0.3171875 0.0 0.29218437500000005 0.0 0.3171875 0.0
0 0.0 0.0 0.09980000000000011 0.0 0.0 0.0 0.09980000000000011 0.0
0 0.0 0.10502625000000006 0.0 0.10502625000000006 0.0 0.0 0.0 0.0
0 0.0 0.1359375 0.0 0.1359375 0.0 0.0 0.0 0.0
0 0.0 0.05371268750000002 0.0 0.05371268750000002 0.0 0.0 0.0 0.0
0 0.0 0.0 0.09069843750000003 0.0 0.0 0.0 0.09069843750000003 0.0
0 0.29958593749999984 0.0 0.3171875 0.0 0.29958593749999984 0.0 0.3171875 0.0
0 0.0 0.1359375 0.0 0.1359375 0.0 0.09174732812500004 0.0 0.09174732812500004
0 0.1954078124999999 0.0 0.3171875 0.0 0.1954078124999999 0.0 0.3171875 0.0
