0 0.0 0.025977781249999943 0.0 0.025977781249999943 0.0 0.0 0.0 0.0
0 0.22233124999999987 0.0 0.3171875 0.0 0.22233124999999987 0.0 0.3171875 0.0
0 0.21001406250000015 0.0 0.3171875 0.0 0.21001406250000015 0.0 0.3171875 0.0
0 0.0 0.0 0.15876875000000013 0.0 0.0 0.0 0.15876875000000013 0.0
0 0.0 0.1359375 0.0 0.1359375 0.0 0.04544707812500004 0.0 0.04544707812500004
0 0.0 0.03674026562500003 0.0 0.03674026562500003 0.0 0.0 0.0 0.0
0 0.0 0.0 0.23474843750000005 0.0 0.0 0.0 0.23474843750000005 0.0
0 0.0 0.09597620312499995 0.0 0.09597620312499995 0.0 0.0 0.0 0.0
0 0.0 0.1359375 0.07072968750000008 0.1359375 0.0 0.0 0.07072968750000008 0.0
0 0.18249999999999994 0.0 0.2334171874999999 0.0 0.18249999999999994 0.0 0.2334171874999999 0.0
0 0.0 0.10729360937500002 0.07950156250000014 0.10729360937500002 0.0 0.0 0.07950156250000014 0.0
0 0.0 0.1359375 0.0 0.1359375 0.0 0.07241776562499994 0.0 0.07241776562499994
0 0.0 0.0 0.02282499999999992 0.0 0.0 0.0 0.02282499999999992 0.0
