0 0.3953573437499999 0.07372145312500003 0.7421640624999999 0.07372145312500003 0.3953573437499999 0.0 0.7421640624999999 0.0
0 0.9997843750000002 0.0 1.0 0.0 0.9997843750000002 0.0 1.0 0.0
0 0.4093084375 0.0 0.6878687500000001 0.0 0.4093084375 0.0 0.6878687500000001 0.0
0 0.6589453124999999 0.0 0.8533406249999999 0.0 0.6589453124999999 0.0 0.8533406249999999 0.0
0 0.0 0.03841731250000002 0.0 0.03841731250000002 0.0 0.0 0.0 0.0
0 0.7815156250000002 0.019728093750000043 1.0 0.019728093750000043 0.7815156250000002 0.0 1.0 0.0
0 0.1519556250000001 0.0 0.4144984375 0.0 0.1519556250000001 0.0 0.4144984375 0.0
0 0.16584343750000005 0.0 0.37789578125 0.0 0.16584343750000005 0.0 0.37789578125 0.0
0 0.0 0.0 0.09802156249999996 0.0 0.0 0.0 0.09802156249999996 0.0
0 0.0 0.0 0.08998000000000009 0.0 0.0 0.0 0.08998000000000009 0.0
0 0.46261609375 0.0 0.7310437499999999 0.0 0.46261609375 0.0 0.7310437499999999 0.0
0 0.3987346875 0.1359375 0.6245999999999998 0.1359375 0.3987346875 0.010660500000000007 0.6245999999999998 0.010660500000000007
0 0.5998281249999999 0.0 0.8600015625000001 0.0 0.5998281249999999 0.0 0.8600015625000001 0.0
0 0.0 0.1359375 0.07893640625000006 0.1359375 0.0 0.12064411562499995 0.07893640625000006 0.12064411562499995
0 0.46357859375 0.0 0.5183846875 0.0 0.46357859375 0.0 0.5183846875 0.0
0 0.0 0.11196978125000001 0.0 0.11196978125000001 0.0 0.0 0.0 0.0
0 0.0 0.1359375 0.0 0.1359375 0.0 0.0 0.0 0.0
0 0.7661750000000002 0.0 1.0 0.0 0.7661750000000002 0.0 1.0 0.0
0 0.0 0.09478356249999997 0.0 0.09478356249999997 0.0 0.0 0.0 0.0
0 0.0 0.0 0.09647249999999996 0.0 0.0 0.0 0.09647249999999996 0.0
0 0.0 0.1359375 0.0 0.1359375 0.0 0.11752415625000001 0.0 0.11752415625000001
0 0.8693203125 0.0 1.0 0.0 0.8693203125 0.0 1.0 0.0
0 0.9133359375000001 0.0 1.0 0.0 0.9133359375000001 0.0 1.0 0.0
0 0.68536875 0.0 0.9222249999999999 0.0 0.68536875 0.0 0.9222249999999999 0.0
0 0.0 0.04492478124999995 0.0 0.04492478124999995 0.0 0.0 0.0 0.0
0 0.36882374999999995 0.12507226874999997 0.598559375 0.12507226874999997 0.36882374999999995 0.0 0.598559375 0.0
