0 0.0 0.40011437499999997 0.0 0.40011437499999997 0.0 0.0 0.0 0.0
0 0.0 0.653529375 0.0 0.653529375 0.0 0.40616250000000004 0.0 0.40616250000000004
0 0.033510937499999824 0.11607984375000005 0.19086874999999992 0.11607984375000005 0.033510937499999824 0.0 0.19086874999999992 0.0
0 0.0 0.23889250000000004 0.0 0.23889250000000004 0.0 0.006448125000000004 0.0 0.006448125000000004
0 0.0 0.9625921875 0.0 0.9625921875 0.0 0.6922690625000001 0.0 0.6922690625000001
0 0.0 0.94774734375 0.0 0.94774734375 0.0 0.7351996875 0.0 0.7351996875
0 0.0 0.13823296875000005 0.0 0.13823296875000005 0.0 0.0 0.0 0.0
0 0.0 1.0 0.0 1.0 0.0 0.8306365625 0.0 0.8306365625
0 0.0 0.32386765625 0.0 0.32386765625 0.0 0.059193281249999966 0.0 0.059193281249999966
0 0.3140796874999999 0.20237250000000007 0.3171875 0.20237250000000007 0.3140796874999999 0.0 0.3171875 0.0
0 0.0 0.4111271875 0.0 0.4111271875 0.0 0.35437828125 0.0 0.35437828125
0 0.29218437500000005 0.18393046875000002 0.3171875 0.18393046875000002 0.29218437500000005 0.0 0.3171875 0.0
0 0.0 0.67170453125 0.0 0.67170453125 0.0 0.6020749999999999 0.0 0.6020749999999999
0 0.0 0.6022932812499999 0.09980000000000011 0.6022932812499999 0.0 0.43324296875 0.09980000000000011 0.43324296875
0 0.0 1.0 0.0 1.0 0.0 0.8645010937500001 0.0 0.8645010937500001
0 0.0 0.405396875 0.0 0.405396875 0.0 0.22794328124999996 0.0 0.22794328124999996
0 0.0 0.6050009375000001 0.0 0.6050009375000001 0.0 0.37009171875 0.0 0.37009171875
0 0.0 0.638409375 0.0 0.638409375 0.0 0.34139953125 0.0 0.34139953125
0 0.0 1.0 0.0 1.0 0.0 0.9660414062499999 0.0 0.9660414062499999
0 0.0 1.0 0.0 1.0 0.0 0.8968564062500001 0.0 0.8968564062500001
0 0.0 0.35565453125 0.09069843750000003 0.35565453125 0.0 0.0 0.09069843750000003 0.0
0 0.29958593749999984 0.9361712499999999 0.3171875 0.9361712499999999 0.29958593749999984 0.7254403125 0.3171875 0.7254403125
0 0.0 0.7193225 0.0 0.7193225 0.0 0.29650265625000005 0.0 0.29650265625000005
0 0.0 0.277065 0.0 0.277065 0.0 0.12953609375 0.0 0.12953609375
0 0.0 0.2341156249999999 0.0 0.2341156249999999 0.0 0.060578281249999935 0.0 0.060578281249999935
0 0.1954078124999999 0.9934143125 0.3171875 0.9934143125 0.1954078124999999 0.6470871875 0.3171875 0.6470871875
0 0.0 0.138709375 0.0 0.138709375 0.0 0.0 0.0 0.0
0 0.0 0.45918328124999996 0.0 0.45918328124999996 0.0 0.2296206249999999 0.0 0.2296206249999999
