0 0.0 0.08485187500000002 0.0 0.08485187500000002 0.0 0.0 0.0 0.0
0 0.8267781249999999 0.29892375 1.0 0.29892375 0.8267781249999999 0.061526406249999964 1.0 0.061526406249999964
0 0.0 1.0 0.0 1.0 0.0 0.65876484375 0.0 0.65876484375
0 1.0 0.3057703125 1.0 0.3057703125 1.0 0.0912484375 1.0 0.0912484375
0 0.0 0.14666875000000007 0.0 0.14666875000000007 0.0 0.0 0.0 0.0
0 0.0 0.52436296875 0.0 0.52436296875 0.0 0.39218953125 0.0 0.39218953125
0 1.0 0.4433590625 1.0 0.4433590625 1.0 0.40223484374999996 1.0 0.40223484374999996
0 0.0 0.01913999999999998 0.0 0.01913999999999998 0.0 0.0 0.0 0.0
0 0.0 0.057792187499999946 0.0 0.057792187499999946 0.0 0.0 0.0 0.0
0 0.8560125 0.91198296875 1.0 0.91198296875 0.8560125 0.7246990624999999 1.0 0.7246990624999999
0 0.0 0.2152785937499999 0.00016625000000001223 0.2152785937499999 0.0 0.0 0.00016625000000001223 0.0
0 0.0 1.0 0.0 1.0 0.0 0.9850454375 0.0 0.9850454375
0 0.0 0.9395071875 0.0 0.9395071875 0.0 0.73466265625 0.0 0.73466265625
0 0.7840234375000001 1.0 0.8381062499999998 1.0 0.7840234375000001 0.9821466875 0.8381062499999998 0.9821466875
0 0.0 0.49839546874999996 0.0 0.49839546874999996 0.0 0.3223956250000001 0.0 0.3223956250000001
0 0.0 1.0 0.0 1.0 0.0 0.8610290625000001 0.0 0.8610290625000001
0 0.0 0.15220953124999995 0.0 0.15220953124999995 0.0 0.0 0.0 0.0
0 0.0 0.96622078125 0.0 0.96622078125 0.0 0.7928490625 0.0 0.7928490625
0 0.0 0.94209984375 0.0 0.94209984375 0.0 0.70694625 0.0 0.70694625
0 0.38091875000000003 0.8224803125000001 0.6172328125 0.8224803125000001 0.38091875000000003 0.58628046875 0.6172328125 0.58628046875
0 0.0 0.9107840625 0.04147171875000009 0.9107840625 0.0 0.4606884375 0.04147171875000009 0.4606884375
0 0.9634562500000001 0.03667578124999995 1.0 0.03667578124999995 0.9634562500000001 0.0 1.0 0.0
0 1.0 0.14740203125000004 1.0 0.14740203125000004 1.0 0.0 1.0 0.0
0 0.0 0.07881171874999993 0.17343328125 0.07881171874999993 0.0 0.0 0.17343328125 0.0
0 0.0 0.40377421875 0.0 0.40377421875 0.0 0.18928765624999996 0.0 0.18928765624999996
0 0.8464078125000001 1.0 1.0 1.0 0.8464078125000001 0.78233421875 1.0 0.78233421875
0 0.24849953125000007 0.6610559375 0.4205646874999999 0.6610559375 0.24849953125000007 0.498068125 0.4205646874999999 0.498068125
0 0.6572375000000001 0.82727796875 0.8984500000000001 0.82727796875 0.6572375000000001 0.5693103125000001 0.8984500000000001 0.5693103125000001
0 0.0 0.94677078125 0.18205624999999995 0.94677078125 0.0 0.5433171875 0.18205624999999995 0.5433171875
0 0.9386859375000001 0.04008156249999999 1.0 0.04008156249999999 0.9386859375000001 0.0 1.0 0.0
0 0.0 1.0 0.0 1.0 0.0 0.88728265625 0.0 0.88728265625
0 0.10806453124999997 0.24308484375 0.34824578125 0.24308484375 0.10806453124999997 0.002033593750000051 0.34824578125 0.002033593750000051
0 0.0 0.47447171875 0.0 0.47447171875 0.0 0.2756578125000001 0.0 0.2756578125000001
0 1.0 0.2853646875000001 1.0 0.2853646875000001 1.0 0.22904 1.0 0.22904
0 0.5150615625 0.53467109375 0.7565156250000001 0.53467109375 0.5150615625 0.30071875000000003 0.7565156250000001 0.30071875000000003
0 0.39137281250000006 0.68822359375 0.6175906250000001 0.68822359375 0.39137281250000006 0.46213468750000003 0.6175906250000001 0.46213468750000003
0 0.8802375000000001 0.5947259375 0.9370203125 0.5947259375 0.8802375000000001 0.538146875 0.9370203125 0.538146875
