0 0.7561484374999999 0.12633094687500002 1.0 0.12633094687500002 0.7561484374999999 0.0 1.0 0.0
0 1.0 0.019413124999999986 1.0 0.019413124999999986 1.0 0.0 1.0 0.0
0 0.3602089062499999 0.0 0.5783953125 0.0 0.3602089062499999 0.0 0.5783953125 0.0
0 0.53427796875 0.0 0.8443265624999998 0.0 0.53427796875 0.0 0.8443265624999998 0.0
0 0.0 0.0 0.040711718750000084 0.0 0.0 0.0 0.040711718750000084 0.0
0 0.07198406249999997 0.0 0.3042957812499999 0.0 0.07198406249999997 0.0 0.3042957812499999 0.0
0 0.1298081249999999 0.0 0.36468500000000004 0.0 0.1298081249999999 0.0 0.36468500000000004 0.0
0 0.40899593749999996 0.0 0.7079625 0.0 0.40899593749999996 0.0 0.7079625 0.0
0 0.09633203125000005 0.0 0.30932203124999996 0.0 0.09633203125000005 0.0 0.30932203124999996 0.0
0 0.837453125 0.0 1.0 0.0 0.837453125 0.0 1.0 0.0
0 0.0 0.0 0.06525828125000004 0.0 0.0 0.0 0.06525828125000004 0.0
0 0.5400065625 0.1359375 0.7161281249999998 0.1359375 0.5400065625 0.09159268750000002 0.7161281249999998 0.09159268750000002
0 0.69891875 0.0 0.9190546874999999 0.0 0.69891875 0.0 0.9190546874999999 0.0
0 0.7323968749999998 0.0 0.9601500000000002 0.0 0.7323968749999998 0.0 0.9601500000000002 0.0
0 0.0 0.0 0.2925104687499999 0.0 0.0 0.0 0.2925104687499999 0.0
0 0.0 0.1359375 0.1294932812500001 0.1359375 0.0 0.10377509375000002 0.1294932812500001 0.10377509375000002
0 0.2742771875000001 0.0 0.6107921874999999 0.0 0.2742771875000001 0.0 0.6107921874999999 0.0
0 0.594025 0.1359375 0.8264250000000001 0.1359375 0.594025 0.029308765625 0.8264250000000001 0.029308765625
