0 0.0 0.47131765625 0.0 0.47131765625 0.0 0.41059640625 0.0 0.41059640625
0 0.0 0.23239249999999992 0.0 0.23239249999999992 0.0 0.0 0.0 0.0
0 0.0 1.0 0.17760468749999986 1.0 0.0 0.8809907812500001 0.17760468749999986 0.8809907812500001
0 0.0 1.0 0.0 1.0 0.0 0.79346421875 0.0 0.79346421875
0 0.0 0.5504503125 0.14764374999999993 0.5504503125 0.0 0.33073046875 0.14764374999999993 0.33073046875
0 0.0 1.0 0.0 1.0 0.0 0.93451671875 0.0 0.93451671875
0 0.0 0.10070593750000008 0.0 0.10070593750000008 0.0 0.0 0.0 0.0
0 0.0 0.55778078125 0.0 0.55778078125 0.0 0.35982046875 0.0 0.35982046875
0 0.08344843749999989 0.9226435937499999 0.2280843749999999 0.9226435937499999 0.08344843749999989 0.78848734375 0.2280843749999999 0.78848734375
0 0.0 1.0 0.0 1.0 0.0 0.8674010937500001 0.0 0.8674010937500001
0 0.0 0.05853312499999994 0.0 0.05853312499999994 0.0 0.0 0.0 0.0
0 0.0 0.08087656249999994 0.0 0.08087656249999994 0.0 0.0 0.0 0.0
0 0.0 1.0 0.0 1.0 0.0 0.83741359375 0.0 0.83741359375
0 0.0 0.23748078125000002 0.0 0.23748078125000002 0.0 0.0 0.0 0.0
0 0.0 0.35033828125 0.0 0.35033828125 0.0 0.15893796874999994 0.0 0.15893796874999994
0 0.0 0.08643968750000006 0.0 0.08643968750000006 0.0 0.0 0.0 0.0
0 0.0 0.79290515625 0.0 0.79290515625 0.0 0.558223125 0.0 0.558223125
0 0.0 0.73674546875 0.0 0.73674546875 0.0 0.5515271875 0.0 0.5515271875
0 0.0 0.07275546874999997 0.0 0.07275546874999997 0.0 0.0 0.0 0.0
0 0.0 0.15929312499999995 0.0 0.15929312499999995 0.0 0.10258421875000004 0.0 0.10258421875000004
0 0.0 0.40337984374999997 0.0 0.40337984374999997 0.0 0.16844656249999995 0.0 0.16844656249999995
0 0.0 0.6024909375 0.0 0.6024909375 0.0 0.15073640625000007 0.0 0.15073640625000007
0 0.0 0.9268126562500001 0.22772656249999984 0.9268126562500001 0.0 0.61737046875 0.22772656249999984 0.61737046875
0 0.0 0.6817653124999999 0.0 0.6817653124999999 0.0 0.5104909375 0.0 0.5104909375
0 0.0 0.10979281249999992 0.04351875000000014 0.10979281249999992 0.0 0.0 0.04351875000000014 0.0
0 0.0 0.8120996875 0.0 0.8120996875 0.0 0.66645390625 0.0 0.66645390625
0 0.0 1.0 0.09823437499999983 1.0 0.0 0.8353823437500001 0.09823437499999983 0.8353823437500001
0 0.0 1.0 0.0 1.0 0.0 0.8874004687499999 0.0 0.8874004687499999
0 0.0 0.45909078125 0.0 0.45909078125 0.0 0.29756015625 0.0 0.29756015625
0 0.22507031250000012 0.63533921875 0.3171875 0.63533921875 0.22507031250000012 0.47591765625000004 0.3171875 0.47591765625000004
0 0.0 0.9806763125 0.0 0.9806763125 0.0 0.76673328125 0.0 0.76673328125
0 0.0 0.17461859375 0.0 0.17461859375 0.0 0.0 0.0 0.0
0 0.0 0.3469978125 0.0 0.3469978125 0.0 0.05409781250000005 0.0 0.05409781250000005
