0 1.0 0.12633094687500002 1.0 0.12633094687500002 1.0 0.0 1.0 0.0
0 1.0 0.019413124999999986 1.0 0.019413124999999986 1.0 0.0 1.0 0.0
0 0.12335953125000002 0.0 0.32672703125 0.0 0.12335953125000002 0.0 0.32672703125 0.0
0 0.5932389062500001 0.0 1.0 0.0 0.5932389062500001 0.0 1.0 0.0
0 0.6234103125 0.0 0.88428953125 0.0 0.6234103125 0.0 0.88428953125 0.0
0 0.6191021875 0.0 0.84960515625 0.0 0.6191021875 0.0 0.84960515625 0.0
0 0.073562640625 0.0 0.21282890625 0.0 0.073562640625 0.0 0.21282890625 0.0
0 0.5120565625 0.0 0.7512289062499999 0.0 0.5120565625 0.0 0.7512289062499999 0.0
0 0.6507832812500001 0.0 1.0 0.0 0.6507832812500001 0.0 1.0 0.0
0 0.035385546875 0.0 0.3001984375 0.0 0.035385546875 0.0 0.3001984375 0.0
0 1.0 0.1359375 1.0 0.1359375 1.0 0.09159268750000002 1.0 0.09159268750000002
0 0.0 0.0 0.20427484375 0.0 0.0 0.0 0.20427484375 0.0
0 0.5196581250000001 0.0 0.8164185937499999 0.0 0.5196581250000001 0.0 0.8164185937499999 0.0
0 0.6966285937500001 0.0 0.7466625 0.0 0.6966285937500001 0.0 0.7466625 0.0
0 0.0 0.0 0.2641925 0.0 0.0 0.0 0.2641925 0.0
0 0.9924434375000001 0.0 1.0 0.0 0.9924434375000001 0.0 1.0 0.0
0 0.89336859375 0.1359375 1.0 0.1359375 0.89336859375 0.10377509375000002 1.0 0.10377509375000002
0 0.0 0.0 0.29199 0.0 0.0 0.0 0.29199 0.0
0 1.0 0.1359375 1.0 0.1359375 1.0 0.029308765625 1.0 0.029308765625
