0 0.0 0.3071890625 0.0 0.3071890625 0.0 0.035512499999999926 0.0 0.035512499999999926
0 0.0 0.11386749999999993 0.0 0.11386749999999993 0.0 0.0 0.0 0.0
0 0.24016093749999995 0.37752625 0.3171875 0.37752625 0.24016093749999995 0.16255781250000007 0.3171875 0.16255781250000007
0 0.0 1.0 0.0 1.0 0.0 0.72361671875 0.0 0.72361671875
0 0.0 1.0 0.0 1.0 0.0 0.7881075 0.0 0.7881075
0 0.0 0.03111593750000008 0.0 0.03111593750000008 0.0 0.0 0.0 0.0
0 0.29654843749999993 0.42476609375 0.3171875 0.42476609375 0.29654843749999993 0.210434375 0.3171875 0.210434375
0 0.0 1.0 0.0 1.0 0.0 0.9841612812499999 0.0 0.9841612812499999
0 0.30116562500000016 1.0 0.3171875 1.0 0.30116562500000016 0.753951875 0.3171875 0.753951875
0 0.0 1.0 0.0 1.0 0.0 0.9457490625 0.0 0.9457490625
0 0.0 0.294863125 0.0 0.294863125 0.0 0.008402500000000045 0.0 0.008402500000000045
0 0.0 0.70058875 0.0 0.70058875 0.0 0.39044984375 0.0 0.39044984375
0 0.0 1.0 0.0 1.0 0.0 0.8186253125 0.0 0.8186253125
0 0.0 0.535509375 0.0 0.535509375 0.0 0.23313546874999994 0.0 0.23313546874999994
0 0.0 0.3926709375 0.10170625000000015 0.3926709375 0.0 0.18013781249999994 0.10170625000000015 0.18013781249999994
0 0.28912812499999985 0.54981453125 0.3171875 0.54981453125 0.28912812499999985 0.31472468750000004 0.3171875 0.31472468750000004
0 0.0 0.29456609375 0.13830937500000004 0.29456609375 0.0 0.0 0.13830937500000004 0.0
0 0.006993750000000176 0.770165625 0.25345937499999993 0.770165625 0.006993750000000176 0.5187615625 0.25345937499999993 0.5187615625
0 0.0 0.7110028125000001 0.0 0.7110028125000001 0.0 0.48126484375 0.0 0.48126484375
0 0.0 0.1775854687500001 0.14247812499999987 0.1775854687500001 0.0 0.0 0.14247812499999987 0.0
0 0.0 0.09045796875 0.0 0.09045796875 0.0 0.0 0.0 0.0
0 0.0 0.03787906250000006 0.0 0.03787906250000006 0.0 0.0 0.0 0.0
0 0.0 0.55734890625 0.0 0.55734890625 0.0 0.28216515624999994 0.0 0.28216515624999994
0 0.0 0.5436631249999999 0.0 0.5436631249999999 0.0 0.4987859375 0.0 0.4987859375
0 0.0 0.20270312500000004 0.0 0.20270312500000004 0.0 0.0 0.0 0.0
0 0.0 0.501234375 0.15148437500000006 0.501234375 0.0 0.19787 0.15148437500000006 0.19787
0 0.0 0.16828781250000002 0.0 0.16828781250000002 0.0 0.0 0.0 0.0
0 0.0 0.32921453125000005 0.06766562500000006 0.32921453125000005 0.0 0.16418109375000006 0.06766562500000006 0.16418109375000006
0 0.0 0.85396015625 0.0 0.85396015625 0.0 0.61645046875 0.0 0.61645046875
0 0.0 0.82087796875 0.0 0.82087796875 0.0 0.55629984375 0.0 0.55629984375
0 0.0 1.0 0.0 1.0 0.0 0.59479953125 0.0 0.59479953125
0 0.030421875000000043 0.34912031250000003 0.27313125000000016 0.34912031250000003 0.030421875000000043 0.08541109374999997 0.27313125000000016 0.08541109374999997
0 0.0 0.29902187500000005 0.0 0.29902187500000005 0.0 0.22970718750000002 0.0 0.22970718750000002
0 0.0 0.5823690625 0.0 0.5823690625 0.0 0.35029890625000004 0.0 0.35029890625000004
0 0.0 0.4285490625 0.0 0.4285490625 0.0 0.21885562499999994 0.0 0.21885562499999994
