0 0.0 0.7759471875 0.0 0.7759471875 0.0 0.5266153124999999 0.0 0.5266153124999999
0 0.0 0.006312499999999943 0.0 0.006312499999999943 0.0 0.0 0.0 0.0
0 0.0 0.040144687499999956 0.0 0.040144687499999956 0.0 0.0 0.0 0.0
0 0.0 0.83776421875 0.0 0.83776421875 0.0 0.60499046875 0.0 0.60499046875
0 0.0 0.576729375 0.0 0.576729375 0.0 0.31599125000000006 0.0 0.31599125000000006
0 0.0 0.7102353124999999 0.0 0.7102353124999999 0.0 0.3513503125 0.0 0.3513503125
0 0.0 0.7488875 0.0 0.7488875 0.0 0.52140078125 0.0 0.52140078125
0 0.0 0.8825743750000001 0.0 0.8825743750000001 0.0 0.71799328125 0.0 0.71799328125
0 0.0 0.9063740625 0.0 0.9063740625 0.0 0.6365878125 0.0 0.6365878125
0 0.0 0.84330484375 0.0 0.84330484375 0.0 0.66693546875 0.0 0.66693546875
0 0.0 0.1397528124999999 0.0 0.1397528124999999 0.0 0.0 0.0 0.0
0 0.0 0.08759484375 0.0 0.08759484375 0.0 0.0 0.0 0.0
0 0.0 0.76990703125 0.0 0.76990703125 0.0 0.5420003125 0.0 0.5420003125
0 0.0 1.0 0.0 1.0 0.0 0.88038296875 0.0 0.88038296875
0 0.0 0.49639734375 0.0 0.49639734375 0.0 0.18998171875 0.0 0.18998171875
0 0.0 0.03576953125000006 0.0 0.03576953125000006 0.0 0.0 0.0 0.0
0 0.0 0.07061218749999991 0.0 0.07061218749999991 0.0 0.0 0.0 0.0
0 0.0 0.40185515625 0.0 0.40185515625 0.0 0.24777000000000005 0.0 0.24777000000000005
0 0.0 0.48980734375 0.0 0.48980734375 0.0 0.18444656249999997 0.0 0.18444656249999997
0 0.024967187500000064 0.64628546875 0.31121718750000016 0.64628546875 0.024967187500000064 0.36581578124999997 0.31121718750000016 0.36581578124999997
0 0.0 0.9341801562500001 0.0 0.9341801562500001 0.0 0.69312890625 0.0 0.69312890625
0 0.0 0.10545718750000006 0.0 0.10545718750000006 0.0 0.0 0.0 0.0
0 0.0 0.5176390625 0.0 0.5176390625 0.0 0.47201453125 0.0 0.47201453125
0 0.0 0.7574237500000001 0.0 0.7574237500000001 0.0 0.542404375 0.0 0.542404375
0 0.0 1.0 0.0 1.0 0.0 0.966753125 0.0 0.966753125
0 0.0 0.039723749999999926 0.1720515625000001 0.039723749999999926 0.0 0.0 0.1720515625000001 0.0
0 0.05585468750000011 1.0 0.29730937500000004 1.0 0.05585468750000011 0.991814 0.29730937500000004 0.991814
0 0.0 1.0 0.0 1.0 0.0 0.909395 0.0 0.909395
