0 0.1232312499999999 0.0 0.3171875 0.0 0.1232312499999999 0.0 0.3171875 0.0
0 0.0 0.1359375 0.0 0.1359375 0.0 0.01692403124999995 0.0 0.01692403124999995
0 0.0 0.012264515624999995 0.0 0.012264515624999995 0.0 0.0 0.0 0.0
0 0.07511718750000007 0.0 0.2475171875000001 0.0 0.07511718750000007 0.0 0.2475171875000001 0.0
0 0.3169890625000001 0.0 0.3171875 0.0 0.3169890625000001 0.0 0.3171875 0.0
0 0.0 0.0 0.2551484375000001 0.0 0.0 0.0 0.2551484375000001 0.0
0 0.264828125 0.0 0.3171875 0.0 0.264828125 0.0 0.3171875 0.0
0 0.0 0.1359375 0.0 0.1359375 0.0 0.0 0.0 0.0
0 0.2982890625 0.05199218749999997 0.3171875 0.05199218749999997 0.2982890625 0.0 0.3171875 0.0
0 0.2466796875 0.0 0.3171875 0.0 0.2466796875 0.0 0.3171875 0.0
0 0.0 0.1359375 0.0 0.1359375 0.0 0.04386749999999999 0.0 0.04386749999999999
0 0.0 0.0 0.14911562499999995 0.0 0.0 0.0 0.14911562499999995 0.0
0 0.069140625 0.1359375 0.3171875 0.1359375 0.069140625 0.0 0.3171875 0.0
0 0.0 0.1359375 0.0 0.1359375 0.0 0.0 0.0 0.0
