0 0.50304171875 1.0 0.55445953125 1.0 0.50304171875 0.9776723437499999 0.55445953125 0.9776723437499999
0 1.0 0.004803124999999931 1.0 0.004803124999999931 1.0 0.0 1.0 0.0
0 1.0 0.1871104687500001 1.0 0.1871104687500001 1.0 0.019488124999999988 1.0 0.019488124999999988
0 0.28876609375 1.0 0.52987390625 1.0 0.28876609375 0.8666967187499999 0.52987390625 0.8666967187499999
0 0.6187278125 0.8486703125 0.8125745312499999 0.8486703125 0.6187278125 0.6548695312499999 0.8125745312499999 0.6548695312499999
0 1.0 0.07536625000000008 1.0 0.07536625000000008 1.0 0.0 1.0 0.0
0 1.0 0.92996375 1.0 0.92996375 1.0 0.7661435937500001 1.0 0.7661435937500001
0 1.0 1.0 1.0 1.0 1.0 0.78724859375 1.0 0.78724859375
0 0.0 0.758739375 0.062930875 0.758739375 0.0 0.560961875 0.062930875 0.560961875
0 1.0 0.9766784375 1.0 0.9766784375 1.0 0.7239471875 1.0 0.7239471875
0 1.0 0.30217171875000004 1.0 0.30217171875000004 1.0 0.08549703125000008 1.0 0.08549703125000008
0 0.96048921875 1.0 1.0 1.0 0.96048921875 0.7562473437499999 1.0 0.7562473437499999
0 1.0 1.0 1.0 1.0 1.0 0.84002484375 1.0 0.84002484375
0 0.43069171875 0.09825625000000002 0.66632890625 0.09825625000000002 0.43069171875 0.0 0.66632890625 0.0
0 1.0 1.0 1.0 1.0 1.0 0.964110625 1.0 0.964110625
0 0.9859846875 0.10828062500000009 1.0 0.10828062500000009 0.9859846875 0.0 1.0 0.0
0 0.45247609375 0.6028803125 0.67752390625 0.6028803125 0.45247609375 0.37015374999999995 0.67752390625 0.37015374999999995
0 0.023741234375 1.0 0.334013125 1.0 0.023741234375 0.87119578125 0.334013125 0.87119578125
0 0.20795312500000002 0.81927671875 0.276175 0.81927671875 0.20795312500000002 0.75218375 0.276175 0.75218375
0 1.0 0.14757890625000006 1.0 0.14757890625000006 1.0 0.0 1.0 0.0
0 1.0 1.0 1.0 1.0 1.0 0.76766203125 1.0 0.76766203125
0 1.0 0.11709250000000004 1.0 0.11709250000000004 1.0 0.0 1.0 0.0
0 1.0 0.37372796875000003 1.0 0.37372796875000003 1.0 0.31106999999999996 1.0 0.31106999999999996
0 0.52093796875 1.0 0.74901359375 1.0 0.52093796875 0.8745129687500001 0.74901359375 0.8745129687500001
0 1.0 0.79693875 1.0 0.79693875 1.0 0.74369578125 1.0 0.74369578125
0 1.0 0.4883221875 1.0 0.4883221875 1.0 0.28905796875000006 1.0 0.28905796875000006
0 0.5974259375 0.025972968750000013 0.8945296875000001 0.025972968750000013 0.5974259375 0.0 0.8945296875000001 0.0
0 0.043427859375 1.0 0.33550375 1.0 0.043427859375 1.0 0.33550375 1.0
0 0.5776190625 0.44763515624999994 0.8121696875 0.44763515624999994 0.5776190625 0.2132040625 0.8121696875 0.2132040625
0 1.0 0.6089934375 1.0 0.6089934375 1.0 0.437876875 1.0 0.437876875
0 0.62484953125 0.3869034375 0.9297871875 0.3869034375 0.62484953125 0.08112234375000008 0.9297871875 0.08112234375000008
0 0.16647625 0.32225484375 0.45037312500000004 0.32225484375 0.16647625 0.04311640625000006 0.45037312500000004 0.04311640625000006
0 0.22252468749999998 0.98794696875 0.48014999999999997 0.98794696875 0.22252468749999998 0.73429828125 0.48014999999999997 0.73429828125
0 1.0 0.9240901562499999 1.0 0.9240901562499999 1.0 0.6778884374999999 1.0 0.6778884374999999
0 1.0 0.7964453125000001 1.0 0.7964453125000001 1.0 0.55542765625 1.0 0.55542765625
0 0.09780243749999999 0.8743396875 0.14153834375000002 0.8743396875 0.09780243749999999 0.83288671875 0.14153834375000002 0.83288671875
0 1.0 0.8258571874999999 1.0 0.8258571874999999 1.0 0.515938125 1.0 0.515938125
0 1.0 0.13795390624999992 1.0 0.13795390624999992 1.0 0.0 1.0 0.0
0 0.54987609375 1.0 0.84579109375 1.0 0.54987609375 1.0 0.84579109375 1.0
