0 1.0 0.97709765625 1.0 0.97709765625 1.0 0.67915125 1.0 0.67915125
0 0.7561484374999999 1.0 1.0 1.0 0.7561484374999999 0.8264471875 1.0 0.8264471875
0 1.0 1.0 1.0 1.0 1.0 0.7958834375 1.0 0.7958834375
0 0.0 0.5512467187500001 0.0 0.5512467187500001 0.0 0.34801546875 0.0 0.34801546875
0 0.3602089062499999 0.16711640625000007 0.5783953125 0.16711640625000007 0.3602089062499999 0.0 0.5783953125 0.0
0 0.53427796875 0.9095351562499999 0.8443265624999998 0.9095351562499999 0.53427796875 0.603286875 0.8443265624999998 0.603286875
0 0.0 0.772571875 0.040711718750000084 0.772571875 0.0 0.32892124999999994 0.040711718750000084 0.32892124999999994
0 0.0 0.2589365624999999 0.0 0.2589365624999999 0.0 0.0011556249999999935 0.0 0.0011556249999999935
0 0.0 0.14795265625000004 0.0 0.14795265625000004 0.0 0.0 0.0 0.0
0 0.07198406249999997 0.60909484375 0.3042957812499999 0.60909484375 0.07198406249999997 0.37196796875000004 0.3042957812499999 0.37196796875000004
0 0.1298081249999999 0.31781500000000007 0.36468500000000004 0.31781500000000007 0.1298081249999999 0.08303937500000007 0.36468500000000004 0.08303937500000007
0 0.40899593749999996 0.16425968750000006 0.7079625 0.16425968750000006 0.40899593749999996 0.0 0.7079625 0.0
0 0.09633203125000005 0.161820625 0.30932203124999996 0.161820625 0.09633203125000005 0.0 0.30932203124999996 0.0
0 0.0 0.69177171875 0.0 0.69177171875 0.0 0.542760625 0.0 0.542760625
0 0.0 0.041731562500000055 0.0 0.041731562500000055 0.0 0.0 0.0 0.0
0 0.837453125 0.0868096875000001 1.0 0.0868096875000001 0.837453125 0.0 1.0 0.0
0 1.0 0.69309078125 1.0 0.69309078125 1.0 0.62779171875 1.0 0.62779171875
0 0.0 0.034541562499999935 0.06525828125000004 0.034541562499999935 0.0 0.0 0.06525828125000004 0.0
0 0.0 0.8891290625 0.0 0.8891290625 0.0 0.62508984375 0.0 0.62508984375
0 0.5400065625 1.0 0.7161281249999998 1.0 0.5400065625 1.0 0.7161281249999998 1.0
0 0.0 0.7529534375 0.0 0.7529534375 0.0 0.45012109375 0.0 0.45012109375
0 0.0 0.73463109375 0.0 0.73463109375 0.0 0.429385625 0.0 0.429385625
0 0.0 0.9178248437500001 0.0 0.9178248437500001 0.0 0.8695243749999999 0.0 0.8695243749999999
0 0.69891875 0.07729625000000002 0.9190546874999999 0.07729625000000002 0.69891875 0.0 0.9190546874999999 0.0
0 0.0 0.45178250000000003 0.0 0.45178250000000003 0.0 0.15841062499999997 0.0 0.15841062499999997
0 0.7323968749999998 0.27866625 0.9601500000000002 0.27866625 0.7323968749999998 0.04475281249999998 0.9601500000000002 0.04475281249999998
0 0.0 0.5065675 0.2925104687499999 0.5065675 0.0 0.20925984374999995 0.2925104687499999 0.20925984374999995
0 0.0 1.0 0.1294932812500001 1.0 0.0 1.0 0.1294932812500001 1.0
0 0.0 0.9099178125 0.0 0.9099178125 0.0 0.6138325 0.0 0.6138325
0 0.2742771875000001 0.9889557812499999 0.6107921874999999 0.9889557812499999 0.2742771875000001 0.6384285937499999 0.6107921874999999 0.6384285937499999
0 0.594025 1.0 0.8264250000000001 1.0 0.594025 1.0 0.8264250000000001 1.0
