0 0.2376309375 0.0 0.29701062500000003 0.0 0.2376309375 0.0 0.29701062500000003 0.0
0 1.0 0.1359375 1.0 0.1359375 1.0 0.0 1.0 0.0
0 1.0 0.10279071875000004 1.0 0.10279071875000004 1.0 0.0 1.0 0.0
0 0.713556875 0.1359375 0.9465484375000001 0.1359375 0.713556875 0.0 0.9465484375000001 0.0
0 1.0 0.1359375 1.0 0.1359375 1.0 0.080186265625 1.0 0.080186265625
0 1.0 0.1359375 1.0 0.1359375 1.0 0.0 1.0 0.0
0 0.5240353125 0.0 0.6505775 0.0 0.5240353125 0.0 0.6505775 0.0
0 0.889590625 0.0 1.0 0.0 0.889590625 0.0 1.0 0.0
0 0.0 0.0007208750000000208 0.13378070312499998 0.0007208750000000208 0.0 0.0 0.13378070312499998 0.0
0 0.7347878125 0.0 0.97592484375 0.0 0.7347878125 0.0 0.97592484375 0.0
0 0.46791046875 0.0 0.70921671875 0.0 0.46791046875 0.0 0.70921671875 0.0
0 0.4420453125 0.0 0.67708046875 0.0 0.4420453125 0.0 0.67708046875 0.0
0 1.0 0.1359375 1.0 0.1359375 1.0 0.10297045312499993 1.0 0.10297045312499993
0 0.68351375 0.1359375 0.92579046875 0.1359375 0.68351375 0.05400770312500001 0.92579046875 0.05400770312500001
0 1.0 0.1359375 1.0 0.1359375 1.0 0.0 1.0 0.0
0 0.5585885937499999 0.09566268749999995 0.7574340625 0.09566268749999995 0.5585885937499999 0.0 0.7574340625 0.0
0 0.90936953125 0.1359375 1.0 0.1359375 0.90936953125 0.12327861718750004 1.0 0.12327861718750004
0 0.4521740625 0.0 0.65711625 0.0 0.4521740625 0.0 0.65711625 0.0
0 0.0 0.0 0.059838078125000006 0.0 0.0 0.0 0.059838078125000006 0.0
