0 0.19105468750000015 0.0 0.3171875 0.0 0.19105468750000015 0.0 0.3171875 0.0
0 0.16166093749999993 0.0 0.3171875 0.0 0.16166093749999993 0.0 0.3171875 0.0
0 0.0 0.1359375 0.0 0.1359375 0.0 0.020266921874999965 0.0 0.020266921874999965
0 0.0 0.0 0.2131 0.0 0.0 0.0 0.2131 0.0
0 0.0 0.1359375 0.0 0.1359375 0.0 0.1336429953125 0.0 0.1336429953125
0 0.0 0.0 0.22078593750000017 0.0 0.0 0.0 0.22078593750000017 0.0
0 0.0 0.0 0.11845781250000016 0.0 0.0 0.0 0.11845781250000016 0.0
0 0.1076578125000001 0.1359375 0.3171875 0.1359375 0.1076578125000001 0.0 0.3171875 0.0
0 0.0 0.07296140624999996 0.0 0.07296140624999996 0.0 0.0 0.0 0.0
0 0.0 0.0 0.14610937499999999 0.0 0.0 0.0 0.14610937499999999 0.0
0 0.0 0.1359375 0.0 0.1359375 0.0 0.09292571874999993 0.0 0.09292571874999993
0 0.0453578125 0.0 0.28541249999999996 0.0 0.0453578125 0.0 0.28541249999999996 0.0
0 0.0 0.1359375 0.0 0.1359375 0.0 0.049062796874999925 0.0 0.049062796874999925
0 0.10794218750000013 0.0 0.3171875 0.0 0.10794218750000013 0.0 0.3171875 0.0
0 0.0 0.0 0.14320781250000003 0.0 0.0 0.0 0.14320781250000003 0.0
0 0.0 0.0 0.11490312500000002 0.0 0.0 0.0 0.11490312500000002 0.0
0 0.0 0.1359375 0.0 0.1359375 0.0 0.0 0.0 0.0
0 0.0 0.11986204687500006 0.0 0.11986204687500006 0.0 0.0 0.0 0.0
0 0.0 0.0 0.26491093749999983 0.0 0.0 0.0 0.26491093749999983 0.0
0 0.0 0.1359375 0.0 0.1359375 0.0 0.0 0.0 0.0
