0 0.0 0.6851640625 0.0 0.6851640625 0.0 0.44962234375000004 0.0 0.44962234375000004
0 0.0 0.6515785937499999 0.0 0.6515785937499999 0.0 0.34680734375 0.0 0.34680734375
0 0.0 0.62023109375 0.0 0.62023109375 0.0 0.31157625000000005 0.0 0.31157625000000005
0 0.0 0.73781 0.0 0.73781 0.0 0.5985421875 0.0 0.5985421875
0 0.19105468750000015 0.35522484375 0.3171875 0.35522484375 0.19105468750000015 0.10696281249999995 0.3171875 0.10696281249999995
0 0.16166093749999993 0.36195781250000003 0.3171875 0.36195781250000003 0.16166093749999993 0.10086218749999994 0.3171875 0.10086218749999994
0 0.0 0.7585270312500001 0.0 0.7585270312500001 0.0 0.59986390625 0.0 0.59986390625
0 0.0 0.64916 0.0 0.64916 0.0 0.4767234375 0.0 0.4767234375
0 0.0 0.9684395312499999 0.0 0.9684395312499999 0.0 0.67390375 0.0 0.67390375
0 0.0 0.21818671875 0.0 0.21818671875 0.0 0.04397609374999991 0.0 0.04397609374999991
0 0.0 0.8487889062499999 0.2131 0.8487889062499999 0.0 0.53997390625 0.2131 0.53997390625
0 0.0 0.56580875 0.0 0.56580875 0.0 0.3885021875 0.0 0.3885021875
0 0.0 0.6665670312499999 0.0 0.6665670312499999 0.0 0.589398125 0.0 0.589398125
0 0.0 0.38639984375 0.0 0.38639984375 0.0 0.30725015624999996 0.0 0.30725015624999996
0 0.0 0.17940734374999998 0.22078593750000017 0.17940734374999998 0.0 0.0 0.22078593750000017 0.0
0 0.0 0.010023906250000002 0.11845781250000016 0.010023906250000002 0.0 0.0 0.11845781250000016 0.0
0 0.0 0.9322120312500001 0.0 0.9322120312500001 0.0 0.70851046875 0.0 0.70851046875
0 0.0 0.8596715625 0.0 0.8596715625 0.0 0.8077635937500001 0.0 0.8077635937500001
0 0.1076578125000001 1.0 0.3171875 1.0 0.1076578125000001 0.975579375 0.3171875 0.975579375
0 0.0 0.65845015625 0.0 0.65845015625 0.0 0.42376250000000004 0.0 0.42376250000000004
0 0.0 0.31498687499999994 0.0 0.31498687499999994 0.0 0.11426796874999993 0.0 0.11426796874999993
0 0.0 0.07131749999999996 0.0 0.07131749999999996 0.0 0.019706874999999967 0.0 0.019706874999999967
0 0.0 1.0 0.0 1.0 0.0 0.84678953125 0.0 0.84678953125
0 0.0 0.8093882812500001 0.14610937499999999 0.8093882812500001 0.0 0.523629375 0.14610937499999999 0.523629375
0 0.0 0.35204953124999994 0.0 0.35204953124999994 0.0 0.094713125 0.0 0.094713125
0 0.0 0.26202453124999997 0.0 0.26202453124999997 0.0 0.0 0.0 0.0
0 0.0453578125 0.96146421875 0.28541249999999996 0.96146421875 0.0453578125 0.72461796875 0.28541249999999996 0.72461796875
0 0.0 0.9609043749999999 0.0 0.9609043749999999 0.0 0.90651546875 0.0 0.90651546875
0 0.0 0.52624796875 0.0 0.52624796875 0.0 0.21985671875 0.0 0.21985671875
0 0.0 0.8325896875 0.0 0.8325896875 0.0 0.53577546875 0.0 0.53577546875
0 0.0 0.7898359375 0.0 0.7898359375 0.0 0.49551890624999995 0.0 0.49551890624999995
0 0.10794218750000013 0.04650625000000001 0.3171875 0.04650625000000001 0.10794218750000013 0.0 0.3171875 0.0
0 0.0 0.27412703124999993 0.14320781250000003 0.27412703124999993 0.0 0.03999656250000001 0.14320781250000003 0.03999656250000001
0 0.0 0.38207281249999997 0.0 0.38207281249999997 0.0 0.08757656249999997 0.0 0.08757656249999997
0 0.0 0.65458078125 0.0 0.65458078125 0.0 0.466170625 0.0 0.466170625
0 0.0 0.44713453124999997 0.0 0.44713453124999997 0.0 0.3256684375000001 0.0 0.3256684375000001
0 0.0 0.5867490625 0.0 0.5867490625 0.0 0.3057732812499999 0.0 0.3057732812499999
0 0.0 0.1480928125 0.11490312500000002 0.1480928125 0.0 0.0 0.11490312500000002 0.0
0 0.0 0.87343921875 0.0 0.87343921875 0.0 0.61276796875 0.0 0.61276796875
0 0.0 1.0 0.0 1.0 0.0 0.9341348437500001 0.0 0.9341348437500001
0 0.0 1.0 0.0 1.0 0.0 0.8909800000000001 0.0 0.8909800000000001
0 0.0 0.22884515625000007 0.0 0.22884515625000007 0.0 0.0 0.0 0.0
0 0.0 0.93173546875 0.0 0.93173546875 0.0 0.87533828125 0.0 0.87533828125
0 0.0 0.63614953125 0.26491093749999983 0.63614953125 0.0 0.2790764062499999 0.26491093749999983 0.2790764062499999
0 0.0 1.0 0.0 1.0 0.0 0.9478992187499999 0.0 0.9478992187499999
