0 0.0 0.0 0.16513375 0.0 0.0 0.0 0.16513375 0.0
0 0.5189815624999999 0.0 0.825404375 0.0 0.5189815624999999 0.0 0.825404375 0.0
0 0.7839209375 0.0 0.95403796875 0.0 0.7839209375 0.0 0.95403796875 0.0
0 0.91879875 0.1359375 1.0 0.1359375 0.91879875 0.020266921874999965 1.0 0.020266921874999965
0 0.042127484375 0.1359375 0.20791421875 0.1359375 0.042127484375 0.1336429953125 0.20791421875 0.1336429953125
0 0.8977325 0.0 0.97671609375 0.0 0.8977325 0.0 0.97671609375 0.0
0 0.20148953125000002 0.0 0.4253215625 0.0 0.20148953125000002 0.0 0.4253215625 0.0
0 0.8219928124999999 0.0 0.87521671875 0.0 0.8219928124999999 0.0 0.87521671875 0.0
0 1.0 0.1359375 1.0 0.1359375 1.0 0.0 1.0 0.0
0 0.0 0.0 0.10066953125 0.0 0.0 0.0 0.10066953125 0.0
0 0.8879637499999999 0.0 0.9380790625 0.0 0.8879637499999999 0.0 0.9380790625 0.0
0 1.0 0.07296140624999996 1.0 0.07296140624999996 1.0 0.0 1.0 0.0
0 0.28032734375 0.1359375 0.45755671875 0.1359375 0.28032734375 0.09292571874999993 0.45755671875 0.09292571874999993
0 0.26735171874999997 0.0 0.53217140625 0.0 0.26735171874999997 0.0 0.53217140625 0.0
0 0.0 0.0 0.20984656249999997 0.0 0.0 0.0 0.20984656249999997 0.0
0 0.4290246875 0.1359375 0.59385875 0.1359375 0.4290246875 0.049062796874999925 0.59385875 0.049062796874999925
0 0.3292946875 0.0 0.6101356250000001 0.0 0.3292946875 0.0 0.6101356250000001 0.0
0 0.5803295312500001 0.0 0.88439671875 0.0 0.5803295312500001 0.0 0.88439671875 0.0
0 0.38230421875 0.0 0.60022078125 0.0 0.38230421875 0.0 0.60022078125 0.0
0 0.13323603125 0.0 0.26648546875 0.0 0.13323603125 0.0 0.26648546875 0.0
0 0.465750625 0.0 0.7347890625 0.0 0.465750625 0.0 0.7347890625 0.0
0 0.192525 0.1359375 0.42712609375 0.1359375 0.192525 0.0 0.42712609375 0.0
0 0.0 0.11986204687500006 0.22724265625 0.11986204687500006 0.0 0.0 0.22724265625 0.0
0 1.0 0.1359375 1.0 0.1359375 1.0 0.0 1.0 0.0
