0 1.0 0.1359375 1.0 0.1359375 1.0 0.0 1.0 0.0
0 1.0 0.017935750000000007 1.0 0.017935750000000007 1.0 0.0 1.0 0.0
0 0.084775828125 0.0 0.380473125 0.0 0.084775828125 0.0 0.380473125 0.0
0 0.25305890625 0.1359375 0.414493125 0.1359375 0.25305890625 0.051107234374999956 0.414493125 0.051107234374999956
0 0.95226015625 0.1359375 1.0 0.1359375 0.95226015625 0.13458888531250005 1.0 0.13458888531250005
0 0.46470874999999995 0.1359375 0.7298312499999999 0.1359375 0.46470874999999995 0.0 0.7298312499999999 0.0
0 0.0 0.0 0.123333375 0.0 0.0 0.0 0.123333375 0.0
0 0.43837828125 0.0 0.58414828125 0.0 0.43837828125 0.0 0.58414828125 0.0
0 0.23098109375 0.0 0.44736765624999997 0.0 0.23098109375 0.0 0.44736765624999997 0.0
0 0.94679 0.1359375 1.0 0.1359375 0.94679 0.06544067187499998 1.0 0.06544067187499998
0 0.6283307812500001 0.0 0.815811875 0.0 0.6283307812500001 0.0 0.815811875 0.0
0 0.8457987499999999 0.0 1.0 0.0 0.8457987499999999 0.0 1.0 0.0
0 0.74564203125 0.10243771875000007 0.98155578125 0.10243771875000007 0.74564203125 0.0 0.98155578125 0.0
0 0.17767109375 0.1359375 0.438754375 0.1359375 0.17767109375 0.0 0.438754375 0.0
0 0.42661953124999996 0.0015374218750000778 0.599641875 0.0015374218750000778 0.42661953124999996 0.0 0.599641875 0.0
0 0.5838599999999999 0.1359375 0.8197428125 0.1359375 0.5838599999999999 0.12836720937500007 0.8197428125 0.12836720937500007
0 0.5025318750000001 0.0 0.7940442187500001 0.0 0.5025318750000001 0.0 0.7940442187500001 0.0
0 0.0 0.0 0.08994678125 0.0 0.0 0.0 0.08994678125 0.0
0 0.0 0.0 0.2435 0.0 0.0 0.0 0.2435 0.0
0 0.8760131250000001 0.1359375 1.0 0.1359375 0.8760131250000001 0.0 1.0 0.0
