0 0.09660484374999996 0.0 0.33225078124999996 0.0 0.09660484374999996 0.0 0.33225078124999996 0.0
0 0.5659515624999999 0.0 0.6942218749999999 0.0 0.5659515624999999 0.0 0.6942218749999999 0.0
0 0.09077734374999995 0.0 0.2550445312500001 0.0 0.09077734374999995 0.0 0.2550445312500001 0.0
0 0.0 0.1359375 0.12617265625 0.1359375 0.0 0.020266921874999965 0.12617265625 0.020266921874999965
0 0.5903546875 0.0 0.8892328124999999 0.0 0.5903546875 0.0 0.8892328124999999 0.0
0 0.25495984375 0.0 0.43167109375 0.0 0.25495984375 0.0 0.43167109375 0.0
0 0.9023734375 0.0 1.0 0.0 0.9023734375 0.0 1.0 0.0
0 0.6667453125000001 0.0 0.8426500000000001 0.0 0.6667453125000001 0.0 0.8426500000000001 0.0
0 0.0 0.1359375 0.0 0.1359375 0.0 0.1336429953125 0.0 0.1336429953125
0 0.7241031249999998 0.0 0.8007859374999999 0.0 0.7241031249999998 0.0 0.8007859374999999 0.0
0 0.9142484374999998 0.0 1.0 0.0 0.9142484374999998 0.0 1.0 0.0
0 0.8401968750000002 0.0 1.0 0.0 0.8401968750000002 0.0 1.0 0.0
0 1.0 0.1359375 1.0 0.1359375 1.0 0.0 1.0 0.0
0 0.27736921875 0.0 0.48657890624999994 0.0 0.27736921875 0.0 0.48657890624999994 0.0
0 0.1356003125000001 0.07296140624999996 0.35242874999999996 0.07296140624999996 0.1356003125000001 0.0 0.35242874999999996 0.0
0 0.8550578125000001 0.0 1.0 0.0 0.8550578125000001 0.0 1.0 0.0
0 0.0 0.1359375 0.0 0.1359375 0.0 0.09292571874999993 0.0 0.09292571874999993
0 0.08945968749999995 0.0 0.4021028125000001 0.0 0.08945968749999995 0.0 0.4021028125000001 0.0
0 0.8957750000000001 0.0 0.9491093750000001 0.0 0.8957750000000001 0.0 0.9491093750000001 0.0
0 0.23450875 0.0 0.5406265625 0.0 0.23450875 0.0 0.5406265625 0.0
0 0.0 0.1359375 0.0 0.1359375 0.0 0.049062796874999925 0.0 0.049062796874999925
0 0.9162812500000002 0.0 1.0 0.0 0.9162812500000002 0.0 1.0 0.0
0 0.4420828125 0.0 0.7276578125000001 0.0 0.4420828125 0.0 0.7276578125000001 0.0
0 0.8852687499999998 0.0 1.0 0.0 0.8852687499999998 0.0 1.0 0.0
0 0.0 0.1359375 0.0 0.1359375 0.0 0.0 0.0 0.0
0 0.0 0.11986204687500006 0.0 0.11986204687500006 0.0 0.0 0.0 0.0
0 0.031730468750000004 0.0 0.32964843750000006 0.0 0.031730468750000004 0.0 0.32964843750000006 0.0
0 0.4191421875 0.0 0.47507140625 0.0 0.4191421875 0.0 0.47507140625 0.0
0 0.8947156249999999 0.0 1.0 0.0 0.8947156249999999 0.0 1.0 0.0
0 0.4159853125 0.1359375 0.6590390625000001 0.1359375 0.4159853125 0.0 0.6590390625000001 0.0
