0 1.0 0.1359375 1.0 0.1359375 1.0 0.046537921874999985 1.0 0.046537921874999985
0 0.8376554687500001 0.0 1.0 0.0 0.8376554687500001 0.0 1.0 0.0
0 0.7648270312500001 0.1359375 1.0 0.1359375 0.7648270312500001 0.0 1.0 0.0
0 0.17375968749999998 0.0 0.62544203125 0.0 0.17375968749999998 0.0 0.62544203125 0.0
0 0.5059735937500001 0.07818434374999991 0.6743742187499999 0.07818434374999991 0.5059735937500001 0.0 0.6743742187499999 0.0
0 0.092500578125 0.1359375 0.52416921875 0.1359375 0.092500578125 0.0 0.52416921875 0.0
0 1.0 0.1359375 1.0 0.1359375 1.0 0.08890298437500004 1.0 0.08890298437500004
0 0.49651484375 0.1359375 0.904585625 0.1359375 0.49651484375 0.05671376562500008 0.904585625 0.05671376562500008
0 1.0 0.03611957812500002 1.0 0.03611957812500002 1.0 0.0 1.0 0.0
0 1.0 0.1359375 1.0 0.1359375 1.0 0.13565251828125008 1.0 0.13565251828125008
0 0.99912765625 0.0 1.0 0.0 0.99912765625 0.0 1.0 0.0
0 0.3349071875 0.0 0.51235609375 0.0 0.3349071875 0.0 0.51235609375 0.0
0 0.60401359375 0.0 0.9038026562500001 0.0 0.60401359375 0.0 0.9038026562500001 0.0
0 0.5026556249999999 0.1359375 0.7586689062499999 0.1359375 0.5026556249999999 0.00789275000000007 0.7586689062499999 0.00789275000000007
0 0.76719953125 0.0 1.0 0.0 0.76719953125 0.0 1.0 0.0
0 1.0 0.1359375 1.0 0.1359375 1.0 0.0 1.0 0.0
0 0.16280828125 0.022569796874999958 0.46926625 0.022569796874999958 0.16280828125 0.0 0.46926625 0.0
0 1.0 0.1359375 1.0 0.1359375 1.0 0.13543592687500006 1.0 0.13543592687500006
0 0.0 0.0 0.1572546875 0.0 0.0 0.0 0.1572546875 0.0
0 0.137306046875 0.0 0.36458328125 0.0 0.137306046875 0.0 0.36458328125 0.0
0 0.18282515625 0.0 0.49424234375 0.0 0.18282515625 0.0 0.49424234375 0.0
