0 0.8617046875 0.07859937499999994 1.0 0.07859937499999994 0.8617046875 0.0 1.0 0.0
0 0.0 0.44189640625 0.0 0.44189640625 0.0 0.3043481249999999 0.0 0.3043481249999999
0 0.16687968749999998 0.71036828125 0.2442265624999999 0.71036828125 0.16687968749999998 0.63356453125 0.2442265624999999 0.63356453125
0 0.0 0.5545848437500001 0.0 0.5545848437500001 0.0 0.26263375 0.0 0.26263375
0 1.0 0.82323796875 1.0 0.82323796875 1.0 0.76998625 1.0 0.76998625
0 0.0 0.04442453124999997 0.0 0.04442453124999997 0.0 0.0 0.0 0.0
0 0.49302609375 0.28912593750000004 0.5724937499999999 0.28912593750000004 0.49302609375 0.20972703124999992 0.5724937499999999 0.20972703124999992
0 0.8256062499999999 0.5108340625000001 1.0 0.5108340625000001 0.8256062499999999 0.25660390624999996 1.0 0.25660390624999996
0 0.2715459375 0.060458906250000055 0.42818187499999993 0.060458906250000055 0.2715459375 0.0 0.42818187499999993 0.0
0 0.0 1.0 0.0 1.0 0.0 0.83717203125 0.0 0.83717203125
0 1.0 0.68656375 1.0 0.68656375 1.0 0.34894703125 1.0 0.34894703125
0 0.0 0.8815551562499999 0.0 0.8815551562499999 0.0 0.8036589062499999 0.0 0.8036589062499999
0 1.0 0.516111875 1.0 0.516111875 1.0 0.26028078125 1.0 0.26028078125
0 0.33787218750000003 1.0 0.6424703125000001 1.0 0.33787218750000003 1.0 0.6424703125000001 1.0
0 0.18043234375000008 0.571738125 0.33007187499999996 0.571738125 0.18043234375000008 0.40681593749999995 0.33007187499999996 0.40681593749999995
0 0.0 0.28021906249999995 0.0 0.28021906249999995 0.0 0.07904468750000007 0.0 0.07904468750000007
0 1.0 0.93717609375 1.0 0.93717609375 1.0 0.7420715625 1.0 0.7420715625
0 0.0 0.52001375 0.0 0.52001375 0.0 0.44478453125 0.0 0.44478453125
0 0.7100421874999998 1.0 0.8836609374999999 1.0 0.7100421874999998 0.9827872187500001 0.8836609374999999 0.9827872187500001
0 0.9257859374999999 0.12232453124999995 1.0 0.12232453124999995 0.9257859374999999 0.0 1.0 0.0
0 0.0 0.4380215625 0.0 0.4380215625 0.0 0.18308156249999996 0.0 0.18308156249999996
0 0.0 1.0 0.0 1.0 0.0 0.85937546875 0.0 0.85937546875
0 0.0 0.34287671875000003 0.0 0.34287671875000003 0.0 0.09404265625000008 0.0 0.09404265625000008
0 0.0 0.11026578125000004 0.0 0.11026578125000004 0.0 0.0 0.0 0.0
0 0.0 0.027108437499999916 0.0 0.027108437499999916 0.0 0.0 0.0 0.0
0 0.0 0.54442546875 0.0 0.54442546875 0.0 0.27983484374999995 0.0 0.27983484374999995
0 0.7390843749999998 0.12984124999999996 0.9070046875 0.12984124999999996 0.7390843749999998 0.0 0.9070046875 0.0
0 0.0 0.86888234375 0.0 0.86888234375 0.0 0.59855828125 0.0 0.59855828125
