0 1.0 0.012583406250000095 1.0 0.012583406250000095 1.0 0.0 1.0 0.0
0 0.3281596875 0.1359375 0.7121937500000002 0.1359375 0.3281596875 0.0 0.7121937500000002 0.0
0 0.6267062500000001 0.0 0.8803625 0.0 0.6267062500000001 0.0 0.8803625 0.0
0 0.3025415625000001 0.1359375 0.598153125 0.1359375 0.3025415625000001 0.03700406249999997 0.598153125 0.03700406249999997
0 0.7043671875000002 0.0 0.9527906250000001 0.0 0.7043671875000002 0.0 0.9527906250000001 0.0
0 0.5545518749999999 0.0 0.7221640624999999 0.0 0.5545518749999999 0.0 0.7221640624999999 0.0
0 0.27904593749999995 0.1359375 0.49914000000000003 0.1359375 0.27904593749999995 0.011083125000000037 0.49914000000000003 0.011083125000000037
0 0.6629609375000001 0.022367843750000026 0.862034375 0.022367843750000026 0.6629609375000001 0.0 0.862034375 0.0
0 0.08730890625000001 0.11212435937500001 0.3144340625 0.11212435937500001 0.08730890625000001 0.0 0.3144340625 0.0
0 0.92674375 0.0 1.0 0.0 0.92674375 0.0 1.0 0.0
0 0.17223296875000002 0.0 0.45994875 0.0 0.17223296875000002 0.0 0.45994875 0.0
0 0.26422046874999994 0.0 0.32374796875000006 0.0 0.26422046874999994 0.0 0.32374796875000006 0.0
0 0.0 0.0 0.0040181249999999835 0.0 0.0 0.0 0.0040181249999999835 0.0
0 0.29608140625000007 0.0 0.5834359375 0.0 0.29608140625000007 0.0 0.5834359375 0.0
0 0.0 0.0 0.04815078125000003 0.0 0.0 0.0 0.04815078125000003 0.0
0 0.3432496875 0.0 0.6457796874999999 0.0 0.3432496875 0.0 0.6457796874999999 0.0
0 0.5894921875 0.0 0.9955359375 0.0 0.5894921875 0.0 0.9955359375 0.0
0 0.7902953125 0.1359375 1.0 0.1359375 0.7902953125 0.08081674999999997 1.0 0.08081674999999997
0 0.9156046875000001 0.0 1.0 0.0 0.9156046875000001 0.0 1.0 0.0
0 0.21771093750000006 0.0 0.3935351562499999 0.0 0.21771093750000006 0.0 0.3935351562499999 0.0
0 0.0 0.0 0.29761562500000005 0.0 0.0 0.0 0.29761562500000005 0.0
0 0.10632343750000003 0.0 0.28313734375 0.0 0.10632343750000003 0.0 0.28313734375 0.0
0 0.0 0.1359375 0.0 0.1359375 0.0 0.0 0.0 0.0
0 1.0 0.1359375 1.0 0.1359375 1.0 0.0 1.0 0.0
0 0.0 0.1359375 0.0 0.1359375 0.0 0.0 0.0 0.0
0 1.0 0.1359375 1.0 0.1359375 1.0 0.0 1.0 0.0
0 0.3027875 0.1359375 0.6083484375000001 0.1359375 0.3027875 0.07420976562499995 0.6083484375000001 0.07420976562499995
0 0.0 0.1359375 0.0 0.1359375 0.0 0.13307087343749996 0.0 0.13307087343749996
0 0.16666875 0.0 0.3968370312499999 0.0 0.16666875 0.0 0.3968370312499999 0.0
0 0.07375140625000007 0.051636375 0.33728953125000005 0.051636375 0.07375140625000007 0.0 0.33728953125000005 0.0
0 0.0 0.10668170312500003 0.0 0.10668170312500003 0.0 0.0 0.0 0.0
