0 0.0 0.23040374999999996 0.21306875000000006 0.23040374999999996 0.0 0.004214999999999946 0.21306875000000006 0.004214999999999946
0 0.0 0.43485234375 0.0 0.43485234375 0.0 0.0 0.0 0.0
0 0.0 0.016499375000000073 0.0 0.016499375000000073 0.0 0.0 0.0 0.0
0 0.0 0.5635656250000001 0.0 0.5635656250000001 0.0 0.50743453125 0.0 0.50743453125
0 0.0 1.0 0.0 1.0 0.0 0.812280625 0.0 0.812280625
0 0.0 1.0 0.0 1.0 0.0 0.9969931875 0.0 0.9969931875
0 0.0 1.0 0.0 1.0 0.0 0.8209696875000001 0.0 0.8209696875000001
0 0.0 0.24738765624999992 0.0 0.24738765624999992 0.0 0.09232062499999998 0.0 0.09232062499999998
0 0.0 0.94654734375 0.0 0.94654734375 0.0 0.638250625 0.0 0.638250625
0 0.06559999999999988 0.49638453125000004 0.3128609375 0.49638453125000004 0.06559999999999988 0.23455593750000006 0.3128609375 0.23455593750000006
0 0.0 0.5661651562500001 0.0 0.5661651562500001 0.0 0.33991437500000005 0.0 0.33991437500000005
0 0.22021718750000013 0.52624296875 0.3171875 0.52624296875 0.22021718750000013 0.10074093749999999 0.3171875 0.10074093749999999
0 0.0 0.7302653125 0.0 0.7302653125 0.0 0.6852671875 0.0 0.6852671875
0 0.0 0.22925656249999998 0.0 0.22925656249999998 0.0 0.10254843749999995 0.0 0.10254843749999995
0 0.0 1.0 0.0 1.0 0.0 0.9032934375 0.0 0.9032934375
0 0.0 0.54449625 0.0 0.54449625 0.0 0.30413156249999995 0.0 0.30413156249999995
0 0.1441218750000001 0.26640703125 0.3171875 0.26640703125 0.1441218750000001 0.0 0.3171875 0.0
0 0.0 1.0 0.0 1.0 0.0 0.97535703125 0.0 0.97535703125
0 0.0 0.5441914062500001 0.0 0.5441914062500001 0.0 0.3059404687500001 0.0 0.3059404687500001
0 0.0 0.1543853125 0.0 0.1543853125 0.0 0.0 0.0 0.0
0 0.0 0.17939406249999995 0.0 0.17939406249999995 0.0 0.0 0.0 0.0
0 0.0 0.15982234374999998 0.0 0.15982234374999998 0.0 0.0 0.0 0.0
0 0.0 0.09063031250000009 0.0 0.09063031250000009 0.0 0.03537703125 0.0 0.03537703125
0 0.0 0.20862718749999995 0.0 0.20862718749999995 0.0 0.0 0.0 0.0
0 0.0 1.0 0.0 1.0 0.0 0.9002439062500001 0.0 0.9002439062500001
0 0.0 0.52043953125 0.0 0.52043953125 0.0 0.26405609375 0.0 0.26405609375
0 0.0 0.276669375 0.0 0.276669375 0.0 0.03965609375000003 0.0 0.03965609375000003
0 0.0 1.0 0.0 1.0 0.0 0.916604375 0.0 0.916604375
0 0.0760562499999999 0.9726171875 0.3171875 0.9726171875 0.0760562499999999 0.66836671875 0.3171875 0.66836671875
