0 0.0 0.07859937499999994 0.034859374999999915 0.07859937499999994 0.0 0.0 0.034859374999999915 0.0
0 0.0 0.44189640625 0.0 0.44189640625 0.0 0.3043481249999999 0.0 0.3043481249999999
0 0.0 0.71036828125 0.0 0.71036828125 0.0 0.63356453125 0.0 0.63356453125
0 0.0 0.5545848437500001 0.0 0.5545848437500001 0.0 0.26263375 0.0 0.26263375
0 0.171425 0.82323796875 0.22341875000000008 0.82323796875 0.171425 0.76998625 0.22341875000000008 0.76998625
0 0.0 0.04442453124999997 0.0 0.04442453124999997 0.0 0.0 0.0 0.0
0 0.0 0.28912593750000004 0.0 0.28912593750000004 0.0 0.20972703124999992 0.0 0.20972703124999992
0 0.0 0.5108340625000001 0.09163749999999986 0.5108340625000001 0.0 0.25660390624999996 0.09163749999999986 0.25660390624999996
0 0.0 0.060458906250000055 0.0 0.060458906250000055 0.0 0.0 0.0 0.0
0 0.0 1.0 0.0 1.0 0.0 0.83717203125 0.0 0.83717203125
0 0.013221874999999984 0.68656375 0.3171875 0.68656375 0.013221874999999984 0.34894703125 0.3171875 0.34894703125
0 0.0 0.8815551562499999 0.0 0.8815551562499999 0.0 0.8036589062499999 0.0 0.8036589062499999
0 0.04745625000000011 0.516111875 0.30682656249999984 0.516111875 0.04745625000000011 0.26028078125 0.30682656249999984 0.26028078125
0 0.0 0.571738125 0.0 0.571738125 0.0 0.40681593749999995 0.0 0.40681593749999995
0 0.0 0.28021906249999995 0.0 0.28021906249999995 0.0 0.07904468750000007 0.0 0.07904468750000007
0 0.0077874999999998805 0.93717609375 0.21505781249999992 0.93717609375 0.0077874999999998805 0.7420715625 0.21505781249999992 0.7420715625
0 0.0 0.52001375 0.0 0.52001375 0.0 0.44478453125 0.0 0.44478453125
0 0.0 1.0 0.0 1.0 0.0 0.9827872187500001 0.0 0.9827872187500001
0 0.0 0.12232453124999995 0.16589687499999997 0.12232453124999995 0.0 0.0 0.16589687499999997 0.0
0 0.0 0.4380215625 0.0 0.4380215625 0.0 0.18308156249999996 0.0 0.18308156249999996
0 0.0 1.0 0.0 1.0 0.0 0.85937546875 0.0 0.85937546875
0 0.0 0.34287671875000003 0.0 0.34287671875000003 0.0 0.09404265625000008 0.0 0.09404265625000008
0 0.0 0.11026578125000004 0.0 0.11026578125000004 0.0 0.0 0.0 0.0
0 0.0 0.027108437499999916 0.0 0.027108437499999916 0.0 0.0 0.0 0.0
0 0.0 0.54442546875 0.0 0.54442546875 0.0 0.27983484374999995 0.0 0.27983484374999995
0 0.0 0.12984124999999996 0.0 0.12984124999999996 0.0 0.0 0.0 0.0
0 0.0 0.86888234375 0.0 0.86888234375 0.0 0.59855828125 0.0 0.59855828125
