0 0.0 0.0 0.034859374999999915 0.0 0.0 0.0 0.034859374999999915 0.0
0 0.0 0.1359375 0.0 0.1359375 0.0 0.06353759374999993 0.0 0.06353759374999993
0 0.171425 0.0 0.22341875000000008 0.0 0.171425 0.0 0.22341875000000008 0.0
0 0.0 0.13280952343750005 0.0 0.13280952343750005 0.0 0.07623832812499991 0.0 0.07623832812499991
0 0.0 0.0 0.09163749999999986 0.0 0.0 0.0 0.09163749999999986 0.0
0 0.0 0.061403656250000084 0.0 0.061403656250000084 0.0 0.0 0.0 0.0
0 0.013221874999999984 0.0 0.3171875 0.0 0.013221874999999984 0.0 0.3171875 0.0
0 0.04745625000000011 0.0 0.30682656249999984 0.0 0.04745625000000011 0.0 0.30682656249999984 0.0
0 0.0 0.1359375 0.0 0.1359375 0.0 0.004717937500000069 0.0 0.004717937500000069
0 0.0077874999999998805 0.0 0.21505781249999992 0.0 0.0077874999999998805 0.0 0.21505781249999992 0.0
0 0.0 0.1359375 0.0 0.1359375 0.0 0.068637921875 0.0 0.068637921875
0 0.0 0.1359375 0.0 0.1359375 0.0 0.0 0.0 0.0
0 0.0 0.0 0.16589687499999997 0.0 0.0 0.0 0.16589687499999997 0.0
0 0.0 0.1359375 0.0 0.1359375 0.0 0.08731825000000004 0.0 0.08731825000000004
0 0.0 0.1359375 0.0 0.1359375 0.0 0.06989121874999996 0.0 0.06989121874999996
0 0.0 0.1264828515625 0.0 0.1264828515625 0.0 0.0 0.0 0.0
