0 0.0 0.8676634374999999 0.0 0.8676634374999999 0.0 0.6671674999999999 0.0 0.6671674999999999
0 0.0 1.0 0.0 1.0 0.0 0.8211659375 0.0 0.8211659375
0 0.0 0.61183375 0.0 0.61183375 0.0 0.3248575000000001 0.0 0.3248575000000001
0 0.0 1.0 0.0 1.0 0.0 0.9276839062500001 0.0 0.9276839062500001
0 0.0 0.09980234375000005 0.0 0.09980234375000005 0.0 0.0 0.0 0.0
0 0.0 1.0 0.013814062499999835 1.0 0.0 0.8180125 0.013814062499999835 0.8180125
0 0.0 0.74238203125 0.0 0.74238203125 0.0 0.5063793750000001 0.0 0.5063793750000001
0 0.0 1.0 0.0 1.0 0.0 0.9782678125000001 0.0 0.9782678125000001
0 0.0 1.0 0.0 1.0 0.0 0.81230921875 0.0 0.81230921875
0 0.0 0.49382859375 0.0 0.49382859375 0.0 0.26253734375000004 0.0 0.26253734375000004
0 0.0 1.0 0.0 1.0 0.0 0.9735807812499999 0.0 0.9735807812499999
0 0.0 0.034750312499999936 0.0 0.034750312499999936 0.0 0.0 0.0 0.0
0 0.0 0.5998428125 0.0 0.5998428125 0.0 0.341406875 0.0 0.341406875
0 0.0 1.0 0.0 1.0 0.0 0.8749590625 0.0 0.8749590625
0 0.0 0.29559468750000006 0.0 0.29559468750000006 0.0 0.12061640624999992 0.0 0.12061640624999992
0 0.0 0.5150718750000001 0.0 0.5150718750000001 0.0 0.27984687499999994 0.0 0.27984687499999994
0 0.0 0.99382865625 0.0 0.99382865625 0.0 0.56494171875 0.0 0.56494171875
0 0.0 0.751161875 0.0 0.751161875 0.0 0.4819475 0.0 0.4819475
0 0.0 0.539841875 0.0 0.539841875 0.0 0.4180596875 0.0 0.4180596875
0 0.0 0.8222403125 0.0 0.8222403125 0.0 0.60255890625 0.0 0.60255890625
0 0.0 0.722366875 0.0 0.722366875 0.0 0.5449556249999999 0.0 0.5449556249999999
0 0.0 0.12499906250000006 0.0 0.12499906250000006 0.0 0.06961140624999995 0.0 0.06961140624999995
0 0.0 0.2482690625 0.0 0.2482690625 0.0 0.0 0.0 0.0
0 0.14534374999999997 1.0 0.3171875 1.0 0.14534374999999997 0.85457015625 0.3171875 0.85457015625
