0 0.2142090625 0.1359375 0.44685687499999993 0.1359375 0.2142090625 0.12147109531249996 0.44685687499999993 0.12147109531249996
0 0.9962218750000001 0.0 1.0 0.0 0.9962218750000001 0.0 1.0 0.0
0 0.0 0.0 0.21063375000000004 0.0 0.0 0.0 0.21063375000000004 0.0
0 0.46442734375000005 0.0 0.6278984375000001 0.0 0.46442734375000005 0.0 0.6278984375000001 0.0
0 0.0 0.0 0.02626218750000007 0.0 0.0 0.0 0.02626218750000007 0.0
0 0.0 0.12152351093749995 0.0 0.12152351093749995 0.0 0.0 0.0 0.0
0 0.0 0.1359375 0.0 0.1359375 0.0 0.0 0.0 0.0
0 0.5875421875000001 0.04581262499999994 0.812515625 0.04581262499999994 0.5875421875000001 0.0 0.812515625 0.0
0 0.09251093749999999 0.0 0.2551375 0.0 0.09251093749999999 0.0 0.2551375 0.0
0 0.0 0.1359375 0.0 0.1359375 0.0 0.001981015624999927 0.0 0.001981015624999927
0 0.0 0.1359375 0.0 0.1359375 0.0 0.10079765624999996 0.0 0.10079765624999996
0 0.41502359375 0.1359375 0.651171875 0.1359375 0.41502359375 0.07376398437499994 0.651171875 0.07376398437499994
0 0.0 0.1359375 0.0 0.1359375 0.0 0.13296570781250008 0.0 0.13296570781250008
0 0.66328125 0.0 0.71030625 0.0 0.66328125 0.0 0.71030625 0.0
0 0.17544953124999996 0.0 0.32461984375 0.0 0.17544953124999996 0.0 0.32461984375 0.0
0 0.674565625 0.1359375 0.9188046875000001 0.1359375 0.674565625 0.0 0.9188046875000001 0.0
0 0.0 0.1359375 0.08325593750000007 0.1359375 0.0 0.0 0.08325593750000007 0.0
0 0.29292296874999996 0.0 0.55307046875 0.0 0.29292296874999996 0.0 0.55307046875 0.0
0 0.0 0.1359375 0.0 0.1359375 0.0 0.05461360937500004 0.0 0.05461360937500004
0 0.5995484375 0.1359375 0.8698250000000002 0.1359375 0.5995484375 0.050394250000000085 0.8698250000000002 0.050394250000000085
0 0.39915796875 0.0 0.6504328125000001 0.0 0.39915796875 0.0 0.6504328125000001 0.0
0 0.0 0.13492419171875003 0.0 0.13492419171875003 0.0 0.0 0.0 0.0
0 0.563221875 0.0 0.7756343749999999 0.0 0.563221875 0.0 0.7756343749999999 0.0
0 0.08324625000000001 0.1359375 0.5010265625000001 0.1359375 0.08324625000000001 0.0 0.5010265625000001 0.0
