0 1.0 0.012583406250000095 1.0 0.012583406250000095 1.0 0.0 1.0 0.0
0 1.0 0.1359375 1.0 0.1359375 1.0 0.0 1.0 0.0
0 1.0 0.1359375 1.0 0.1359375 1.0 0.03700406249999997 1.0 0.03700406249999997
0 0.0 0.0 0.0907720625 0.0 0.0 0.0 0.0907720625 0.0
0 1.0 0.1359375 1.0 0.1359375 1.0 0.011083125000000037 1.0 0.011083125000000037
0 1.0 0.022367843750000026 1.0 0.022367843750000026 1.0 0.0 1.0 0.0
0 1.0 0.11212435937500001 1.0 0.11212435937500001 1.0 0.0 1.0 0.0
0 0.47338375 0.0 0.9232573437499999 0.0 0.47338375 0.0 0.9232573437499999 0.0
0 0.7820915625 0.0 1.0 0.0 0.7820915625 0.0 1.0 0.0
0 0.9378953125 0.0 1.0 0.0 0.9378953125 0.0 1.0 0.0
0 1.0 0.1359375 1.0 0.1359375 1.0 0.08081674999999997 1.0 0.08081674999999997
0 0.7287343749999999 0.0 0.9746993749999999 0.0 0.7287343749999999 0.0 0.9746993749999999 0.0
0 0.84582484375 0.0 1.0 0.0 0.84582484375 0.0 1.0 0.0
0 0.3785090625 0.1359375 0.7859371875 0.1359375 0.3785090625 0.0 0.7859371875 0.0
0 1.0 0.1359375 1.0 0.1359375 1.0 0.0 1.0 0.0
0 0.58220828125 0.1359375 0.84368796875 0.1359375 0.58220828125 0.0 0.84368796875 0.0
0 1.0 0.1359375 1.0 0.1359375 1.0 0.0 1.0 0.0
0 0.481394375 0.0 0.71781703125 0.0 0.481394375 0.0 0.71781703125 0.0
0 1.0 0.1359375 1.0 0.1359375 1.0 0.07420976562499995 1.0 0.07420976562499995
0 0.31280796875 0.0 0.6190114062500001 0.0 0.31280796875 0.0 0.6190114062500001 0.0
0 0.27773328125 0.1359375 0.34944703125 0.1359375 0.27773328125 0.13307087343749996 0.34944703125 0.13307087343749996
0 1.0 0.051636375 1.0 0.051636375 1.0 0.0 1.0 0.0
0 0.7176260937500001 0.10668170312500003 0.8370892187500001 0.10668170312500003 0.7176260937500001 0.0 0.8370892187500001 0.0
