0 0.17777812500000004 0.012583406250000095 0.3171875 0.012583406250000095 0.17777812500000004 0.0 0.3171875 0.0
0 0.009381249999999852 0.0 0.30579375000000014 0.0 0.009381249999999852 0.0 0.30579375000000014 0.0
0 0.0 0.1359375 0.0 0.1359375 0.0 0.0 0.0 0.0
0 0.0 0.1359375 0.0 0.1359375 0.0 0.03700406249999997 0.0 0.03700406249999997
0 0.13865156250000013 0.0 0.21040625000000013 0.0 0.13865156250000013 0.0 0.21040625000000013 0.0
0 0.19025156249999994 0.0 0.3171875 0.0 0.19025156249999994 0.0 0.3171875 0.0
0 0.0 0.1359375 0.0 0.1359375 0.0 0.011083125000000037 0.0 0.011083125000000037
0 0.0 0.022367843750000026 0.0 0.022367843750000026 0.0 0.0 0.0 0.0
0 0.10712343749999995 0.0 0.3171875 0.0 0.10712343749999995 0.0 0.3171875 0.0
0 0.0 0.11212435937500001 0.0 0.11212435937500001 0.0 0.0 0.0 0.0
0 0.0 0.0 0.18548593750000003 0.0 0.0 0.0 0.18548593750000003 0.0
0 0.25586093749999994 0.0 0.3171875 0.0 0.25586093749999994 0.0 0.3171875 0.0
0 0.0 0.1359375 0.21536093749999985 0.1359375 0.0 0.08081674999999997 0.21536093749999985 0.08081674999999997
0 0.0 0.0 0.16222656250000006 0.0 0.0 0.0 0.16222656250000006 0.0
0 0.0 0.1359375 0.0 0.1359375 0.0 0.0 0.0 0.0
0 0.22067656249999992 0.1359375 0.3171875 0.1359375 0.22067656249999992 0.0 0.3171875 0.0
0 0.0 0.1359375 0.0 0.1359375 0.0 0.0 0.0 0.0
0 0.14314687500000006 0.1359375 0.3171875 0.1359375 0.14314687500000006 0.0 0.3171875 0.0
0 0.0 0.1359375 0.0 0.1359375 0.0 0.07420976562499995 0.0 0.07420976562499995
0 0.0 0.1359375 0.0 0.1359375 0.0 0.13307087343749996 0.0 0.13307087343749996
0 0.0 0.051636375 0.0 0.051636375 0.0 0.0 0.0 0.0
0 0.0 0.10668170312500003 0.0 0.10668170312500003 0.0 0.0 0.0 0.0
