0 0.04377828125 0.0 0.2532615625 0.0 0.04377828125 0.0 0.2532615625 0.0
0 0.51533078125 0.1359375 0.7964193749999999 0.1359375 0.51533078125 0.0 0.7964193749999999 0.0
0 1.0 0.04694743750000008 1.0 0.04694743750000008 1.0 0.0 1.0 0.0
0 0.7931801562499999 0.0 1.0 0.0 0.7931801562499999 0.0 1.0 0.0
0 0.35597484375 0.0 0.513665 0.0 0.35597484375 0.0 0.513665 0.0
0 0.6782621875 0.1359375 0.846645 0.1359375 0.6782621875 0.0 0.846645 0.0
0 0.0 0.0 0.20197890625 0.0 0.0 0.0 0.20197890625 0.0
0 0.13077921875 0.0 0.34118640624999996 0.0 0.13077921875 0.0 0.34118640624999996 0.0
0 1.0 0.030647609374999975 1.0 0.030647609374999975 1.0 0.0 1.0 0.0
0 0.0 0.1359375 0.069862515625 0.1359375 0.0 0.04808634375 0.069862515625 0.04808634375
0 0.936139375 0.0 1.0 0.0 0.936139375 0.0 1.0 0.0
0 0.0 0.086206828125 0.06612378125 0.086206828125 0.0 0.0 0.06612378125 0.0
0 0.0 0.0 0.08598671875 0.0 0.0 0.0 0.08598671875 0.0
0 1.0 0.1359375 1.0 0.1359375 1.0 0.06136103125000005 1.0 0.06136103125000005
0 0.7807521875 0.0 1.0 0.0 0.7807521875 0.0 1.0 0.0
0 0.49271609375000003 0.0 0.6702837500000001 0.0 0.49271609375000003 0.0 0.6702837500000001 0.0
0 0.85470078125 0.0 1.0 0.0 0.85470078125 0.0 1.0 0.0
0 0.0 0.0 0.1250608125 0.0 0.0 0.0 0.1250608125 0.0
0 1.0 0.1359375 1.0 0.1359375 1.0 0.0 1.0 0.0
0 0.5014559375000001 0.0 0.7330639062500001 0.0 0.5014559375000001 0.0 0.7330639062500001 0.0
0 0.8205492187500001 0.0 0.96922421875 0.0 0.8205492187500001 0.0 0.96922421875 0.0
0 0.6595873437499999 0.0 0.71039765625 0.0 0.6595873437499999 0.0 0.71039765625 0.0
