0 0.0 0.4572803125 0.0 0.4572803125 0.0 0.23916890624999992 0.0 0.23916890624999992
0 0.0 1.0 0.0 1.0 0.0 0.88148296875 0.0 0.88148296875
0 0.0 0.41741578125 0.0 0.41741578125 0.0 0.26288203125000004 0.0 0.26288203125000004
0 0.28812812500000007 0.2988253125 0.3171875 0.2988253125 0.28812812500000007 0.06421859375000008 0.3171875 0.06421859375000008
0 0.0 1.0 0.07392187499999991 1.0 0.0 0.7780050000000001 0.07392187499999991 0.7780050000000001
0 0.0 0.41177984375000004 0.0 0.41177984375000004 0.0 0.10120500000000003 0.0 0.10120500000000003
0 0.09919374999999989 0.96479140625 0.25455000000000005 0.96479140625 0.09919374999999989 0.8183940625 0.25455000000000005 0.8183940625
0 0.0 0.8170453125 0.0 0.8170453125 0.0 0.6679121875 0.0 0.6679121875
0 0.0 1.0 0.0 1.0 0.0 0.9812827343749999 0.0 0.9812827343749999
0 0.0 0.46804281249999996 0.0 0.46804281249999996 0.0 0.24213281250000004 0.0 0.24213281250000004
0 0.0 0.04056250000000006 0.0 0.04056250000000006 0.0 0.0 0.0 0.0
0 0.0 0.41605375 0.0 0.41605375 0.0 0.35940453124999994 0.0 0.35940453124999994
0 0.0 0.80241875 0.0 0.80241875 0.0 0.6037529687500001 0.0 0.6037529687500001
0 0.2056531249999999 0.6158134375000001 0.25902812500000005 0.6158134375000001 0.2056531249999999 0.56140109375 0.25902812500000005 0.56140109375
0 0.0 1.0 0.0 1.0 0.0 0.721958125 0.0 0.721958125
0 0.0 0.07447515624999994 0.0 0.07447515624999994 0.0 0.0 0.0 0.0
0 0.0 0.333664375 0.0 0.333664375 0.0 0.09604328125000006 0.0 0.09604328125000006
0 0.0 1.0 0.0 1.0 0.0 0.8289865625000001 0.0 0.8289865625000001
0 0.0 0.52727875 0.0 0.52727875 0.0 0.27516968750000004 0.0 0.27516968750000004
0 0.0 1.0 0.01640625 1.0 0.0 1.0 0.01640625 1.0
0 0.0 0.374728125 0.0 0.374728125 0.0 0.11147749999999998 0.0 0.11147749999999998
0 0.0 0.13507046875000003 0.0 0.13507046875000003 0.0 0.0 0.0 0.0
0 0.0 0.66485 0.0 0.66485 0.0 0.4286378125 0.0 0.4286378125
0 0.04864687500000002 0.2015540625 0.2609937500000001 0.2015540625 0.04864687500000002 0.0 0.2609937500000001 0.0
0 0.0 0.8461982812500001 0.0 0.8461982812500001 0.0 0.66972453125 0.0 0.66972453125
0 0.0 0.53859625 0.0 0.53859625 0.0 0.37275390625 0.0 0.37275390625
0 0.0 0.41245796874999996 0.0 0.41245796874999996 0.0 0.34289046875 0.0 0.34289046875
0 0.0 0.21685250000000006 0.20381718749999997 0.21685250000000006 0.0 0.0 0.20381718749999997 0.0
0 0.0 0.91809671875 0.0 0.91809671875 0.0 0.62019203125 0.0 0.62019203125
0 0.0 0.686131875 0.0 0.686131875 0.0 0.508681875 0.0 0.508681875
0 0.0 1.0 0.0 1.0 0.0 0.8544485937499999 0.0 0.8544485937499999
0 0.0 0.7550425000000001 0.0 0.7550425000000001 0.0 0.5037203124999999 0.0 0.5037203124999999
0 0.0 0.08333734375000006 0.0 0.08333734375000006 0.0 0.0 0.0 0.0
0 0.28525312499999983 0.91283671875 0.3171875 0.91283671875 0.28525312499999983 0.7684184375 0.3171875 0.7684184375
0 0.0 0.06346906249999992 0.0 0.06346906249999992 0.0 0.011255781250000041 0.0 0.011255781250000041
