0 0.0 0.1359375 0.09496640625000001 0.1359375 0.0 0.09548173437499993 0.09496640625000001 0.09548173437499993
0 0.0 0.1359375 0.0 0.1359375 0.0 0.11886190625000008 0.0 0.11886190625000008
0 0.0 0.1359375 0.0 0.1359375 0.0 0.0 0.0 0.0
0 1.0 0.01783934375000005 1.0 0.01783934375000005 1.0 0.0 1.0 0.0
0 0.0 0.1359375 0.0 0.1359375 0.0 0.09994650000000008 0.0 0.09994650000000008
0 0.0 0.1359375 0.0 0.1359375 0.0 0.0010351718749999962 0.0 0.0010351718749999962
0 0.9221359374999999 0.0 1.0 0.0 0.9221359374999999 0.0 1.0 0.0
0 0.30821078125 0.0 0.7580843749999999 0.0 0.30821078125 0.0 0.7580843749999999 0.0
0 0.61691875 0.0 0.8388453125000002 0.0 0.61691875 0.0 0.8388453125000002 0.0
0 0.7727218749999999 0.0 0.882978125 0.0 0.7727218749999999 0.0 0.882978125 0.0
0 0.7926109374999999 0.1359375 1.0 0.1359375 0.7926109374999999 0.0 1.0 0.0
0 0.0 0.1359375 0.0 0.1359375 0.0 0.10025923437500009 0.0 0.10025923437500009
0 0.7691265625 0.1359375 1.0 0.1359375 0.7691265625 0.05245176562499996 1.0 0.05245176562499996
0 0.5635609374999999 0.0 0.8095265625 0.0 0.5635609374999999 0.0 0.8095265625 0.0
0 0.94115 0.0 1.0 0.0 0.94115 0.0 1.0 0.0
0 0.21333625000000006 0.0 0.6207640624999999 0.0 0.21333625000000006 0.0 0.6207640624999999 0.0
0 0.0 0.0031210624999999936 0.0 0.0031210624999999936 0.0 0.0 0.0 0.0
0 0.41703531250000003 0.0 0.678515625 0.0 0.41703531250000003 0.0 0.678515625 0.0
0 1.0 0.05665653124999999 1.0 0.05665653124999999 1.0 0.0 1.0 0.0
0 0.0 0.1359375 0.0 0.1359375 0.0 0.03488154687500007 0.0 0.03488154687500007
0 0.0 0.1359375 0.0 0.1359375 0.0 0.0 0.0 0.0
0 1.0 0.1359375 1.0 0.1359375 1.0 0.017996765624999966 1.0 0.017996765624999966
0 0.0 0.1359375 0.0 0.1359375 0.0 0.02718006250000009 0.0 0.02718006250000009
0 0.11256031249999995 0.0 0.18427406249999995 0.0 0.11256031249999995 0.0 0.18427406249999995 0.0
0 0.908578125 0.0 1.0 0.0 0.908578125 0.0 1.0 0.0
0 0.53052015625 0.006277390624999946 0.6977625 0.006277390624999946 0.53052015625 0.0 0.6977625 0.0
0 0.55245328125 0.0 0.6719156250000001 0.0 0.55245328125 0.0 0.6719156250000001 0.0
