0 0.0 0.1359375 0.0 0.1359375 0.0 0.09548173437499993 0.0 0.09548173437499993
0 0.0 0.1359375 0.0 0.1359375 0.0 0.11886190625000008 0.0 0.11886190625000008
0 0.0 0.1359375 0.0 0.1359375 0.0 0.0 0.0 0.0
0 0.16298749999999984 0.0 0.3171875 0.0 0.16298749999999984 0.0 0.3171875 0.0
0 0.1373687499999999 0.01783934375000005 0.3171875 0.01783934375000005 0.1373687499999999 0.0 0.3171875 0.0
0 0.0 0.1359375 0.0 0.1359375 0.0 0.09994650000000008 0.0 0.09994650000000008
0 0.0 0.1359375 0.0 0.1359375 0.0 0.0010351718749999962 0.0 0.0010351718749999962
0 0.11387343749999985 0.0 0.3171875 0.0 0.11387343749999985 0.0 0.3171875 0.0
0 0.0 0.0 0.14926093750000008 0.0 0.0 0.0 0.14926093750000008 0.0
0 0.09904843750000011 0.0 0.15857500000000008 0.0 0.09904843750000011 0.0 0.15857500000000008 0.0
0 0.13090781249999991 0.0 0.3171875 0.0 0.13090781249999991 0.0 0.3171875 0.0
0 0.1780765625000001 0.0 0.3171875 0.0 0.1780765625000001 0.0 0.3171875 0.0
0 0.0 0.1359375 0.020331249999999912 0.1359375 0.0 0.0 0.020331249999999912 0.0
0 0.0 0.1359375 0.0 0.1359375 0.0 0.10025923437500009 0.0 0.10025923437500009
0 0.0 0.1359375 0.0005906249999998892 0.1359375 0.0 0.05245176562499996 0.0005906249999998892 0.05245176562499996
0 0.0 0.0 0.1179640625000001 0.0 0.0 0.0 0.1179640625000001 0.0
0 0.0 0.0031210624999999936 0.0 0.0031210624999999936 0.0 0.0 0.0 0.0
0 0.13761406250000013 0.05665653124999999 0.3171875 0.05665653124999999 0.13761406250000013 0.0 0.3171875 0.0
0 0.0 0.1359375 0.0 0.1359375 0.0 0.03488154687500007 0.0 0.03488154687500007
0 0.0 0.1359375 0.0 0.1359375 0.0 0.0 0.0 0.0
0 0.09601875 0.1359375 0.3171875 0.1359375 0.09601875 0.017996765624999966 0.3171875 0.017996765624999966
0 0.0 0.1359375 0.0 0.1359375 0.0 0.02718006250000009 0.0 0.02718006250000009
0 0.0014953125000001677 0.0 0.23166406250000016 0.0 0.0014953125000001677 0.0 0.23166406250000016 0.0
0 0.0 0.0 0.17211718749999996 0.0 0.0 0.0 0.17211718749999996 0.0
0 0.0 0.006277390624999946 0.0 0.006277390624999946 0.0 0.0 0.0 0.0
