0 0.0 1.0 0.09496640625000001 1.0 0.0 1.0 0.09496640625000001 1.0
0 0.0 1.0 0.0 1.0 0.0 0.94572703125 0.0 0.94572703125
0 0.0 0.44064109374999993 0.0 0.44064109374999993 0.0 0.21268203124999996 0.0 0.21268203124999996
0 0.0 0.25372140625000006 0.0 0.25372140625000006 0.0 0.06277500000000007 0.0 0.06277500000000007
0 0.0 0.7845971875 0.0 0.7845971875 0.0 0.5691251562499999 0.0 0.5691251562499999
0 1.0 0.88524171875 1.0 0.88524171875 1.0 0.5134314062499999 1.0 0.5134314062499999
0 0.0 0.22536765625000008 0.0 0.22536765625000008 0.0 0.0 0.0 0.0
0 1.0 1.0 1.0 1.0 1.0 0.71334078125 1.0 0.71334078125
0 0.0 0.4869503125 0.0 0.4869503125 0.0 0.26079062499999994 0.0 0.26079062499999994
0 0.0 0.58278359375 0.0 0.58278359375 0.0 0.52681921875 0.0 0.52681921875
0 1.0 0.8987371875000001 1.0 0.8987371875000001 1.0 0.68741984375 1.0 0.68741984375
0 0.9221359374999999 0.78846109375 1.0 0.78846109375 0.9221359374999999 0.55379453125 1.0 0.55379453125
0 0.0 0.5224289062499999 0.0 0.5224289062499999 0.0 0.21445906249999994 0.0 0.21445906249999994
0 1.0 0.5272281249999999 1.0 0.5272281249999999 1.0 0.46637640625000004 1.0 0.46637640625000004
0 0.0 0.95678 0.0 0.95678 0.0 0.80423484375 0.0 0.80423484375
0 0.30821078125 0.5511479687499999 0.7580843749999999 0.5511479687499999 0.30821078125 0.10428750000000005 0.7580843749999999 0.10428750000000005
0 0.61691875 0.02412890624999999 0.8388453125000002 0.02412890624999999 0.61691875 0.0 0.8388453125000002 0.0
0 1.0 0.05813249999999996 1.0 0.05813249999999996 1.0 0.0 1.0 0.0
0 0.7727218749999999 0.648276875 0.882978125 0.648276875 0.7727218749999999 0.51202234375 0.882978125 0.51202234375
0 0.0 0.44969125 0.0 0.44969125 0.0 0.40589906249999996 0.0 0.40589906249999996
0 1.0 0.5123800000000001 1.0 0.5123800000000001 1.0 0.21219125000000005 1.0 0.21219125000000005
0 0.7926109374999999 1.0 1.0 1.0 0.7926109374999999 0.9519968750000001 1.0 0.9519968750000001
0 0.0 0.91721390625 0.0 0.91721390625 0.0 0.4654890625 0.0 0.4654890625
0 0.7691265625 1.0 1.0 1.0 0.7691265625 1.0 1.0 1.0
0 0.5635609374999999 0.14464421875000005 0.8095265625 0.14464421875000005 0.5635609374999999 0.0 0.8095265625 0.0
0 0.94115 0.45645640624999995 1.0 0.45645640624999995 0.94115 0.279003125 1.0 0.279003125
0 0.21333625000000006 0.82566515625 0.6207640624999999 0.82566515625 0.21333625000000006 0.42845000000000005 0.6207640624999999 0.42845000000000005
0 0.0 1.0 0.0 1.0 0.0 0.7407468749999999 0.0 0.7407468749999999
0 0.0 0.63105109375 0.0 0.63105109375 0.0 0.32323375 0.0 0.32323375
0 0.41703531250000003 0.945269375 0.678515625 0.945269375 0.41703531250000003 0.676121875 0.678515625 0.676121875
0 1.0 1.0 1.0 1.0 1.0 0.75054640625 1.0 0.75054640625
0 0.0 1.0 0.0 1.0 0.0 0.9204265625 0.0 0.9204265625
0 0.11256031249999995 0.8801448437499999 0.18427406249999995 0.8801448437499999 0.11256031249999995 0.80940765625 0.18427406249999995 0.80940765625
0 1.0 0.32589781250000005 1.0 0.32589781250000005 1.0 0.07293640625000002 1.0 0.07293640625000002
0 0.0 0.85463296875 0.0 0.85463296875 0.0 0.61849640625 0.0 0.61849640625
0 0.908578125 0.727973125 1.0 0.727973125 0.908578125 0.46654156249999995 1.0 0.46654156249999995
0 0.53052015625 1.0 0.6977625 1.0 0.53052015625 0.83920609375 0.6977625 0.83920609375
0 0.55245328125 0.7830184375 0.6719156250000001 0.7830184375 0.55245328125 0.65172453125 0.6719156250000001 0.65172453125
