0 0.0 1.0 0.0 1.0 0.0 0.94572703125 0.0 0.94572703125
0 0.0 0.44064109374999993 0.0 0.44064109374999993 0.0 0.21268203124999996 0.0 0.21268203124999996
0 0.0 0.25372140625000006 0.0 0.25372140625000006 0.0 0.06277500000000007 0.0 0.06277500000000007
0 0.0 0.7845971875 0.0 0.7845971875 0.0 0.5691251562499999 0.0 0.5691251562499999
0 0.16298749999999984 0.88524171875 0.3171875 0.88524171875 0.16298749999999984 0.5134314062499999 0.3171875 0.5134314062499999
0 0.0 0.22536765625000008 0.0 0.22536765625000008 0.0 0.0 0.0 0.0
0 0.1373687499999999 1.0 0.3171875 1.0 0.1373687499999999 0.71334078125 0.3171875 0.71334078125
0 0.0 0.4869503125 0.0 0.4869503125 0.0 0.26079062499999994 0.0 0.26079062499999994
0 0.0 0.58278359375 0.0 0.58278359375 0.0 0.52681921875 0.0 0.52681921875
0 0.11387343749999985 0.8987371875000001 0.3171875 0.8987371875000001 0.11387343749999985 0.68741984375 0.3171875 0.68741984375
0 0.0 0.78846109375 0.14926093750000008 0.78846109375 0.0 0.55379453125 0.14926093750000008 0.55379453125
0 0.0 0.5224289062499999 0.0 0.5224289062499999 0.0 0.21445906249999994 0.0 0.21445906249999994
0 0.09904843750000011 0.5272281249999999 0.15857500000000008 0.5272281249999999 0.09904843750000011 0.46637640625000004 0.15857500000000008 0.46637640625000004
0 0.0 0.95678 0.0 0.95678 0.0 0.80423484375 0.0 0.80423484375
0 0.0 0.5511479687499999 0.0 0.5511479687499999 0.0 0.10428750000000005 0.0 0.10428750000000005
0 0.0 0.02412890624999999 0.0 0.02412890624999999 0.0 0.0 0.0 0.0
0 0.13090781249999991 0.05813249999999996 0.3171875 0.05813249999999996 0.13090781249999991 0.0 0.3171875 0.0
0 0.0 0.648276875 0.0 0.648276875 0.0 0.51202234375 0.0 0.51202234375
0 0.0 0.44969125 0.0 0.44969125 0.0 0.40589906249999996 0.0 0.40589906249999996
0 0.1780765625000001 0.5123800000000001 0.3171875 0.5123800000000001 0.1780765625000001 0.21219125000000005 0.3171875 0.21219125000000005
0 0.0 1.0 0.020331249999999912 1.0 0.0 0.9519968750000001 0.020331249999999912 0.9519968750000001
0 0.0 0.91721390625 0.0 0.91721390625 0.0 0.4654890625 0.0 0.4654890625
0 0.0 1.0 0.0005906249999998892 1.0 0.0 1.0 0.0005906249999998892 1.0
0 0.0 0.14464421875000005 0.0 0.14464421875000005 0.0 0.0 0.0 0.0
0 0.0 0.45645640624999995 0.1179640625000001 0.45645640624999995 0.0 0.279003125 0.1179640625000001 0.279003125
0 0.0 0.82566515625 0.0 0.82566515625 0.0 0.42845000000000005 0.0 0.42845000000000005
0 0.0 1.0 0.0 1.0 0.0 0.7407468749999999 0.0 0.7407468749999999
0 0.0 0.63105109375 0.0 0.63105109375 0.0 0.32323375 0.0 0.32323375
0 0.0 0.945269375 0.0 0.945269375 0.0 0.676121875 0.0 0.676121875
0 0.13761406250000013 1.0 0.3171875 1.0 0.13761406250000013 0.75054640625 0.3171875 0.75054640625
0 0.0 1.0 0.0 1.0 0.0 0.9204265625 0.0 0.9204265625
0 0.09601875 1.0 0.3171875 1.0 0.09601875 1.0 0.3171875 1.0
0 0.0 0.8801448437499999 0.0 0.8801448437499999 0.0 0.80940765625 0.0 0.80940765625
0 0.0014953125000001677 0.32589781250000005 0.23166406250000016 0.32589781250000005 0.0014953125000001677 0.07293640625000002 0.23166406250000016 0.07293640625000002
0 0.0 0.85463296875 0.0 0.85463296875 0.0 0.61849640625 0.0 0.61849640625
0 0.0 0.727973125 0.17211718749999996 0.727973125 0.0 0.46654156249999995 0.17211718749999996 0.46654156249999995
0 0.0 1.0 0.0 1.0 0.0 0.83920609375 0.0 0.83920609375
0 0.0 0.7830184375 0.0 0.7830184375 0.0 0.65172453125 0.0 0.65172453125
