0 0.0 0.0 0.16636749999999995 0.0 0.0 0.0 0.16636749999999995 0.0
0 0.53253625 0.0 0.7457687499999999 0.0 0.53253625 0.0 0.7457687499999999 0.0
0 0.25820718750000005 0.1359375 0.49768406249999997 0.1359375 0.25820718750000005 0.0 0.49768406249999997 0.0
0 0.0616359375 0.0 0.3091075 0.0 0.0616359375 0.0 0.3091075 0.0
0 0.0 0.11604150000000005 0.0 0.11604150000000005 0.0 0.0 0.0 0.0
0 0.20082015625 0.0 0.35835968749999997 0.0 0.20082015625 0.0 0.35835968749999997 0.0
0 0.0 0.0 0.04909640624999998 0.0 0.0 0.0 0.04909640624999998 0.0
0 1.0 0.1359375 1.0 0.1359375 1.0 0.00034964062500009163 1.0 0.00034964062500009163
0 0.33840078125 0.0 0.6312625000000001 0.0 0.33840078125 0.0 0.6312625000000001 0.0
0 0.0 0.0 0.27764296875000005 0.0 0.0 0.0 0.27764296875000005 0.0
0 1.0 0.1359375 1.0 0.1359375 1.0 0.05719196874999995 1.0 0.05719196874999995
0 0.8472468750000001 0.0 1.0 0.0 0.8472468750000001 0.0 1.0 0.0
0 0.4097362499999999 0.1359375 0.5855609375 0.1359375 0.4097362499999999 0.1209580296875 0.5855609375 0.1209580296875
0 0.29560921874999996 0.0 0.6078281249999999 0.0 0.29560921874999996 0.0 0.6078281249999999 0.0
0 0.03785015625000003 0.1359375 0.48964078125 0.1359375 0.03785015625000003 0.04920239062500009 0.48964078125 0.04920239062500009
0 0.20043828124999993 0.0 0.37780453124999996 0.0 0.20043828124999993 0.0 0.37780453124999996 0.0
0 0.24110171875000005 0.0 0.5532825000000001 0.0 0.24110171875000005 0.0 0.5532825000000001 0.0
0 0.41259828125000003 0.0 0.8246656250000001 0.0 0.41259828125000003 0.0 0.8246656250000001 0.0
