0 0.0 0.1359375 0.0 0.1359375 0.0 0.0 0.0 0.0
0 0.0 0.08414428125000004 0.0 0.08414428125000004 0.0 0.0 0.0 0.0
0 0.0 0.1359375 0.0 0.1359375 0.0 0.07552542187500003 0.0 0.07552542187500003
0 0.0 0.1359375 0.0 0.1359375 0.0 0.0 0.0 0.0
0 0.0 0.11037989062500006 0.0 0.11037989062500006 0.0 0.0 0.0 0.0
0 0.0 0.10703028124999996 0.0 0.10703028124999996 0.0 0.0 0.0 0.0
0 0.14680781250000016 0.0 0.3171875 0.0 0.14680781250000016 0.0 0.3171875 0.0
0 0.0 0.0 0.0640437500000001 0.0 0.0 0.0 0.0640437500000001 0.0
0 0.0 0.1359375 0.0 0.1359375 0.0 0.0 0.0 0.0
0 0.0 0.1359375 0.0 0.1359375 0.0 0.04739471875000003 0.0 0.04739471875000003
0 0.0 0.0 0.0033093749999999035 0.0 0.0 0.0 0.0033093749999999035 0.0
0 0.1217656250000001 0.0 0.3171875 0.0 0.1217656250000001 0.0 0.3171875 0.0
0 0.18330625000000006 0.1359375 0.3171875 0.1359375 0.18330625000000006 0.05285282812500007 0.3171875 0.05285282812500007
0 0.0 0.1359375 0.12846093749999987 0.1359375 0.0 0.08301726562499993 0.12846093749999987 0.08301726562499993
0 0.0 0.1359375 0.0 0.1359375 0.0 0.012838187500000053 0.0 0.012838187500000053
0 0.0 0.0 0.08841874999999995 0.0 0.0 0.0 0.08841874999999995 0.0
0 0.0 0.0 0.3171875 0.0 0.0 0.0 0.3171875 0.0
0 0.0 0.1359375 0.0 0.1359375 0.0 0.0026755156249999245 0.0 0.0026755156249999245
