0 0.0 1.0 0.0 1.0 0.0 0.9785201562499999 0.0 0.9785201562499999
0 0.0 0.03812203125 0.0 0.03812203125 0.0 0.0 0.0 0.0
0 0.0 0.9302976562499999 0.0 0.9302976562499999 0.0 0.6960259375 0.0 0.6960259375
0 0.11564218749999995 0.989716046875 0.3171875 0.989716046875 0.11564218749999995 0.77119359375 0.3171875 0.77119359375
0 0.0 0.111161875 0.0 0.111161875 0.0 0.0 0.0 0.0
0 0.045431250000000034 0.8346279687500001 0.3171875 0.8346279687500001 0.045431250000000034 0.438395 0.3171875 0.438395
0 0.0 1.0 0.0 1.0 0.0 0.8355465625 0.0 0.8355465625
0 0.0 1.0 0.0 1.0 0.0 0.9165106250000001 0.0 0.9165106250000001
0 0.0 0.18159156250000005 0.0 0.18159156250000005 0.0 0.0 0.0 0.0
0 0.0 0.9964295312499999 0.0 0.9964295312499999 0.0 0.67061875 0.0 0.67061875
0 0.0 0.70203609375 0.0 0.70203609375 0.0 0.46976171874999995 0.0 0.46976171874999995
0 0.0 0.24652312500000004 0.0 0.24652312500000004 0.0 0.05494671874999994 0.0 0.05494671874999994
0 0.0 0.7281485937500001 0.0 0.7281485937500001 0.0 0.5552937499999999 0.0 0.5552937499999999
0 0.0 1.0 0.0 1.0 0.0 0.79156171875 0.0 0.79156171875
0 0.0 0.94317125 0.0 0.94317125 0.0 0.70354234375 0.0 0.70354234375
0 0.262034375 0.34799734375 0.3171875 0.34799734375 0.262034375 0.22859921874999997 0.3171875 0.22859921874999997
0 0.0 0.3306415625 0.0 0.3306415625 0.0 0.10676921875000005 0.0 0.10676921875000005
0 0.0 1.0 0.0 1.0 0.0 0.7454262500000001 0.0 0.7454262500000001
0 0.29424687499999996 0.45897359375 0.3171875 0.45897359375 0.29424687499999996 0.21136093749999993 0.3171875 0.21136093749999993
0 0.03731718750000006 0.012057187499999955 0.1961796875000001 0.012057187499999955 0.03731718750000006 0.0 0.1961796875000001 0.0
0 0.0 0.9749975 0.0 0.9749975 0.0 0.7125571875000001 0.0 0.7125571875000001
0 0.0 0.28300015624999997 0.0 0.28300015624999997 0.0 0.09846578125000001 0.0 0.09846578125000001
0 0.0 0.006558281250000064 0.0 0.006558281250000064 0.0 0.0 0.0 0.0
0 0.0 1.0 0.07920156250000013 1.0 0.0 0.8819287499999999 0.07920156250000013 0.8819287499999999
0 0.0 0.6333954687500001 0.0 0.6333954687500001 0.0 0.4599921875 0.0 0.4599921875
0 0.0 0.6243025 0.0 0.6243025 0.0 0.37778906250000005 0.0 0.37778906250000005
0 0.0 0.15135640625000005 0.0 0.15135640625000005 0.0 0.0 0.0 0.0
0 0.0 0.28576390625000003 0.0 0.28576390625000003 0.0 0.0 0.0 0.0
