0 0.0 0.031136234374999995 0.0 0.031136234374999995 0.0 0.0 0.0 0.0
0 0.0 0.1359375 0.0 0.1359375 0.0 0.05249065625 0.0 0.05249065625
0 0.13341562499999995 0.0 0.3171875 0.0 0.13341562499999995 0.0 0.3171875 0.0
0 0.0 0.1359375 0.21216406250000014 0.1359375 0.0 0.0 0.21216406250000014 0.0
0 0.0 0.1359375 0.0 0.1359375 0.0 0.0 0.0 0.0
0 0.0 0.0 0.2851125 0.0 0.0 0.0 0.2851125 0.0
0 0.0 0.1359375 0.1736625 0.1359375 0.0 0.0 0.1736625 0.0
0 0.27898906250000016 0.0 0.3171875 0.0 0.27898906250000016 0.0 0.3171875 0.0
0 0.1466687499999999 0.0 0.3124593749999999 0.0 0.1466687499999999 0.0 0.3124593749999999 0.0
0 0.0 0.05607784374999998 0.0 0.05607784374999998 0.0 0.0 0.0 0.0
0 0.0 0.1359375 0.0 0.1359375 0.0 0.07616512499999999 0.0 0.07616512499999999
0 0.0 0.0 0.18929062499999993 0.0 0.0 0.0 0.18929062499999993 0.0
