0 0.752435 0.1359375 1.0 0.1359375 0.752435 0.06379823437500001 1.0 0.06379823437500001
0 0.0 0.0 0.07679701562499999 0.0 0.0 0.0 0.07679701562499999 0.0
0 0.79072796875 0.0 0.84154578125 0.0 0.79072796875 0.0 0.84154578125 0.0
0 0.38670875 0.0 0.61167078125 0.0 0.38670875 0.0 0.61167078125 0.0
0 1.0 0.1359375 1.0 0.1359375 1.0 0.088267109375 1.0 0.088267109375
0 0.07880309375 0.1317413765625 0.31398375 0.1317413765625 0.07880309375 0.0 0.31398375 0.0
0 1.0 0.1359375 1.0 0.1359375 1.0 0.10886567187500003 1.0 0.10886567187500003
0 0.85865875 0.054700234375000004 1.0 0.054700234375000004 0.85865875 0.0 1.0 0.0
0 0.0 0.0 0.06839396875 0.0 0.0 0.0 0.06839396875 0.0
0 1.0 0.1359375 1.0 0.1359375 1.0 0.09235004687499995 1.0 0.09235004687499995
0 1.0 0.1359375 1.0 0.1359375 1.0 0.07185478125000007 1.0 0.07185478125000007
0 0.47077609374999996 0.0 0.78099515625 0.0 0.47077609374999996 0.0 0.78099515625 0.0
0 0.5028303125 0.1359375 0.7371578125 0.1359375 0.5028303125 0.10922818749999993 0.7371578125 0.10922818749999993
0 0.025051796874999997 0.0 0.32742546875 0.0 0.025051796874999997 0.0 0.32742546875 0.0
0 0.5819153125 0.1359375 0.89176171875 0.1359375 0.5819153125 0.10054870312500004 0.89176171875 0.10054870312500004
0 1.0 0.1359375 1.0 0.1359375 1.0 0.10249450000000007 1.0 0.10249450000000007
0 0.0 0.0 0.11178810937500001 0.0 0.0 0.0 0.11178810937500001 0.0
0 0.0 0.0 0.047931265625000004 0.0 0.0 0.0 0.047931265625000004 0.0
0 0.05183253125 0.0 0.35293671875 0.0 0.05183253125 0.0 0.35293671875 0.0
0 1.0 0.07341534374999999 1.0 0.07341534374999999 1.0 0.0 1.0 0.0
0 0.59388671875 0.1359375 1.0 0.1359375 0.59388671875 0.0 1.0 0.0
0 0.8610496875000001 0.0 1.0 0.0 0.8610496875000001 0.0 1.0 0.0
0 0.23586015625 0.025808078124999946 0.54083921875 0.025808078124999946 0.23586015625 0.0 0.54083921875 0.0
0 1.0 0.12946067343749998 1.0 0.12946067343749998 1.0 0.0 1.0 0.0
0 0.47612421875 0.0 0.895683125 0.0 0.47612421875 0.0 0.895683125 0.0
