0 0.6503921874999999 0.55625171875 0.9011203125000001 0.55625171875 0.6503921874999999 0.29238656249999995 0.9011203125000001 0.29238656249999995
0 0.0 1.0 0.19784312499999998 1.0 0.0 1.0 0.19784312499999998 1.0
0 1.0 0.45717093750000004 1.0 0.45717093750000004 1.0 0.15076421875 1.0 0.15076421875
0 1.0 0.34134843750000005 1.0 0.34134843750000005 1.0 0.11044515624999995 1.0 0.11044515624999995
0 0.0 0.12392656249999998 0.0 0.12392656249999998 0.0 0.0 0.0 0.0
0 0.3143395312499999 0.14157031250000002 0.35778671875000007 0.14157031250000002 0.3143395312499999 0.09602796875 0.35778671875000007 0.09602796875
0 0.0 0.21135406250000005 0.0 0.21135406250000005 0.0 0.15913421875000006 0.0 0.15913421875000006
0 0.32768406250000004 0.08292921875 0.39748406250000007 0.08292921875 0.32768406250000004 0.012201093750000069 0.39748406250000007 0.012201093750000069
0 0.0 0.8485329687500001 0.0 0.8485329687500001 0.0 0.65158015625 0.0 0.65158015625
0 0.5052465625 0.55133640625 0.579721875 0.55133640625 0.5052465625 0.47620781250000005 0.579721875 0.47620781250000005
0 0.054301874999999986 0.42585453125 0.3247975 0.42585453125 0.054301874999999986 0.15875828125000008 0.3247975 0.15875828125000008
0 0.8310203125000001 0.13617734375 0.9820593750000001 0.13617734375 0.8310203125000001 0.0 0.9820593750000001 0.0
0 0.03833687500000007 1.0 0.29141281249999995 1.0 0.03833687500000007 1.0 0.29141281249999995 1.0
0 0.0 1.0 0.0 1.0 0.0 0.8967315625 0.0 0.8967315625
0 1.0 0.9051934375 1.0 0.9051934375 1.0 0.71168453125 1.0 0.71168453125
0 0.7476921874999999 1.0 0.920821875 1.0 0.7476921874999999 1.0 0.920821875 1.0
0 0.0 1.0 0.12484453124999995 1.0 0.0 0.7947034374999999 0.12484453124999995 0.7947034374999999
0 0.0 0.3313321875 0.0 0.3313321875 0.0 0.047696093749999946 0.0 0.047696093749999946
0 0.0 0.425360625 0.0 0.425360625 0.0 0.11636890624999996 0.0 0.11636890624999996
0 1.0 0.2403115625 1.0 0.2403115625 1.0 0.018046874999999928 1.0 0.018046874999999928
0 0.0 0.44356437499999996 0.0 0.44356437499999996 0.0 0.13967343749999994 0.0 0.13967343749999994
0 0.2180971874999999 1.0 0.42663109375 1.0 0.2180971874999999 1.0 0.42663109375 1.0
0 1.0 0.06385109374999995 1.0 0.06385109374999995 1.0 0.0 1.0 0.0
0 0.0 0.6798017187500001 0.0 0.6798017187500001 0.0 0.5202765625 0.0 0.5202765625
0 0.0 0.9112921875 0.0 0.9112921875 0.0 0.74277984375 0.0 0.74277984375
0 1.0 0.05176499999999997 1.0 0.05176499999999997 1.0 0.0 1.0 0.0
0 0.0 0.53999625 0.0 0.53999625 0.0 0.23710468749999994 0.0 0.23710468749999994
0 0.9366484374999999 1.0 1.0 1.0 0.9366484374999999 0.8290875 1.0 0.8290875
0 0.0 1.0 0.02823031250000003 1.0 0.0 0.9690903125 0.02823031250000003 0.9690903125
0 0.0 0.2552179687500001 0.029465781250000055 0.2552179687500001 0.0 0.08171125000000004 0.029465781250000055 0.08171125000000004
0 0.0 1.0 0.0 1.0 0.0 0.72004375 0.0 0.72004375
0 0.37545921875 1.0 0.6079593750000001 1.0 0.37545921875 0.92310828125 0.6079593750000001 0.92310828125
0 0.0 0.62615359375 0.0 0.62615359375 0.0 0.1992445312499999 0.0 0.1992445312499999
