0 0.0 0.1359375 0.0 0.1359375 0.0 0.06379823437500001 0.0 0.06379823437500001
0 0.2952515625 0.0 0.3171875 0.0 0.2952515625 0.0 0.3171875 0.0
0 0.27060468749999983 0.0 0.3171875 0.0 0.27060468749999983 0.0 0.3171875 0.0
0 0.0 0.1359375 0.0 0.1359375 0.0 0.088267109375 0.0 0.088267109375
0 0.0 0.1317413765625 0.0 0.1317413765625 0.0 0.0 0.0 0.0
0 0.28296562499999994 0.0 0.3171875 0.0 0.28296562499999994 0.0 0.3171875 0.0
0 0.0 0.1359375 0.0 0.1359375 0.0 0.10886567187500003 0.0 0.10886567187500003
0 0.0 0.054700234375000004 0.0 0.054700234375000004 0.0 0.0 0.0 0.0
0 0.14675781249999992 0.1359375 0.3171875 0.1359375 0.14675781249999992 0.09235004687499995 0.3171875 0.09235004687499995
0 0.28265468749999983 0.1359375 0.3171875 0.1359375 0.28265468749999983 0.07185478125000007 0.3171875 0.07185478125000007
0 0.0 0.1359375 0.0 0.1359375 0.0 0.10922818749999993 0.0 0.10922818749999993
0 0.2548890624999999 0.0 0.3171875 0.0 0.2548890624999999 0.0 0.3171875 0.0
0 0.0 0.1359375 0.0 0.1359375 0.0 0.10054870312500004 0.0 0.10054870312500004
0 0.0 0.1359375 0.0 0.1359375 0.0 0.10249450000000007 0.0 0.10249450000000007
0 0.1105875000000001 0.0 0.3171875 0.0 0.1105875000000001 0.0 0.3171875 0.0
0 0.25280781250000006 0.0 0.3171875 0.0 0.25280781250000006 0.0 0.3171875 0.0
0 0.0 0.07341534374999999 0.15869375000000013 0.07341534374999999 0.0 0.0 0.15869375000000013 0.0
0 0.0 0.1359375 0.0 0.1359375 0.0 0.0 0.0 0.0
0 0.0 0.025808078124999946 0.0 0.025808078124999946 0.0 0.0 0.0 0.0
0 0.0 0.12946067343749998 0.0 0.12946067343749998 0.0 0.0 0.0 0.0
