0 0.0 0.55625171875 0.0 0.55625171875 0.0 0.29238656249999995 0.0 0.29238656249999995
0 0.2952515625 0.45717093750000004 0.3171875 0.45717093750000004 0.2952515625 0.15076421875 0.3171875 0.15076421875
0 0.27060468749999983 0.34134843750000005 0.3171875 0.34134843750000005 0.27060468749999983 0.11044515624999995 0.3171875 0.11044515624999995
0 0.0 0.12392656249999998 0.0 0.12392656249999998 0.0 0.0 0.0 0.0
0 0.0 0.14157031250000002 0.0 0.14157031250000002 0.0 0.09602796875 0.0 0.09602796875
0 0.0 0.21135406250000005 0.0 0.21135406250000005 0.0 0.15913421875000006 0.0 0.15913421875000006
0 0.0 0.08292921875 0.0 0.08292921875 0.0 0.012201093750000069 0.0 0.012201093750000069
0 0.0 0.8485329687500001 0.0 0.8485329687500001 0.0 0.65158015625 0.0 0.65158015625
0 0.0 0.55133640625 0.0 0.55133640625 0.0 0.47620781250000005 0.0 0.47620781250000005
0 0.0 0.42585453125 0.0 0.42585453125 0.0 0.15875828125000008 0.0 0.15875828125000008
0 0.0 0.13617734375 0.0 0.13617734375 0.0 0.0 0.0 0.0
0 0.0 1.0 0.0 1.0 0.0 0.8967315625 0.0 0.8967315625
0 0.28296562499999994 0.9051934375 0.3171875 0.9051934375 0.28296562499999994 0.71168453125 0.3171875 0.71168453125
0 0.0 1.0 0.0 1.0 0.0 0.7947034374999999 0.0 0.7947034374999999
0 0.0 0.3313321875 0.0 0.3313321875 0.0 0.047696093749999946 0.0 0.047696093749999946
0 0.14675781249999992 1.0 0.3171875 1.0 0.14675781249999992 1.0 0.3171875 1.0
0 0.28265468749999983 1.0 0.3171875 1.0 0.28265468749999983 1.0 0.3171875 1.0
0 0.0 0.425360625 0.0 0.425360625 0.0 0.11636890624999996 0.0 0.11636890624999996
0 0.2548890624999999 0.2403115625 0.3171875 0.2403115625 0.2548890624999999 0.018046874999999928 0.3171875 0.018046874999999928
0 0.0 0.44356437499999996 0.0 0.44356437499999996 0.0 0.13967343749999994 0.0 0.13967343749999994
0 0.1105875000000001 0.06385109374999995 0.3171875 0.06385109374999995 0.1105875000000001 0.0 0.3171875 0.0
0 0.0 0.6798017187500001 0.0 0.6798017187500001 0.0 0.5202765625 0.0 0.5202765625
0 0.0 0.9112921875 0.0 0.9112921875 0.0 0.74277984375 0.0 0.74277984375
0 0.25280781250000006 0.05176499999999997 0.3171875 0.05176499999999997 0.25280781250000006 0.0 0.3171875 0.0
0 0.0 0.53999625 0.0 0.53999625 0.0 0.23710468749999994 0.0 0.23710468749999994
0 0.0 1.0 0.15869375000000013 1.0 0.0 0.8290875 0.15869375000000013 0.8290875
0 0.0 1.0 0.0 1.0 0.0 0.9690903125 0.0 0.9690903125
0 0.0 0.2552179687500001 0.0 0.2552179687500001 0.0 0.08171125000000004 0.0 0.08171125000000004
0 0.0 1.0 0.0 1.0 0.0 0.72004375 0.0 0.72004375
0 0.0 1.0 0.0 1.0 0.0 0.92310828125 0.0 0.92310828125
0 0.0 0.62615359375 0.0 0.62615359375 0.0 0.1992445312499999 0.0 0.1992445312499999
