0 0.9482310937499999 0.0 1.0 0.0 0.9482310937499999 0.0 1.0 0.0
0 0.21839578125 0.0 0.5051981249999999 0.0 0.21839578125 0.0 0.5051981249999999 0.0
0 0.9710943750000001 0.0 1.0 0.0 0.9710943750000001 0.0 1.0 0.0
0 0.9691317187499999 0.09839293750000007 1.0 0.09839293750000007 0.9691317187499999 0.0 1.0 0.0
0 1.0 0.1359375 1.0 0.1359375 1.0 0.0 1.0 0.0
0 0.19378625 0.0 0.49125203125 0.0 0.19378625 0.0 0.49125203125 0.0
0 0.0668669375 0.0 0.20048609375 0.0 0.0668669375 0.0 0.20048609375 0.0
0 0.0 0.0 0.0975530625 0.0 0.0 0.0 0.0975530625 0.0
0 1.0 0.1359375 1.0 0.1359375 1.0 0.0 1.0 0.0
0 1.0 0.07531967187500008 1.0 0.07531967187500008 1.0 0.0 1.0 0.0
0 0.22417812499999998 0.0 0.4986103125 0.0 0.22417812499999998 0.0 0.4986103125 0.0
0 0.15904921875 0.0 0.4714709375 0.0 0.15904921875 0.0 0.4714709375 0.0
0 0.82477515625 0.0 1.0 0.0 0.82477515625 0.0 1.0 0.0
0 0.47714484375 0.0 0.7749596875 0.0 0.47714484375 0.0 0.7749596875 0.0
0 0.828275 0.0 1.0 0.0 0.828275 0.0 1.0 0.0
0 0.30157609375 0.0 0.47564140625 0.0 0.30157609375 0.0 0.47564140625 0.0
0 0.98463171875 0.0 1.0 0.0 0.98463171875 0.0 1.0 0.0
