0 0.873498125 0.1359375 1.0 0.1359375 0.873498125 0.04378970312499995 1.0 0.04378970312499995
0 0.6540925 0.0 0.70949796875 0.0 0.6540925 0.0 0.70949796875 0.0
0 1.0 0.1359375 1.0 0.1359375 1.0 0.11054759374999996 1.0 0.11054759374999996
0 1.0 0.1359375 1.0 0.1359375 1.0 0.03411092187500007 1.0 0.03411092187500007
0 0.9285429687500001 0.1359375 1.0 0.1359375 0.9285429687500001 0.0 1.0 0.0
0 0.5894240625 0.0 0.8815489062499999 0.0 0.5894240625 0.0 0.8815489062499999 0.0
0 0.49324671875000003 0.1359375 0.7145240625 0.1359375 0.49324671875000003 0.0 0.7145240625 0.0
0 0.123284796875 0.1359375 0.41768390625 0.1359375 0.123284796875 0.06732626562499995 0.41768390625 0.06732626562499995
0 0.4823071875 0.0 0.653586875 0.0 0.4823071875 0.0 0.653586875 0.0
0 0.537798125 0.0 0.7660453125 0.0 0.537798125 0.0 0.7660453125 0.0
0 0.68636953125 0.0 0.952526875 0.0 0.68636953125 0.0 0.952526875 0.0
0 0.07174646875 0.1359375 0.26616765625 0.1359375 0.07174646875 0.0 0.26616765625 0.0
0 0.28213609375000004 0.0 0.6559296875 0.0 0.28213609375000004 0.0 0.6559296875 0.0
0 0.32737015625 0.0 0.6303170312499999 0.0 0.32737015625 0.0 0.6303170312499999 0.0
0 0.6967828125 0.0 0.935076875 0.0 0.6967828125 0.0 0.935076875 0.0
0 0.0 0.1359375 0.31658125 0.1359375 0.0 0.12107660781249993 0.31658125 0.12107660781249993
0 0.55015765625 0.0 0.79600359375 0.0 0.55015765625 0.0 0.79600359375 0.0
0 0.93338453125 0.0 1.0 0.0 0.93338453125 0.0 1.0 0.0
0 0.30301890625 0.01864043750000004 0.5730929687499999 0.01864043750000004 0.30301890625 0.0 0.5730929687499999 0.0
