0 0.1367437500000001 0.0 0.2914406249999999 0.0 0.1367437500000001 0.0 0.2914406249999999 0.0
0 0.0 0.1359375 0.0 0.1359375 0.0 0.04378970312499995 0.0 0.04378970312499995
0 0.0 0.1359375 0.20687968750000002 0.1359375 0.0 0.11054759374999996 0.20687968750000002 0.11054759374999996
0 0.11013906250000005 0.0 0.18205781250000008 0.0 0.11013906250000005 0.0 0.18205781250000008 0.0
0 0.0 0.1359375 0.0 0.1359375 0.0 0.03411092187500007 0.0 0.03411092187500007
0 0.0 0.1359375 0.0 0.1359375 0.0 0.0 0.0 0.0
0 0.0 0.1359375 0.0 0.1359375 0.0 0.0 0.0 0.0
0 0.0 0.1359375 0.0 0.1359375 0.0 0.06732626562499995 0.0 0.06732626562499995
0 0.0 0.0 0.11818906250000012 0.0 0.0 0.0 0.11818906250000012 0.0
0 0.0 0.0 0.09455312499999984 0.0 0.0 0.0 0.09455312499999984 0.0
0 0.0 0.1359375 0.0 0.1359375 0.0 0.0 0.0 0.0
0 0.030131250000000165 0.0 0.07371718750000014 0.0 0.030131250000000165 0.0 0.07371718750000014 0.0
0 0.0 0.1359375 0.0 0.1359375 0.0 0.12107660781249993 0.0 0.12107660781249993
0 0.0 0.01864043750000004 0.0 0.01864043750000004 0.0 0.0 0.0 0.0
