0 0.1367437500000001 0.48478062499999997 0.2914406249999999 0.48478062499999997 0.1367437500000001 0.322624375 0.2914406249999999 0.322624375
0 0.0 0.9495714062499999 0.0 0.9495714062499999 0.0 0.89506125 0.0 0.89506125
0 0.0 1.0 0.20687968750000002 1.0 0.0 1.0 0.20687968750000002 1.0
0 0.11013906250000005 0.3875571875 0.18205781250000008 0.3875571875 0.11013906250000005 0.3148221875000001 0.18205781250000008 0.3148221875000001
0 0.0 1.0 0.0 1.0 0.0 0.68649265625 0.0 0.68649265625
0 0.0 0.463195625 0.0 0.463195625 0.0 0.22685828125000002 0.0 0.22685828125000002
0 0.0 0.03941625000000002 0.0 0.03941625000000002 0.0 0.0 0.0 0.0
0 0.0 0.09231781249999997 0.0 0.09231781249999997 0.0 0.0 0.0 0.0
0 0.0 1.0 0.0 1.0 0.0 0.9717268750000001 0.0 0.9717268750000001
0 0.0 0.9046248437500001 0.0 0.9046248437500001 0.0 0.5762215625 0.0 0.5762215625
0 0.0 0.3543909375 0.0 0.3543909375 0.0 0.08482828125000008 0.0 0.08482828125000008
0 0.0 0.65045078125 0.0 0.65045078125 0.0 0.39914812499999996 0.0 0.39914812499999996
0 0.0 0.16693781249999998 0.0 0.16693781249999998 0.0 0.005898281250000003 0.0 0.005898281250000003
0 0.0 0.46232281249999996 0.0 0.46232281249999996 0.0 0.21341874999999993 0.0 0.21341874999999993
0 0.0 0.04895187500000002 0.11818906250000012 0.04895187500000002 0.0 0.0 0.11818906250000012 0.0
0 0.0 0.8631781249999999 0.0 0.8631781249999999 0.0 0.60882203125 0.0 0.60882203125
0 0.0 0.19257562499999992 0.0 0.19257562499999992 0.0 0.11616671875000009 0.0 0.11616671875000009
0 0.0 0.11411421874999998 0.0 0.11411421874999998 0.0 0.0 0.0 0.0
0 0.0 0.87792484375 0.09455312499999984 0.87792484375 0.0 0.67543734375 0.09455312499999984 0.67543734375
0 0.0 0.020308750000000052 0.0 0.020308750000000052 0.0 0.0 0.0 0.0
0 0.0 0.28680406250000007 0.0 0.28680406250000007 0.0 6.171874999996163e-05 0.0 6.171874999996163e-05
0 0.0 1.0 0.0 1.0 0.0 0.97607625 0.0 0.97607625
0 0.0 0.8172499999999999 0.0 0.8172499999999999 0.0 0.45642125 0.0 0.45642125
0 0.0 0.31799531250000007 0.0 0.31799531250000007 0.0 0.01729093749999997 0.0 0.01729093749999997
0 0.030131250000000165 0.4660978125 0.07371718750000014 0.4660978125 0.030131250000000165 0.42042624999999995 0.07371718750000014 0.42042624999999995
0 0.0 0.5017171874999999 0.0 0.5017171874999999 0.0 0.26117140625000007 0.0 0.26117140625000007
0 0.0 0.52124234375 0.0 0.52124234375 0.0 0.24455218750000007 0.0 0.24455218750000007
0 0.0 0.38969953124999995 0.0 0.38969953124999995 0.0 0.10034078125000008 0.0 0.10034078125000008
0 0.0 0.4709778125 0.0 0.4709778125 0.0 0.24936578125000003 0.0 0.24936578125000003
0 0.0 0.7944 0.0 0.7944 0.0 0.63798515625 0.0 0.63798515625
0 0.0 1.0 0.0 1.0 0.0 0.7499156250000001 0.0 0.7499156250000001
