0 0.5389253125 0.0 0.8461156249999998 0.0 0.5389253125 0.0 0.8461156249999998 0.0
0 1.0 0.07026048437500006 1.0 0.07026048437500006 1.0 0.0 1.0 0.0
0 0.9322703125 0.08880192187499994 1.0 0.08880192187499994 0.9322703125 0.0 1.0 0.0
0 0.46367546875 0.0 0.7530296875000001 0.0 0.46367546875 0.0 0.7530296875000001 0.0
0 0.9880296874999999 0.039802874999999995 1.0 0.039802874999999995 0.9880296874999999 0.0 1.0 0.0
0 0.5717671875000001 0.0 0.8625093750000001 0.0 0.5717671875000001 0.0 0.8625093750000001 0.0
0 0.0 0.1359375 0.0 0.1359375 0.0 0.0 0.0 0.0
0 0.27482093750000003 0.0 0.5034806250000001 0.0 0.27482093750000003 0.0 0.5034806250000001 0.0
0 1.0 0.1359375 1.0 0.1359375 1.0 0.0 1.0 0.0
0 0.0 0.0 0.05694156249999995 0.0 0.0 0.0 0.05694156249999995 0.0
0 0.0 0.1359375 0.0 0.1359375 0.0 0.09805514062499991 0.0 0.09805514062499991
0 0.0 0.1359375 0.0 0.1359375 0.0 0.10941184375000006 0.0 0.10941184375000006
0 0.0 0.0 0.023851718749999938 0.0 0.0 0.0 0.023851718749999938 0.0
0 0.06584296875 0.0 0.299630625 0.0 0.06584296875 0.0 0.299630625 0.0
0 0.0 0.11465456249999999 0.0 0.11465456249999999 0.0 0.0 0.0 0.0
0 0.31592515624999995 0.0 0.38319046874999996 0.0 0.31592515624999995 0.0 0.38319046874999996 0.0
0 0.0 0.1359375 0.05673984374999996 0.1359375 0.0 0.0 0.05673984374999996 0.0
0 0.963821875 0.0 1.0 0.0 0.963821875 0.0 1.0 0.0
0 0.5844890625 0.0 0.7626890625000001 0.0 0.5844890625 0.0 0.7626890625000001 0.0
