0 0.0 0.1359375 0.0 0.1359375 0.0 0.0 0.0 0.0
0 0.0 0.1359375 0.0 0.1359375 0.0 0.11762768749999993 0.0 0.11762768749999993
0 0.0 0.1359375 0.0 0.1359375 0.0 0.12901166406249995 0.0 0.12901166406249995
0 0.2933671875000002 0.1359375 0.3171875 0.1359375 0.2933671875000002 0.0 0.3171875 0.0
0 0.0 0.08652535937499994 0.0 0.08652535937499994 0.0 0.0 0.0 0.0
0 0.0 0.05296614062499998 0.0 0.05296614062499998 0.0 0.0 0.0 0.0
0 0.04121875000000017 0.0 0.2928625 0.0 0.04121875000000017 0.0 0.2928625 0.0
0 0.0 0.1359375 0.0 0.1359375 0.0 0.0 0.0 0.0
0 0.009532812500000177 0.0 0.3171875 0.0 0.009532812500000177 0.0 0.3171875 0.0
0 0.0 0.1359375 0.0 0.1359375 0.0 0.12100582187499995 0.0 0.12100582187499995
0 0.12183593749999985 0.09672103125000006 0.3171875 0.09672103125000006 0.12183593749999985 0.0 0.3171875 0.0
0 0.0 0.1359375 0.0 0.1359375 0.0 0.0 0.0 0.0
0 0.0 0.1359375 0.0 0.1359375 0.0 0.0 0.0 0.0
0 0.03002187499999991 0.1359375 0.26557031249999985 0.1359375 0.03002187499999991 0.13228652499999996 0.26557031249999985 0.13228652499999996
0 0.017853124999999893 0.0 0.3171875 0.0 0.017853124999999893 0.0 0.3171875 0.0
0 0.0 0.1359375 0.0520734375 0.1359375 0.0 0.0 0.0520734375 0.0
0 0.0 0.1359375 0.0 0.1359375 0.0 0.0066666874999999235 0.0 0.0066666874999999235
