0 0.7547953125 0.0 1.0 0.0 0.7547953125 0.0 1.0 0.0
0 0.6544859375000002 0.1359375 1.0 0.1359375 0.6544859375000002 0.0 1.0 0.0
0 0.4833648437500001 0.0 0.8169765625000001 0.0 0.4833648437500001 0.0 0.8169765625000001 0.0
0 0.0 0.0 0.0320446875 0.0 0.0 0.0 0.0320446875 0.0
0 0.6603187500000001 0.0 0.8967937500000002 0.0 0.6603187500000001 0.0 0.8967937500000002 0.0
0 0.08608875000000005 0.0 0.2772514062500001 0.0 0.08608875000000005 0.0 0.2772514062500001 0.0
0 0.3167384374999999 0.0 0.619696875 0.0 0.3167384374999999 0.0 0.619696875 0.0
0 0.42603765624999995 0.0 0.8778343750000002 0.0 0.42603765624999995 0.0 0.8778343750000002 0.0
0 0.08802765625000006 0.1359375 0.3112562499999999 0.1359375 0.08802765625000006 0.0 0.3112562499999999 0.0
0 0.50518984375 0.0 0.7395171875 0.0 0.50518984375 0.0 0.7395171875 0.0
0 1.0 0.10403031249999994 1.0 0.10403031249999994 1.0 0.0 1.0 0.0
0 0.0 0.1359375 0.07613890624999993 0.1359375 0.0 0.05772609375000002 0.07613890624999993 0.05772609375000002
0 0.5842750000000001 0.0 0.8941218750000001 0.0 0.5842750000000001 0.0 0.8941218750000001 0.0
0 0.0 0.0 0.060439062500000064 0.0 0.0 0.0 0.060439062500000064 0.0
0 1.0 0.1359375 1.0 0.1359375 1.0 0.0 1.0 0.0
0 0.15074546874999992 0.1359375 0.36742500000000006 0.1359375 0.15074546874999992 0.007939046875000067 0.36742500000000006 0.007939046875000067
0 0.45038437499999995 0.1359375 0.7606750000000002 0.1359375 0.45038437499999995 0.102461671875 0.7606750000000002 0.102461671875
0 0.22527749999999996 0.0 0.41113265625000006 0.0 0.22527749999999996 0.0 0.41113265625000006 0.0
0 0.9549109375 0.0 1.0 0.0 0.9549109375 0.0 1.0 0.0
0 0.8633296874999999 0.1359375 1.0 0.1359375 0.8633296874999999 0.0 1.0 0.0
0 0.596246875 0.0 1.0 0.0 0.596246875 0.0 1.0 0.0
0 0.011647499999999944 0.1359375 0.13111062499999998 0.1359375 0.011647499999999944 0.11505879687499991 0.13111062499999998 0.11505879687499991
