0 0.7547953125 0.30767703125000007 1.0 0.30767703125000007 0.7547953125 0.0 1.0 0.0
0 0.6544859375000002 1.0 1.0 1.0 0.6544859375000002 0.91004375 1.0 0.91004375
0 0.0 0.85985828125 0.0 0.85985828125 0.0 0.66278546875 0.0 0.66278546875
0 0.4833648437500001 0.4874296875 0.8169765625000001 0.4874296875 0.4833648437500001 0.16915890625000002 0.8169765625000001 0.16915890625000002
0 0.0 0.38441296875 0.0 0.38441296875 0.0 0.30531015625 0.0 0.30531015625
0 1.0 0.20489828125000004 1.0 0.20489828125000004 1.0 0.12670906249999997 1.0 0.12670906249999997
0 1.0 0.80971328125 1.0 0.80971328125 1.0 0.54043671875 1.0 0.54043671875
0 0.0 0.08012421874999998 0.0 0.08012421874999998 0.0 0.0 0.0 0.0
0 1.0 0.1319232812499999 1.0 0.1319232812499999 1.0 0.0 1.0 0.0
0 0.0 0.62029640625 0.0 0.62029640625 0.0 0.36942031249999996 0.0 0.36942031249999996
0 0.0 0.62779921875 0.0320446875 0.62779921875 0.0 0.3234293750000001 0.0320446875 0.3234293750000001
0 0.6603187500000001 0.6848432812499999 0.8967937500000002 0.6848432812499999 0.6603187500000001 0.4485309375 0.8967937500000002 0.4485309375
0 0.08608875000000005 0.6923909375 0.2772514062500001 0.6923909375 0.08608875000000005 0.48877812499999995 0.2772514062500001 0.48877812499999995
0 0.3167384374999999 0.96966265625 0.619696875 0.96966265625 0.3167384374999999 0.676985625 0.619696875 0.676985625
0 0.42603765624999995 0.403655625 0.8778343750000002 0.403655625 0.42603765624999995 0.0 0.8778343750000002 0.0
0 0.08802765625000006 1.0 0.3112562499999999 1.0 0.08802765625000006 0.9705881250000001 0.3112562499999999 0.9705881250000001
0 0.50518984375 0.13163656249999994 0.7395171875 0.13163656249999994 0.50518984375 0.0 0.7395171875 0.0
0 1.0 1.0 1.0 1.0 1.0 0.942908125 1.0 0.942908125
0 0.0 1.0 0.07613890624999993 1.0 0.0 1.0 0.07613890624999993 1.0
0 0.5842750000000001 0.20143343750000006 0.8941218750000001 0.20143343750000006 0.5842750000000001 0.0 0.8941218750000001 0.0
0 1.0 0.09693234375 1.0 0.09693234375 1.0 0.0 1.0 0.0
0 0.0 0.9594234374999999 0.060439062500000064 0.9594234374999999 0.0 0.6816184375 0.060439062500000064 0.6816184375
0 1.0 1.0 1.0 1.0 1.0 0.75433953125 1.0 0.75433953125
0 0.15074546874999992 1.0 0.36742500000000006 1.0 0.15074546874999992 1.0 0.36742500000000006 1.0
0 0.45038437499999995 1.0 0.7606750000000002 1.0 0.45038437499999995 1.0 0.7606750000000002 1.0
0 0.22527749999999996 0.58204328125 0.41113265625000006 0.58204328125 0.22527749999999996 0.4110659375 0.41113265625000006 0.4110659375
0 0.0 0.44790484375000006 0.0 0.44790484375000006 0.0 0.253045 0.0 0.253045
0 0.0 0.7913828125 0.0 0.7913828125 0.0 0.5277278125 0.0 0.5277278125
0 0.9549109375 0.6812946875 1.0 0.6812946875 0.9549109375 0.284653125 1.0 0.284653125
0 0.8633296874999999 1.0 1.0 1.0 0.8633296874999999 0.9534212500000001 1.0 0.9534212500000001
0 0.0 0.96623140625 0.0 0.96623140625 0.0 0.65375546875 0.0 0.65375546875
0 0.0 0.07217890624999992 0.0 0.07217890624999992 0.0 0.0 0.0 0.0
0 0.596246875 0.2042353125 1.0 0.2042353125 0.596246875 0.0 1.0 0.0
0 0.011647499999999944 1.0 0.13111062499999998 1.0 0.011647499999999944 1.0 0.13111062499999998 1.0
