0 0.3279134375 0.0 0.6105121875 0.0 0.3279134375 0.0 0.6105121875 0.0
0 0.0726311875 0.0 0.34312125 0.0 0.0726311875 0.0 0.34312125 0.0
0 0.17830140625 0.1359375 0.37359921875 0.1359375 0.17830140625 0.0 0.37359921875 0.0
0 0.496808125 0.05068953124999993 0.937164375 0.05068953124999993 0.496808125 0.0 0.937164375 0.0
0 0.2343790625 0.0 0.2908134375 0.0 0.2343790625 0.0 0.2908134375 0.0
0 1.0 0.1359375 1.0 0.1359375 1.0 0.05399739062499993 1.0 0.05399739062499993
0 0.8582334375 0.0 1.0 0.0 0.8582334375 0.0 1.0 0.0
0 0.838096875 0.10409020312500009 0.89466640625 0.10409020312500009 0.838096875 0.04734837499999998 0.89466640625 0.04734837499999998
0 0.06170484375 0.0 0.20389671874999998 0.0 0.06170484375 0.0 0.20389671874999998 0.0
0 0.77446171875 0.0 0.8311071875 0.0 0.77446171875 0.0 0.8311071875 0.0
0 0.7633671875 0.0 0.9974696875 0.0 0.7633671875 0.0 0.9974696875 0.0
0 0.65422109375 0.045247671875000076 1.0 0.045247671875000076 0.65422109375 0.0 1.0 0.0
0 1.0 0.1359375 1.0 0.1359375 1.0 0.06713515625 1.0 0.06713515625
0 0.126523140625 0.0 0.35734937499999997 0.0 0.126523140625 0.0 0.35734937499999997 0.0
0 0.0 0.07051778125000005 0.12975615625 0.07051778125000005 0.0 0.0 0.12975615625 0.0
0 0.140575703125 0.0 0.38287046875 0.0 0.140575703125 0.0 0.38287046875 0.0
0 0.47484359375 0.06830626562499997 0.6887754687500001 0.06830626562499997 0.47484359375 0.0 0.6887754687500001 0.0
