0 1.0 0.6708079687499999 1.0 0.6708079687499999 1.0 0.4708553125 1.0 0.4708553125
0 0.48393578125000003 0.07708765624999998 0.73625515625 0.07708765624999998 0.48393578125000003 0.0 0.73625515625 0.0
0 0.40542375 0.15736906249999993 0.8559868749999999 0.15736906249999993 0.40542375 0.0 0.8559868749999999 0.0
0 1.0 0.5742015625 1.0 0.5742015625 1.0 0.27132390624999997 1.0 0.27132390624999997
0 0.2995975 0.58273671875 0.6031475000000001 0.58273671875 0.2995975 0.27645796874999995 0.6031475000000001 0.27645796874999995
0 0.30340140625 1.0 0.612563125 1.0 0.30340140625 1.0 0.612563125 1.0
0 0.63574984375 0.8675020312499999 0.892959375 0.8675020312499999 0.63574984375 0.6278098437499999 0.892959375 0.6278098437499999
0 1.0 0.10409562500000007 1.0 0.10409562500000007 1.0 0.0 1.0 0.0
0 1.0 0.3956678125 1.0 0.3956678125 1.0 0.12788609374999993 1.0 0.12788609374999993
0 0.54118796875 0.07706593749999993 0.7929746875 0.07706593749999993 0.54118796875 0.0 0.7929746875 0.0
0 1.0 0.5586446875 1.0 0.5586446875 1.0 0.2958493750000001 1.0 0.2958493750000001
0 1.0 0.27857937499999996 1.0 0.27857937499999996 1.0 0.12609031250000005 1.0 0.12609031250000005
0 0.02456571875 1.0 0.19039765625 1.0 0.02456571875 1.0 0.19039765625 1.0
0 0.40414734374999994 0.9273906249999999 0.55839171875 0.9273906249999999 0.40414734374999994 0.78228625 0.55839171875 0.78228625
0 0.0235198125 0.451413125 0.25402828125 0.451413125 0.0235198125 0.21555734374999994 0.25402828125 0.21555734374999994
0 0.0148501015625 1.0 0.069325703125 1.0 0.0148501015625 0.991156859375 0.069325703125 0.991156859375
0 0.813026875 0.35826906249999996 1.0 0.35826906249999996 0.813026875 0.0 1.0 0.0
0 0.40948078125 1.0 0.693801875 1.0 0.40948078125 1.0 0.693801875 1.0
0 0.145391875 1.0 0.45170296875 1.0 0.145391875 0.758780625 0.45170296875 0.758780625
0 0.79274734375 0.27739796875000006 1.0 0.27739796875000006 0.79274734375 0.03923859375000003 1.0 0.03923859375000003
0 0.23937890624999997 0.7095915625 0.52937796875 0.7095915625 0.23937890624999997 0.425068125 0.52937796875 0.425068125
0 1.0 0.68785875 1.0 0.68785875 1.0 0.5162384375 1.0 0.5162384375
0 1.0 0.90760734375 1.0 0.90760734375 1.0 0.61078953125 1.0 0.61078953125
0 0.5560618749999999 0.36029968749999997 0.81987109375 0.36029968749999997 0.5560618749999999 0.07922859375000009 0.81987109375 0.07922859375000009
0 1.0 0.9693751562499999 1.0 0.9693751562499999 1.0 0.812884375 1.0 0.812884375
0 0.35971765625 0.41484062499999996 0.6200467187500001 0.41484062499999996 0.35971765625 0.14613390625000006 0.6200467187500001 0.14613390625000006
0 1.0 0.74262359375 1.0 0.74262359375 1.0 0.43307578125 1.0 0.43307578125
0 1.0 0.77041046875 1.0 0.77041046875 1.0 0.5822209375 1.0 0.5822209375
