0 0.0 0.5917609374999999 0.08050624999999982 0.5917609374999999 0.0 0.39655359375000004 0.08050624999999982 0.39655359375000004
0 0.3061015625 1.0 0.3171875 1.0 0.3061015625 0.9863781875000001 0.3171875 0.9863781875000001
0 0.2037156249999999 0.46750265625000004 0.3171875 0.46750265625000004 0.2037156249999999 0.03290953124999998 0.3171875 0.03290953124999998
0 0.0 0.44549546875 0.0 0.44549546875 0.0 0.0 0.0 0.0
0 0.0 0.40477359375 0.0 0.40477359375 0.0 0.348088125 0.0 0.348088125
0 0.0 0.6206096875 0.0 0.6206096875 0.0 0.36452171875 0.0 0.36452171875
0 0.0 0.8246701562500001 0.0 0.8246701562500001 0.0 0.659938125 0.0 0.659938125
0 0.0 0.06744593749999997 0.0 0.06744593749999997 0.0 0.011588124999999927 0.0 0.011588124999999927
0 0.0 1.0 0.0 1.0 0.0 0.95050609375 0.0 0.95050609375
0 0.0 1.0 0.0 1.0 0.0 0.9097598437500001 0.0 0.9097598437500001
0 0.0 0.68602640625 0.0 0.68602640625 0.0 0.43950484375 0.0 0.43950484375
0 0.0 0.8616157812499999 0.0 0.8616157812499999 0.0 0.620885 0.0 0.620885
0 0.0 0.351615625 0.0 0.351615625 0.0 0.19152187499999992 0.0 0.19152187499999992
0 0.0012437500000000768 1.0 0.16778281250000013 1.0 0.0012437500000000768 1.0 0.16778281250000013 1.0
0 0.0 1.0 0.0 1.0 0.0 0.97760984375 0.0 0.97760984375
0 0.0 1.0 0.0 1.0 0.0 0.98949221875 0.0 0.98949221875
0 0.0 0.23497843750000005 0.0 0.23497843750000005 0.0 0.006663125000000036 0.0 0.006663125000000036
0 0.0 0.884958125 0.0 0.884958125 0.0 0.72003515625 0.0 0.72003515625
0 0.0 0.18913671875000002 0.0642578125 0.18913671875000002 0.0 0.0 0.0642578125 0.0
0 0.0 0.61311859375 0.0 0.61311859375 0.0 0.47916390625 0.0 0.47916390625
0 0.0 1.0 0.0 1.0 0.0 0.9149128125000001 0.0 0.9149128125000001
0 0.05495937499999996 1.0 0.3171875 1.0 0.05495937499999996 0.806860625 0.3171875 0.806860625
0 0.0 0.42271515624999995 0.0 0.42271515624999995 0.0 0.25469390625 0.0 0.25469390625
0 0.0 1.0 0.11153906249999998 1.0 0.0 0.76600421875 0.11153906249999998 0.76600421875
0 0.0 0.4873309375 0.0 0.4873309375 0.0 0.26432765625000004 0.0 0.26432765625000004
0 0.0 0.019578906249999938 0.08977812500000013 0.019578906249999938 0.0 0.0 0.08977812500000013 0.0
0 0.0 0.49479609375000005 0.0 0.49479609375000005 0.0 0.43222640625000003 0.0 0.43222640625000003
0 0.18175156249999985 0.485119375 0.3171875 0.485119375 0.18175156249999985 0.27130156250000004 0.3171875 0.27130156250000004
