0 0.8852093750000002 0.0 1.0 0.0 0.8852093750000002 0.0 1.0 0.0
0 1.0 0.1359375 1.0 0.1359375 1.0 0.0 1.0 0.0
0 0.9412874999999999 0.0 0.9977218749999999 0.0 0.9412874999999999 0.0 0.9977218749999999 0.0
0 0.29292984375 0.0 0.47311328125 0.0 0.29292984375 0.0 0.47311328125 0.0
0 0.0 0.11621371875000008 0.0 0.11621371875000008 0.0 0.0 0.0 0.0
0 0.0 0.08295929687499992 0.14397296874999999 0.08295929687499992 0.0 0.0 0.14397296874999999 0.0
0 0.06763781249999994 0.0 0.30851656250000004 0.0 0.06763781249999994 0.0 0.30851656250000004 0.0
0 0.7686125 0.0 0.9108046875 0.0 0.7686125 0.0 0.9108046875 0.0
0 1.0 0.1359375 1.0 0.1359375 1.0 0.060783531250000064 1.0 0.060783531250000064
0 0.0 0.1359375 0.09253296874999997 0.1359375 0.0 0.0 0.09253296874999997 0.0
0 0.0 0.1359375 0.0 0.1359375 0.0 0.0 0.0 0.0
0 0.45416749999999995 0.0 0.6746609374999999 0.0 0.45416749999999995 0.0 0.6746609374999999 0.0
0 0.46677125 0.0 0.6395781249999999 0.0 0.46677125 0.0 0.6395781249999999 0.0
0 0.0 0.1359375 0.0 0.1359375 0.0 0.004270703124999997 0.0 0.004270703124999997
0 0.83343125 0.0 1.0 0.0 0.83343125 0.0 1.0 0.0
0 0.0 0.07887120312500003 0.0 0.07887120312500003 0.0 0.0 0.0 0.0
0 1.0 0.09932779687500001 1.0 0.09932779687500001 1.0 0.0 1.0 0.0
0 0.0 0.1359375 0.0 0.1359375 0.0 0.06876345312499996 0.0 0.06876345312499996
0 0.6607234375000001 0.1359375 1.0 0.1359375 0.6607234375000001 0.0 1.0 0.0
0 0.5896046875 0.0 0.8366640624999999 0.0 0.5896046875 0.0 0.8366640624999999 0.0
0 0.8474828124999998 0.0 1.0 0.0 0.8474828124999998 0.0 1.0 0.0
0 0.0 0.0 0.006894843749999957 0.0 0.0 0.0 0.006894843749999957 0.0
