0 1.0 0.1359375 1.0 0.1359375 1.0 0.0 1.0 0.0
0 0.0 0.0 0.3390303125 0.0 0.0 0.0 0.3390303125 0.0
0 0.0 0.0 0.077321921875 0.0 0.0 0.0 0.077321921875 0.0
0 0.0 0.0 0.029878906249999997 0.0 0.0 0.0 0.029878906249999997 0.0
0 0.40103421875 0.11621371875000008 0.5740859375 0.11621371875000008 0.40103421875 0.0 0.5740859375 0.0
0 0.9721240625 0.08295929687499992 1.0 0.08295929687499992 0.9721240625 0.0 1.0 0.0
0 0.0 0.0 0.23934140625000003 0.0 0.0 0.0 0.23934140625000003 0.0
0 1.0 0.1359375 1.0 0.1359375 1.0 0.060783531250000064 1.0 0.060783531250000064
0 0.82990890625 0.1359375 1.0 0.1359375 0.82990890625 0.0 1.0 0.0
0 0.0 0.1359375 0.16724140625 0.1359375 0.0 0.0 0.16724140625 0.0
0 0.057039343750000006 0.1359375 0.23399921875000002 0.1359375 0.057039343750000006 0.004270703124999997 0.23399921875000002 0.004270703124999997
0 0.0 0.0 0.10440750000000001 0.0 0.0 0.0 0.10440750000000001 0.0
0 0.5402826562499999 0.07887120312500003 0.6884046875000001 0.07887120312500003 0.5402826562499999 0.0 0.6884046875000001 0.0
0 1.0 0.09932779687500001 1.0 0.09932779687500001 1.0 0.0 1.0 0.0
0 0.0 0.1359375 0.030521984375 0.1359375 0.0 0.06876345312499996 0.030521984375 0.06876345312499996
0 0.65624140625 0.0 0.82903859375 0.0 0.65624140625 0.0 0.82903859375 0.0
0 1.0 0.1359375 1.0 0.1359375 1.0 0.0 1.0 0.0
0 0.9430142187499999 0.0 1.0 0.0 0.9430142187499999 0.0 1.0 0.0
