0 0.8852093750000002 0.5917609374999999 1.0 0.5917609374999999 0.8852093750000002 0.39655359375000004 1.0 0.39655359375000004
0 1.0 1.0 1.0 1.0 1.0 0.9863781875000001 1.0 0.9863781875000001
0 1.0 0.46750265625000004 1.0 0.46750265625000004 1.0 0.03290953124999998 1.0 0.03290953124999998
0 0.0 0.44549546875 0.0 0.44549546875 0.0 0.0 0.0 0.0
0 0.9412874999999999 0.40477359375 0.9977218749999999 0.40477359375 0.9412874999999999 0.348088125 0.9977218749999999 0.348088125
0 0.0 0.6206096875 0.0 0.6206096875 0.0 0.36452171875 0.0 0.36452171875
0 0.29292984375 0.8246701562500001 0.47311328125 0.8246701562500001 0.29292984375 0.659938125 0.47311328125 0.659938125
0 0.0 0.06744593749999997 0.0 0.06744593749999997 0.0 0.011588124999999927 0.0 0.011588124999999927
0 0.0 1.0 0.0 1.0 0.0 0.95050609375 0.0 0.95050609375
0 0.0 1.0 0.14397296874999999 1.0 0.0 0.9097598437500001 0.14397296874999999 0.9097598437500001
0 0.06763781249999994 0.68602640625 0.30851656250000004 0.68602640625 0.06763781249999994 0.43950484375 0.30851656250000004 0.43950484375
0 0.0 0.8616157812499999 0.0 0.8616157812499999 0.0 0.620885 0.0 0.620885
0 0.7686125 0.351615625 0.9108046875 0.351615625 0.7686125 0.19152187499999992 0.9108046875 0.19152187499999992
0 0.0 1.0 0.09253296874999997 1.0 0.0 0.97760984375 0.09253296874999997 0.97760984375
0 0.0 1.0 0.0 1.0 0.0 0.98949221875 0.0 0.98949221875
0 0.45416749999999995 0.23497843750000005 0.6746609374999999 0.23497843750000005 0.45416749999999995 0.006663125000000036 0.6746609374999999 0.006663125000000036
0 0.46677125 0.884958125 0.6395781249999999 0.884958125 0.46677125 0.72003515625 0.6395781249999999 0.72003515625
0 0.83343125 0.18913671875000002 1.0 0.18913671875000002 0.83343125 0.0 1.0 0.0
0 0.0 0.61311859375 0.0 0.61311859375 0.0 0.47916390625 0.0 0.47916390625
0 0.0 1.0 0.0 1.0 0.0 0.9149128125000001 0.0 0.9149128125000001
0 1.0 1.0 1.0 1.0 1.0 0.806860625 1.0 0.806860625
0 0.0 0.42271515624999995 0.0 0.42271515624999995 0.0 0.25469390625 0.0 0.25469390625
0 0.6607234375000001 1.0 1.0 1.0 0.6607234375000001 0.76600421875 1.0 0.76600421875
0 0.5896046875 0.4873309375 0.8366640624999999 0.4873309375 0.5896046875 0.26432765625000004 0.8366640624999999 0.26432765625000004
0 0.8474828124999998 0.019578906249999938 1.0 0.019578906249999938 0.8474828124999998 0.0 1.0 0.0
0 0.0 0.49479609375000005 0.006894843749999957 0.49479609375000005 0.0 0.43222640625000003 0.006894843749999957 0.43222640625000003
0 1.0 0.485119375 1.0 0.485119375 1.0 0.27130156250000004 1.0 0.27130156250000004
