0 0.0 0.78119828125 0.0 0.78119828125 0.0 0.5654528125 0.0 0.5654528125
0 0.0 1.0 0.0 1.0 0.0 0.8344306249999999 0.0 0.8344306249999999
0 0.03430156249999996 0.8020684375 0.29405624999999985 0.8020684375 0.03430156249999996 0.56434625 0.29405624999999985 0.56434625
0 0.0 0.62098203125 0.09694843750000004 0.62098203125 0.0 0.43842749999999997 0.09694843750000004 0.43842749999999997
0 0.0 0.78070734375 0.0 0.78070734375 0.0 0.51799515625 0.0 0.51799515625
0 0.0 0.75247046875 0.0 0.75247046875 0.0 0.44447328124999996 0.0 0.44447328124999996
0 0.0 0.909301875 0.0 0.909301875 0.0 0.74761484375 0.0 0.74761484375
0 0.0 0.797541875 0.0 0.797541875 0.0 0.55180375 0.0 0.55180375
0 0.0 0.9552725000000001 0.0 0.9552725000000001 0.0 0.6851965625 0.0 0.6851965625
0 0.0 0.8878674999999999 0.0 0.8878674999999999 0.0 0.74530984375 0.0 0.74530984375
0 0.0 0.6364996875 0.0 0.6364996875 0.0 0.43043359375 0.0 0.43043359375
0 0.0 0.9062943750000001 0.0 0.9062943750000001 0.0 0.59881546875 0.0 0.59881546875
0 0.0 0.90915484375 0.0 0.90915484375 0.0 0.69495796875 0.0 0.69495796875
0 0.0 0.2531317187499999 0.0 0.2531317187499999 0.0 0.12108156250000005 0.0 0.12108156250000005
0 0.0 0.39007390624999994 0.0 0.39007390624999994 0.0 0.2375828125 0.0 0.2375828125
0 0.0 1.0 0.0 1.0 0.0 0.9033703125000001 0.0 0.9033703125000001
0 0.1789859374999999 0.47797640625 0.3171875 0.47797640625 0.1789859374999999 0.24446375000000006 0.3171875 0.24446375000000006
0 0.0 0.49598328125 0.0 0.49598328125 0.0 0.32151125 0.0 0.32151125
0 0.0 0.64980171875 0.0 0.64980171875 0.0 0.34456078124999995 0.0 0.34456078124999995
0 0.009349999999999881 1.0 0.2097765625000001 1.0 0.009349999999999881 1.0 0.2097765625000001 1.0
0 0.0 0.021901562500000082 0.0 0.021901562500000082 0.0 0.0 0.0 0.0
0 0.0 0.82314015625 0.0 0.82314015625 0.0 0.62041078125 0.0 0.62041078125
0 0.0 1.0 0.17141562499999985 1.0 0.0 0.981287359375 0.17141562499999985 0.981287359375
0 0.08242968750000017 0.12230421875000008 0.2555671875000002 0.12230421875000008 0.08242968750000017 0.0 0.2555671875000002 0.0
0 0.0 0.04041078124999995 0.0 0.04041078124999995 0.0 0.0 0.0 0.0
0 0.0 0.5065607812499999 0.0 0.5065607812499999 0.0 0.45829062499999995 0.0 0.45829062499999995
0 0.0 0.332694375 0.0 0.332694375 0.0 0.0 0.0 0.0
0 0.0 1.0 0.2734265624999999 1.0 0.0 0.8764745312500001 0.2734265624999999 0.8764745312500001
0 0.0 0.22515531249999993 0.024382812500000028 0.22515531249999993 0.0 0.08694874999999999 0.024382812500000028 0.08694874999999999
0 0.0 0.9687314062500001 0.0 0.9687314062500001 0.0 0.8894934375 0.0 0.8894934375
0 0.0 1.0 0.1171765624999999 1.0 0.0 0.975626875 0.1171765624999999 0.975626875
0 0.0 1.0 0.0 1.0 0.0 0.79527578125 0.0 0.79527578125
