0 0.47415859375 0.0 0.6900859374999999 0.0 0.47415859375 0.0 0.6900859374999999 0.0
0 0.0 0.03757014062500001 0.0 0.03757014062500001 0.0 0.0 0.0 0.0
0 0.9142171874999999 0.0 1.0 0.0 0.9142171874999999 0.0 1.0 0.0
0 0.07701859375000009 0.0 0.33766765625 0.0 0.07701859375000009 0.0 0.33766765625 0.0
0 0.0 0.0 0.12052187500000003 0.0 0.0 0.0 0.12052187500000003 0.0
0 0.18146187499999994 0.1359375 0.42409484375 0.1359375 0.18146187499999994 0.042868453124999914 0.42409484375 0.042868453124999914
0 0.006618437500000063 0.0 0.27126015625 0.0 0.006618437500000063 0.0 0.27126015625 0.0
0 0.4077275 0.0 0.56824375 0.0 0.4077275 0.0 0.56824375 0.0
0 0.3829625 0.0 0.5981875000000001 0.0 0.3829625 0.0 0.5981875000000001 0.0
0 0.12734906250000008 0.0 0.2941410937500001 0.0 0.12734906250000008 0.0 0.2941410937500001 0.0
0 0.0 0.1359375 0.0 0.1359375 0.0 0.0 0.0 0.0
0 0.0 0.1359375 0.0 0.1359375 0.0 0.035589218750000026 0.0 0.035589218750000026
0 0.0 0.0 0.01829796874999996 0.0 0.0 0.0 0.01829796874999996 0.0
0 1.0 0.1359375 1.0 0.1359375 1.0 0.13006525 1.0 0.13006525
0 0.5177865625000001 0.0 0.7884140625 0.0 0.5177865625000001 0.0 0.7884140625 0.0
0 0.9557140624999999 0.1359375 1.0 0.1359375 0.9557140624999999 0.0 1.0 0.0
0 0.0 0.1359375 0.0 0.1359375 0.0 0.12912338906249995 0.0 0.12912338906249995
0 0.038455468749999965 0.0 0.39075109374999994 0.0 0.038455468749999965 0.0 0.39075109374999994 0.0
0 0.9620828124999999 0.1359375 1.0 0.1359375 0.9620828124999999 0.0 1.0 0.0
0 0.8668437499999999 0.0 1.0 0.0 0.8668437499999999 0.0 1.0 0.0
0 0.8281921874999998 0.1359375 1.0 0.1359375 0.8281921874999998 0.0 1.0 0.0
0 0.0 0.018018156249999962 0.0 0.018018156249999962 0.0 0.0 0.0 0.0
0 0.13656171874999998 0.1359375 0.33103765625000003 0.1359375 0.13656171874999998 0.06238582812499995 0.33103765625000003 0.06238582812499995
0 0.0 0.1359375 0.0 0.1359375 0.0 0.09825110937500003 0.0 0.09825110937500003
