0 1.0 0.78119828125 1.0 0.78119828125 1.0 0.5654528125 1.0 0.5654528125
0 0.01327003125 1.0 0.21659046875 1.0 0.01327003125 0.8344306249999999 0.21659046875 0.8344306249999999
0 1.0 0.8020684375 1.0 0.8020684375 1.0 0.56434625 1.0 0.56434625
0 1.0 0.62098203125 1.0 0.62098203125 1.0 0.43842749999999997 1.0 0.43842749999999997
0 1.0 0.78070734375 1.0 0.78070734375 1.0 0.51799515625 1.0 0.51799515625
0 0.8101484375 0.75247046875 1.0 0.75247046875 0.8101484375 0.44447328124999996 1.0 0.44447328124999996
0 0.109865625 0.909301875 0.25445453125 0.909301875 0.109865625 0.74761484375 0.25445453125 0.74761484375
0 0.5452907812500001 0.797541875 0.79801671875 0.797541875 0.5452907812500001 0.55180375 0.79801671875 0.55180375
0 1.0 0.9552725000000001 1.0 0.9552725000000001 1.0 0.6851965625 1.0 0.6851965625
0 1.0 0.8878674999999999 1.0 0.8878674999999999 1.0 0.74530984375 1.0 0.74530984375
0 1.0 0.6364996875 1.0 0.6364996875 1.0 0.43043359375 1.0 0.43043359375
0 0.55041015625 0.9062943750000001 0.8602103124999999 0.9062943750000001 0.55041015625 0.59881546875 0.8602103124999999 0.59881546875
0 0.0134386484375 0.90915484375 0.23600359375000002 0.90915484375 0.0134386484375 0.69495796875 0.23600359375000002 0.69495796875
0 0.29156125 0.2531317187499999 0.41185734375000005 0.2531317187499999 0.29156125 0.12108156250000005 0.41185734375000005 0.12108156250000005
0 1.0 0.39007390624999994 1.0 0.39007390624999994 1.0 0.2375828125 1.0 0.2375828125
0 0.0 1.0 0.044155453125 1.0 0.0 0.9033703125000001 0.044155453125 0.9033703125000001
0 0.35231124999999996 1.0 0.6124576562499999 1.0 0.35231124999999996 1.0 0.6124576562499999 1.0
0 1.0 0.47797640625 1.0 0.47797640625 1.0 0.24446375000000006 1.0 0.24446375000000006
0 0.84141765625 0.49598328125 1.0 0.49598328125 0.84141765625 0.32151125 1.0 0.32151125
0 0.23467921875000003 0.64980171875 0.53887609375 0.64980171875 0.23467921875000003 0.34456078124999995 0.53887609375 0.34456078124999995
0 1.0 0.021901562500000082 1.0 0.021901562500000082 1.0 0.0 1.0 0.0
0 0.18188046875 0.82314015625 0.37485875 0.82314015625 0.18188046875 0.62041078125 0.37485875 0.62041078125
0 1.0 1.0 1.0 1.0 1.0 0.981287359375 1.0 0.981287359375
0 1.0 0.12230421875000008 1.0 0.12230421875000008 1.0 0.0 1.0 0.0
0 0.53482828125 1.0 0.5910607812500001 1.0 0.53482828125 1.0 0.5910607812500001 1.0
0 0.0109405046875 0.04041078124999995 0.312014375 0.04041078124999995 0.0109405046875 0.0 0.312014375 0.0
0 0.60625765625 0.5065607812499999 0.65627484375 0.5065607812499999 0.60625765625 0.45829062499999995 0.65627484375 0.45829062499999995
0 1.0 0.332694375 1.0 0.332694375 1.0 0.0 1.0 0.0
0 1.0 1.0 1.0 1.0 1.0 0.8764745312500001 1.0 0.8764745312500001
0 1.0 0.22515531249999993 1.0 0.22515531249999993 1.0 0.08694874999999999 1.0 0.08694874999999999
0 0.34711171875 0.9687314062500001 0.42623171875 0.9687314062500001 0.34711171875 0.8894934375 0.42623171875 0.8894934375
0 1.0 1.0 1.0 1.0 1.0 0.975626875 1.0 0.975626875
0 0.49477484374999997 1.0 0.709276875 1.0 0.49477484374999997 0.79527578125 0.709276875 0.79527578125
0 0.74025109375 1.0 0.973914375 1.0 0.74025109375 1.0 0.973914375 1.0
