0 0.01327003125 0.03757014062500001 0.21659046875 0.03757014062500001 0.01327003125 0.0 0.21659046875 0.0
0 0.8101484375 0.0 1.0 0.0 0.8101484375 0.0 1.0 0.0
0 0.109865625 0.0 0.25445453125 0.0 0.109865625 0.0 0.25445453125 0.0
0 0.5452907812500001 0.0 0.79801671875 0.0 0.5452907812500001 0.0 0.79801671875 0.0
0 1.0 0.1359375 1.0 0.1359375 1.0 0.042868453124999914 1.0 0.042868453124999914
0 0.55041015625 0.0 0.8602103124999999 0.0 0.55041015625 0.0 0.8602103124999999 0.0
0 0.0134386484375 0.0 0.23600359375000002 0.0 0.0134386484375 0.0 0.23600359375000002 0.0
0 0.29156125 0.0 0.41185734375000005 0.0 0.29156125 0.0 0.41185734375000005 0.0
0 0.0 0.1359375 0.044155453125 0.1359375 0.0 0.0 0.044155453125 0.0
0 0.35231124999999996 0.1359375 0.6124576562499999 0.1359375 0.35231124999999996 0.035589218750000026 0.6124576562499999 0.035589218750000026
0 0.84141765625 0.0 1.0 0.0 0.84141765625 0.0 1.0 0.0
0 0.23467921875000003 0.0 0.53887609375 0.0 0.23467921875000003 0.0 0.53887609375 0.0
0 1.0 0.1359375 1.0 0.1359375 1.0 0.13006525 1.0 0.13006525
0 0.18188046875 0.0 0.37485875 0.0 0.18188046875 0.0 0.37485875 0.0
0 1.0 0.1359375 1.0 0.1359375 1.0 0.0 1.0 0.0
0 0.53482828125 0.1359375 0.5910607812500001 0.1359375 0.53482828125 0.12912338906249995 0.5910607812500001 0.12912338906249995
0 0.0109405046875 0.0 0.312014375 0.0 0.0109405046875 0.0 0.312014375 0.0
0 0.60625765625 0.0 0.65627484375 0.0 0.60625765625 0.0 0.65627484375 0.0
0 1.0 0.1359375 1.0 0.1359375 1.0 0.0 1.0 0.0
0 0.34711171875 0.0 0.42623171875 0.0 0.34711171875 0.0 0.42623171875 0.0
0 1.0 0.1359375 1.0 0.1359375 1.0 0.0 1.0 0.0
0 0.49477484374999997 0.018018156249999962 0.709276875 0.018018156249999962 0.49477484374999997 0.0 0.709276875 0.0
0 1.0 0.1359375 1.0 0.1359375 1.0 0.06238582812499995 1.0 0.06238582812499995
0 0.74025109375 0.1359375 0.973914375 0.1359375 0.74025109375 0.09825110937500003 0.973914375 0.09825110937500003
