0 0.0 0.03527992187500004 0.0 0.03527992187500004 0.0 0.0 0.0 0.0
0 0.0 0.1359375 0.0 0.1359375 0.0 0.0 0.0 0.0
0 0.0 0.1359375 0.0 0.1359375 0.0 0.0 0.0 0.0
0 0.0 0.1359375 0.0 0.1359375 0.0 0.0 0.0 0.0
0 0.0 0.07488624999999996 0.0 0.07488624999999996 0.0 0.0 0.0 0.0
0 0.0 0.1359375 0.0 0.1359375 0.0 0.12032425468749999 0.0 0.12032425468749999
0 0.0 0.1359375 0.0 0.1359375 0.0 0.12714682812499997 0.0 0.12714682812499997
0 0.010960937500000156 0.1359375 0.2939328124999999 0.1359375 0.010960937500000156 0.032083906249999926 0.2939328124999999 0.032083906249999926
0 0.0 0.1359375 0.0 0.1359375 0.0 0.13535366062499996 0.0 0.13535366062499996
0 0.2172281250000001 0.05153418750000007 0.3171875 0.05153418750000007 0.2172281250000001 0.0 0.3171875 0.0
0 0.0 0.0675609218750001 0.12231249999999996 0.0675609218750001 0.0 0.0 0.12231249999999996 0.0
0 0.0 0.1359375 0.0 0.1359375 0.0 0.0 0.0 0.0
0 0.0 0.09194159375000002 0.0 0.09194159375000002 0.0 0.0 0.0 0.0
