0 0.0 0.0 0.10744275 0.0 0.0 0.0 0.10744275 0.0
0 0.20630609375 0.0 0.656743125 0.0 0.20630609375 0.0 0.656743125 0.0
0 0.0 0.0 0.075534125 0.0 0.0 0.0 0.075534125 0.0
0 0.127988 0.0 0.39503468750000004 0.0 0.127988 0.0 0.39503468750000004 0.0
0 1.0 0.1359375 1.0 0.1359375 1.0 0.0245103125 1.0 0.0245103125
0 0.578938125 0.0 0.8410485937500001 0.0 0.578938125 0.0 0.8410485937500001 0.0
0 1.0 0.05059853125 1.0 0.05059853125 1.0 0.0 1.0 0.0
0 0.31602453124999996 0.1359375 0.55705421875 0.1359375 0.31602453124999996 0.0 0.55705421875 0.0
0 0.120794765625 0.0 0.31025640625 0.0 0.120794765625 0.0 0.31025640625 0.0
0 0.88436515625 0.0 0.9394735937500001 0.0 0.88436515625 0.0 0.9394735937500001 0.0
0 0.0 0.0 0.10477709375 0.0 0.0 0.0 0.10477709375 0.0
0 1.0 0.1359375 1.0 0.1359375 1.0 0.08460729687500006 1.0 0.08460729687500006
0 0.29972265625 0.0 0.4221203125 0.0 0.29972265625 0.0 0.4221203125 0.0
0 0.97395421875 0.0 1.0 0.0 0.97395421875 0.0 1.0 0.0
0 1.0 0.1359375 1.0 0.1359375 1.0 0.130576325 1.0 0.130576325
