0 0.0 0.14240468750000002 0.0 0.14240468750000002 0.0 0.0 0.0 0.0
0 0.09725156249999997 0.013949062500000053 0.3171875 0.013949062500000053 0.09725156249999997 0.0 0.3171875 0.0
0 0.0 0.45595125000000003 0.0 0.45595125000000003 0.0 0.19994703124999996 0.0 0.19994703124999996
0 0.20292187499999984 0.95633296875 0.3171875 0.95633296875 0.20292187499999984 0.76112578125 0.3171875 0.76112578125
0 0.0 0.19698656250000007 0.0 0.19698656250000007 0.0 0.0 0.0 0.0
0 0.0 0.81006765625 0.0 0.81006765625 0.0 0.3585784375 0.0 0.3585784375
0 0.0 0.9959414375 0.0 0.9959414375 0.0 0.6946890625 0.0 0.6946890625
0 0.259 0.76934578125 0.3154343749999999 0.76934578125 0.259 0.7126603125 0.3154343749999999 0.7126603125
0 0.0 0.985181859375 0.0 0.985181859375 0.0 0.72909375 0.0 0.72909375
0 0.0 0.16018265624999994 0.0 0.16018265624999994 0.0 0.0 0.0 0.0
0 0.0 1.0 0.0 1.0 0.0 0.80407703125 0.0 0.80407703125
0 0.0 1.0 0.0 1.0 0.0 0.9854570625000001 0.0 0.9854570625000001
0 0.08632500000000007 0.71618765625 0.22851718749999997 0.71618765625 0.08632500000000007 0.5560940624999999 0.22851718749999997 0.5560940624999999
0 0.0 0.8535293750000001 0.0 0.8535293750000001 0.0 0.6349554687500001 0.0 0.6349554687500001
0 0.0 0.25908 0.0 0.25908 0.0 0.2049404687499999 0.0 0.2049404687499999
0 0.0 0.08456437500000007 0.0 0.08456437500000007 0.0 0.0 0.0 0.0
0 0.0 0.5995504687500001 0.0 0.5995504687500001 0.0 0.37123531249999997 0.0 0.37123531249999997
0 0.0 0.3094360937499999 0.0 0.3094360937499999 0.0 0.09030187499999993 0.0 0.09030187499999993
0 0.15114374999999997 0.55370890625 0.3171875 0.55370890625 0.15114374999999997 0.323025 0.3171875 0.323025
0 0.0 0.10125593750000003 0.0 0.10125593750000003 0.0 0.02284015625000002 0.0 0.02284015625000002
0 0.0 0.97769078125 0.0 0.97769078125 0.0 0.8437360937499999 0.0 0.8437360937499999
0 0.0 0.7872871874999999 0.0 0.7872871874999999 0.0 0.6192659375 0.0 0.6192659375
0 0.0 1.0 0.3171875 1.0 0.0 1.0 0.3171875 1.0
0 0.0 0.8519029687499999 0.1543765624999999 0.8519029687499999 0.0 0.62889984375 0.1543765624999999 0.62889984375
0 0.1651968750000002 0.38415109375 0.3171875 0.38415109375 0.1651968750000002 0.16517828125000006 0.3171875 0.16517828125000006
0 0.0 0.8593682812499999 0.0 0.8593682812499999 0.0 0.79679859375 0.0 0.79679859375
