0 0.24709109374999993 0.0 0.45187687499999996 0.0 0.24709109374999993 0.0 0.45187687499999996 0.0
0 0.023372968750000035 0.0 0.26255328124999994 0.0 0.023372968750000035 0.0 0.26255328124999994 0.0
0 0.6106421874999999 0.1359375 0.7908265624999998 0.1359375 0.6106421874999999 0.0245103125 0.7908265624999998 0.0245103125
0 0.38535062500000006 0.05059853125 0.6262296875000001 0.05059853125 0.38535062500000006 0.0 0.6262296875000001 0.0
0 0.0 0.1359375 0.0 0.1359375 0.0 0.0 0.0 0.0
0 0.6130234375000001 0.0 0.8493578124999999 0.0 0.6130234375000001 0.0 0.8493578124999999 0.0
0 0.7718796874999999 0.0 0.9923749999999998 0.0 0.7718796874999999 0.0 0.9923749999999998 0.0
0 0.7844843749999999 0.1359375 0.957290625 0.1359375 0.7844843749999999 0.08460729687500006 0.957290625 0.08460729687500006
0 0.24565437499999998 0.0 0.32376359375 0.0 0.24565437499999998 0.0 0.32376359375 0.0
0 0.0 0.0 0.14675124999999997 0.0 0.0 0.0 0.14675124999999997 0.0
0 0.9784359375000001 0.1359375 1.0 0.1359375 0.9784359375000001 0.130576325 1.0 0.130576325
0 0.9073171875 0.0 1.0 0.0 0.9073171875 0.0 1.0 0.0
0 0.2607268749999999 0.0 0.32460749999999994 0.0 0.2607268749999999 0.0 0.32460749999999994 0.0
