0 0.0 0.09048121874999993 0.0 0.09048121874999993 0.0 0.0 0.0 0.0
0 0.0 0.0 0.004601562499999901 0.0 0.0 0.0 0.004601562499999901 0.0
0 0.0 0.1359375 0.0 0.1359375 0.0 0.11281435937499999 0.0 0.11281435937499999
0 0.0 0.1359375 0.0 0.1359375 0.0 0.05773925000000002 0.0 0.05773925000000002
0 0.0 0.1359375 0.0 0.1359375 0.0 0.0 0.0 0.0
0 0.0 0.07428100000000004 0.0 0.07428100000000004 0.0 0.0 0.0 0.0
0 0.26683906250000006 0.07999114062500005 0.3171875 0.07999114062500005 0.26683906250000006 0.0 0.3171875 0.0
0 0.0 0.1359375 0.0 0.1359375 0.0 0.1251433484374999 0.0 0.1251433484374999
0 0.0 0.1359375 0.0 0.1359375 0.0 0.0030754687499999988 0.0 0.0030754687499999988
0 0.20869062499999985 0.0 0.3171875 0.0 0.20869062499999985 0.0 0.3171875 0.0
0 0.29417812499999985 0.0 0.3171875 0.0 0.29417812499999985 0.0 0.3171875 0.0
0 0.0 0.1359375 0.20266562499999985 0.1359375 0.0 0.10704026562499998 0.20266562499999985 0.10704026562499998
0 0.25407968750000015 0.05536796875000007 0.3171875 0.05536796875000007 0.25407968750000015 0.0 0.3171875 0.0
0 0.2477421875000001 0.0 0.3171875 0.0 0.2477421875000001 0.0 0.3171875 0.0
0 0.0 0.1359375 0.0 0.1359375 0.0 0.13110461250000008 0.0 0.13110461250000008
