0 0.0 0.09048121874999993 0.27791859374999994 0.09048121874999993 0.0 0.0 0.27791859374999994 0.0
0 0.7955734374999999 0.0 1.0 0.0 0.7955734374999999 0.0 1.0 0.0
0 0.8003 0.0 0.8792406249999999 0.0 0.8003 0.0 0.8792406249999999 0.0
0 0.36407234375 0.1359375 0.6703671875000001 0.1359375 0.36407234375 0.11281435937499999 0.6703671875000001 0.11281435937499999
0 0.0 0.0 0.04435546875000007 0.0 0.0 0.0 0.04435546875000007 0.0
0 0.0 0.0 0.1848321875 0.0 0.0 0.0 0.1848321875 0.0
0 0.4198328125 0.1359375 0.7323078124999999 0.1359375 0.4198328125 0.05773925000000002 0.7323078124999999 0.05773925000000002
0 0.003569375000000008 0.1359375 0.29431281249999997 0.1359375 0.003569375000000008 0.0 0.29431281249999997 0.0
0 0.0 0.07428100000000004 0.0 0.07428100000000004 0.0 0.0 0.0 0.0
0 1.0 0.07999114062500005 1.0 0.07999114062500005 1.0 0.0 1.0 0.0
0 0.8439546875000001 0.1359375 0.9021953125 0.1359375 0.8439546875000001 0.1251433484374999 0.9021953125 0.1251433484374999
0 0.0 0.1359375 0.0 0.1359375 0.0 0.0030754687499999988 0.0 0.0030754687499999988
0 0.49738812499999996 0.0 0.7251406249999999 0.0 0.49738812499999996 0.0 0.7251406249999999 0.0
0 0.9386015624999999 0.1359375 1.0 0.1359375 0.9386015624999999 0.10704026562499998 1.0 0.10704026562499998
0 1.0 0.05536796875000007 1.0 0.05536796875000007 1.0 0.0 1.0 0.0
0 0.44296328124999995 0.0 0.6662234375 0.0 0.44296328124999995 0.0 0.6662234375 0.0
0 0.5892156249999999 0.0 0.851303125 0.0 0.5892156249999999 0.0 0.851303125 0.0
0 0.39562500000000006 0.0 0.7081859375 0.0 0.39562500000000006 0.0 0.7081859375 0.0
0 0.01629109374999995 0.1359375 0.19449187499999993 0.1359375 0.01629109374999995 0.13110461250000008 0.19449187499999993 0.13110461250000008
