0 0.0 0.000882968750000046 0.0 0.000882968750000046 0.0 0.0 0.0 0.0
0 0.0 0.67924359375 0.0 0.67924359375 0.0 0.4385228125 0.0 0.4385228125
0 0.1355421875000001 0.34810203125 0.19235156250000002 0.34810203125 0.1355421875000001 0.29142531250000003 0.19235156250000002 0.29142531250000003
0 0.0 0.18682046875000005 0.0 0.18682046875000005 0.0 0.0 0.0 0.0
0 0.0 0.4809821875 0.0 0.4809821875 0.0 0.22351312500000003 0.0 0.22351312500000003
0 0.0 0.8724160937500001 0.3022828125 0.8724160937500001 0.0 0.51621484375 0.3022828125 0.51621484375
0 0.0 0.9528551562500001 0.0 0.9528551562500001 0.0 0.7754446875000001 0.0 0.7754446875000001
0 0.0 0.44778031250000006 0.0926640625000001 0.44778031250000006 0.0 0.13798546875 0.0926640625000001 0.13798546875
0 0.15892187500000005 0.8954540625 0.3171875 0.8954540625 0.15892187500000005 0.68041421875 0.3171875 0.68041421875
0 0.0 1.0 0.050528124999999945 1.0 0.0 0.92024328125 0.050528124999999945 0.92024328125
0 0.0 0.20805437500000004 0.0 0.20805437500000004 0.0 0.03212906249999996 0.0 0.03212906249999996
0 0.0 0.4349078125 0.0 0.4349078125 0.0 0.37847796875000006 0.0 0.37847796875000006
0 0.0 0.8528481250000001 0.0 0.8528481250000001 0.0 0.6801884375 0.0 0.6801884375
0 0.0 0.07683453124999992 0.0 0.07683453124999992 0.0 0.0 0.0 0.0
0 0.19461249999999986 0.14150109375 0.3171875 0.14150109375 0.19461249999999986 0.0 0.3171875 0.0
0 0.0 0.2090299999999999 0.0 0.2090299999999999 0.0 0.03769140624999991 0.0 0.03769140624999991
0 0.0 0.55664796875 0.0 0.55664796875 0.0 0.3136690625 0.0 0.3136690625
0 0.05954843750000016 0.297810625 0.11452187500000015 0.297810625 0.05954843750000016 0.24211296875000005 0.11452187500000015 0.24211296875000005
0 0.0 0.7456315625000001 0.0 0.7456315625000001 0.0 0.5458395312500001 0.0 0.5458395312500001
0 0.0 0.42913296875 0.0 0.42913296875 0.0 0.17087015625 0.0 0.17087015625
0 0.0 1.0 0.0 1.0 0.0 0.8447084374999999 0.0 0.8447084374999999
0 0.0 0.5995182812500001 0.0 0.5995182812500001 0.0 0.29931453124999996 0.0 0.29931453124999996
0 0.0 0.71236140625 0.0 0.71236140625 0.0 0.5902665625 0.0 0.5902665625
0 0.0 1.0 0.0 1.0 0.0 0.81559671875 0.0 0.81559671875
0 0.3007546874999999 0.72146109375 0.3171875 0.72146109375 0.3007546874999999 0.55294875 0.3171875 0.55294875
0 0.20035781250000007 0.74629265625 0.3171875 0.74629265625 0.20035781250000007 0.58359125 0.3171875 0.58359125
0 0.0 0.39769453125 0.0 0.39769453125 0.0 0.22475593749999997 0.0 0.22475593749999997
0 0.0 1.0 0.0 1.0 0.0 0.8615990625000001 0.0 0.8615990625000001
0 0.0 0.4213 0.0 0.4213 0.0 0.25745890624999995 0.0 0.25745890624999995
0 0.0 0.996011703125 0.0 0.996011703125 0.0 0.6874390625 0.0 0.6874390625
