0 0.20819984374999995 0.10548984375000003 0.4241264062500001 0.10548984375000003 0.20819984374999995 0.0 0.4241264062500001 0.0
0 0.727071875 1.0 0.9783468750000001 1.0 0.727071875 0.8729823437500001 0.9783468750000001 0.8729823437500001
0 0.76834375 0.12636000000000003 1.0 0.12636000000000003 0.76834375 0.0 1.0 0.0
0 0.0 0.10499890625 0.07170890624999995 0.10499890625 0.0 0.0 0.07170890624999995 0.0
0 0.9969281250000002 1.0 1.0 1.0 0.9969281250000002 1.0 1.0 1.0
0 0.0 0.07676187500000005 0.0 0.07676187500000005 0.0 0.0 0.0 0.0
0 0.0 0.7260240625 0.0 0.7260240625 0.0 0.474214375 0.0 0.474214375
0 0.0 1.0 0.0 1.0 0.0 0.8637034374999999 0.0 0.8637034374999999
0 0.0 0.12183328125 0.0 0.12183328125 0.0 0.0 0.0 0.0
0 0.0 0.7164796875 0.0 0.7164796875 0.0 0.47817859374999994 0.0 0.47817859374999994
0 0.0 0.6032725 0.1581359375 0.6032725 0.0 0.36716 0.1581359375 0.36716
0 0.0 0.2795640625000001 0.005301406250000085 0.2795640625000001 0.0 0.009488125000000024 0.005301406250000085 0.009488125000000024
0 0.14176874999999994 0.21215890625 0.3022846875000001 0.21215890625 0.14176874999999994 0.06960140624999997 0.3022846875000001 0.06960140624999997
0 0.0 0.8978046875000001 0.0 0.8978046875000001 0.0 0.81913578125 0.0 0.81913578125
0 0.0 0.23058593750000006 0.0 0.23058593750000006 0.0 0.0 0.0 0.0
0 0.7499421875 1.0 1.0 1.0 0.7499421875 0.9287126562499999 1.0 0.9287126562499999
0 0.0 0.628513125 0.0 0.628513125 0.0 0.35988078124999995 0.0 0.35988078124999995
0 1.0 0.705911875 1.0 0.705911875 1.0 0.43704906250000003 1.0 0.43704906250000003
0 0.743390625 0.68185578125 0.9438171874999999 0.68185578125 0.743390625 0.45435687500000005 0.9438171874999999 0.45435687500000005
0 0.0 0.14743171875000005 0.0 0.14743171875000005 0.0 0.0 0.0 0.0
0 0.0 0.97613109375 0.0 0.97613109375 0.0 0.9193843749999999 0.0 0.9193843749999999
0 0.68975625 0.49125687500000004 0.90545625 0.49125687500000004 0.68975625 0.30557890625000006 0.90545625 0.30557890625000006
0 0.9359609375000002 1.0 1.0 1.0 0.9359609375000002 0.98528696875 1.0 0.98528696875
0 1.0 0.60969234375 1.0 0.60969234375 1.0 0.19125859374999993 1.0 0.19125859374999993
0 0.6961234375 0.510359375 1.0 0.510359375 0.6961234375 0.20076593749999994 1.0 0.20076593749999994
0 0.0 1.0 0.40219890624999993 1.0 0.0 0.6724453125000001 0.40219890624999993 0.6724453125000001
0 0.0 0.29302296875000006 0.0 0.29302296875000006 0.0 0.21378484375000006 0.0 0.21378484375000006
0 0.5622340625 0.593553125 0.8512187499999999 0.593553125 0.5622340625 0.2999184375 0.8512187499999999 0.2999184375
0 0.0 0.34230968749999996 0.0 0.34230968749999996 0.0 0.11956734375 0.0 0.11956734375
0 0.6642765624999999 1.0 0.861240625 1.0 0.6642765624999999 0.7985314062500001 0.861240625 0.7985314062500001
0 0.20851406249999993 1.0 0.6583859375 1.0 0.20851406249999993 0.8423371875000001 0.6583859375 0.8423371875000001
0 0.0 0.5908115625 0.06507890624999994 0.5908115625 0.0 0.38667734375 0.06507890624999994 0.38667734375
0 0.0 0.6482946875 0.0 0.6482946875 0.0 0.42254265625 0.0 0.42254265625
