0 0.20819984374999995 0.0 0.4241264062500001 0.0 0.20819984374999995 0.0 0.4241264062500001 0.0
0 0.727071875 0.1359375 0.9783468750000001 0.1359375 0.727071875 0.0 0.9783468750000001 0.0
0 0.76834375 0.0 1.0 0.0 0.76834375 0.0 1.0 0.0
0 0.0 0.0 0.07170890624999995 0.0 0.0 0.0 0.07170890624999995 0.0
0 0.9969281250000002 0.1359375 1.0 0.1359375 0.9969281250000002 0.10138042187499999 1.0 0.10138042187499999
0 0.0 0.07909478125000007 0.0 0.07909478125000007 0.0 0.0 0.0 0.0
0 0.0 0.0 0.1581359375 0.0 0.0 0.0 0.1581359375 0.0
0 0.0 0.0 0.005301406250000085 0.0 0.0 0.0 0.005301406250000085 0.0
0 0.14176874999999994 0.0 0.3022846875000001 0.0 0.14176874999999994 0.0 0.3022846875000001 0.0
0 0.7499421875 0.1359375 1.0 0.1359375 0.7499421875 0.0 1.0 0.0
0 0.0 0.1359375 0.0 0.1359375 0.0 0.11702549999999992 0.0 0.11702549999999992
0 0.743390625 0.0 0.9438171874999999 0.0 0.743390625 0.0 0.9438171874999999 0.0
0 0.68975625 0.0 0.90545625 0.0 0.68975625 0.0 0.90545625 0.0
0 0.9359609375000002 0.1359375 1.0 0.1359375 0.9359609375000002 0.0 1.0 0.0
0 0.6961234375 0.0 1.0 0.0 0.6961234375 0.0 1.0 0.0
0 0.0 0.12426537343750006 0.40219890624999993 0.12426537343750006 0.0 0.0 0.40219890624999993 0.0
0 0.5622340625 0.0 0.8512187499999999 0.0 0.5622340625 0.0 0.8512187499999999 0.0
0 0.6642765624999999 0.004995312500000004 0.861240625 0.004995312500000004 0.6642765624999999 0.0 0.861240625 0.0
0 0.20851406249999993 0.1359375 0.6583859375 0.1359375 0.20851406249999993 0.0 0.6583859375 0.0
0 0.0 0.0 0.06507890624999994 0.0 0.0 0.0 0.06507890624999994 0.0
