0 0.0 0.80297296875 0.234418125 0.80297296875 0.0 0.5033703125 0.234418125 0.5033703125
0 0.52697171875 1.0 0.7006315625 1.0 0.52697171875 0.94265734375 0.7006315625 0.94265734375
0 1.0 0.76697671875 1.0 0.76697671875 1.0 0.3293771874999999 1.0 0.3293771874999999
0 0.75207203125 0.27919171874999993 0.9611003124999999 0.27919171874999993 0.75207203125 0.08211906249999998 0.9611003124999999 0.08211906249999998
0 1.0 0.8397459375 1.0 0.8397459375 1.0 0.65539125 1.0 0.65539125
0 0.320571875 1.0 0.62686640625 1.0 0.320571875 0.8253060937499999 0.62686640625 0.8253060937499999
0 0.0 0.44771546874999996 0.14133159374999998 0.44771546874999996 0.0 0.14733937499999997 0.14133159374999998 0.14733937499999997
0 0.37633218749999997 1.0 0.688808125 1.0 0.37633218749999997 0.7702309375 0.688808125 0.7702309375
0 0.0 0.91208265625 0.2508121875 0.91208265625 0.0 0.61803171875 0.2508121875 0.61803171875
0 0.4043215625 1.0 0.6349928125 1.0 0.4043215625 0.97686140625 0.6349928125 0.97686140625
0 1.0 0.7924828125 1.0 0.7924828125 1.0 0.61896296875 1.0 0.61896296875
0 0.8004540625000001 0.8943915624999998 0.85869421875 0.8943915624999998 0.8004540625000001 0.837635 0.85869421875 0.837635
0 0.4538875 0.03963000000000001 0.6816404687500001 0.03963000000000001 0.4538875 0.0 0.6816404687500001 0.0
0 1.0 0.04713281249999994 1.0 0.04713281249999994 1.0 0.0 1.0 0.0
0 1.0 0.10417687499999992 1.0 0.10417687499999992 1.0 0.0 1.0 0.0
0 1.0 0.11172453124999997 1.0 0.11172453124999997 1.0 0.0 1.0 0.0
0 0.81656171875 1.0 1.0 1.0 0.81656171875 1.0 1.0 1.0
0 1.0 0.38899625000000004 1.0 0.38899625000000004 1.0 0.09631921875000007 1.0 0.09631921875000007
0 1.0 0.6206515625 1.0 0.6206515625 1.0 0.38992171875 1.0 0.38992171875
0 0.8951004687499999 1.0 1.0 1.0 0.8951004687499999 0.81953203125 1.0 0.81953203125
0 1.0 0.7678596875 1.0 0.7678596875 1.0 0.47705953125 1.0 0.47705953125
0 1.0 0.378756875 1.0 0.378756875 1.0 0.10095203124999994 1.0 0.10095203124999994
0 1.0 0.65254125 1.0 0.65254125 1.0 0.42727250000000006 1.0 0.42727250000000006
0 1.0 0.8332503125 1.0 0.8332503125 1.0 0.52179515625 1.0 0.52179515625
0 1.0 1.0 1.0 1.0 1.0 0.94370765625 1.0 0.94370765625
0 1.0 0.0013767187499999166 1.0 0.0013767187499999166 1.0 0.0 1.0 0.0
0 0.5457156249999999 0.21071640625000007 0.8078020312499999 0.21071640625000007 0.5457156249999999 0.0 0.8078020312499999 0.0
0 1.0 0.66705546875 1.0 0.66705546875 1.0 0.37275468749999996 1.0 0.37275468749999996
0 0.352124375 0.38556484375 0.66468578125 0.38556484375 0.352124375 0.07308906250000007 0.66468578125 0.07308906250000007
0 0.0 1.0 0.150991296875 1.0 0.0 0.84359640625 0.150991296875 0.84359640625
0 1.0 0.8889451562499999 1.0 0.8889451562499999 1.0 0.72187390625 1.0 0.72187390625
0 1.0 0.66568625 1.0 0.66568625 1.0 0.53439234375 1.0 0.53439234375
