0 0.69624671875 0.0 0.9121734375000001 0.0 0.69624671875 0.0 0.9121734375000001 0.0
0 0.0 0.0 0.1173428125 0.0 0.0 0.0 0.1173428125 0.0
0 1.0 0.1359375 1.0 0.1359375 1.0 0.0 1.0 0.0
0 0.29910671875 0.0 0.55975578125 0.0 0.29910671875 0.0 0.55975578125 0.0
0 0.032236609375 0.0 0.34260999999999997 0.0 0.032236609375 0.0 0.34260999999999997 0.0
0 0.0 0.0 0.09550778125 0.0 0.0 0.0 0.09550778125 0.0
0 0.0 0.0 0.020104859375 0.0 0.0 0.0 0.020104859375 0.0
0 0.0 0.0 0.1776753125 0.0 0.0 0.0 0.1776753125 0.0
0 0.40354999999999996 0.0 0.6461828125 0.0 0.40354999999999996 0.0 0.6461828125 0.0
0 0.2287065625 0.0 0.49334828125 0.0 0.2287065625 0.0 0.49334828125 0.0
0 0.629815625 0.0 0.7903315625 0.0 0.629815625 0.0 0.7903315625 0.0
0 0.605050625 0.0 0.8202760937500001 0.0 0.605050625 0.0 0.8202760937500001 0.0
0 0.32286796875 0.0016013281250000233 0.401853125 0.0016013281250000233 0.32286796875 0.0 0.401853125 0.0
0 0.0 0.0 0.082298453125 0.0 0.0 0.0 0.082298453125 0.0
0 1.0 0.1359375 1.0 0.1359375 1.0 0.032509296874999906 1.0 0.032509296874999906
0 0.0 0.07992782812500003 0.049493328125 0.07992782812500003 0.0 0.02318096875000002 0.049493328125 0.02318096875000002
0 1.0 0.1359375 1.0 0.1359375 1.0 0.08908364062499992 1.0 0.08908364062499992
0 0.43857890624999996 0.1359375 0.89024578125 0.1359375 0.43857890624999996 0.0 0.89024578125 0.0
0 1.0 0.10879198437500008 1.0 0.10879198437500008 1.0 0.0 1.0 0.0
0 0.6965609374999999 0.1359375 1.0 0.1359375 0.6965609374999999 0.0 1.0 0.0
0 0.35864984375 0.0 0.55312578125 0.0 0.35864984375 0.0 0.55312578125 0.0
0 0.0 0.0 0.19600265625 0.0 0.0 0.0 0.19600265625 0.0
