0 0.0 0.1359375 0.0 0.1359375 0.0 0.0 0.0 0.0
0 0.0 0.0 0.11040781250000009 0.0 0.0 0.0 0.11040781250000009 0.0
0 0.0 0.0 0.0546875 0.0 0.0 0.0 0.0546875 0.0
0 0.0 0.0016013281250000233 0.0 0.0016013281250000233 0.0 0.0 0.0 0.0
0 0.0 0.1359375 0.0 0.1359375 0.0 0.032509296874999906 0.0 0.032509296874999906
0 0.0 0.0 0.010662500000000108 0.0 0.0 0.0 0.010662500000000108 0.0
0 0.0 0.07992782812500003 0.0 0.07992782812500003 0.0 0.02318096875000002 0.0 0.02318096875000002
0 0.0 0.1359375 0.0 0.1359375 0.0 0.08908364062499992 0.0 0.08908364062499992
0 0.0 0.0 0.11209999999999987 0.0 0.0 0.0 0.11209999999999987 0.0
0 0.0 0.1359375 0.0 0.1359375 0.0 0.0 0.0 0.0
0 0.0 0.10879198437500008 0.0 0.10879198437500008 0.0 0.0 0.0 0.0
0 0.0 0.1359375 0.0 0.1359375 0.0 0.0 0.0 0.0
0 0.0 0.0 0.13950468749999984 0.0 0.0 0.0 0.13950468749999984 0.0
