0 0.0 0.2092865625 0.0 0.2092865625 0.0 0.0 0.0 0.0
0 0.0 0.723781875 0.0 0.723781875 0.0 0.5996 0.0 0.5996
0 0.0 1.0 0.0 1.0 0.0 0.9767790625 0.0 0.9767790625
0 0.0 0.23015671875 0.0 0.23015671875 0.0 0.0 0.0 0.0
0 0.0 0.049070312499999956 0.0 0.049070312499999956 0.0 0.0 0.0 0.0
0 0.0 0.20879562499999996 0.0 0.20879562499999996 0.0 0.0 0.0 0.0
0 0.0 0.012329062499999922 0.11040781250000009 0.012329062499999922 0.0 0.0 0.11040781250000009 0.0
0 0.0 0.18055859375 0.0 0.18055859375 0.0 0.0 0.0 0.0
0 0.0 0.8298207812499999 0.0 0.8298207812499999 0.0 0.57801109375 0.0 0.57801109375
0 0.0 0.22562999999999994 0.0 0.22562999999999994 0.0 0.0 0.0 0.0
0 0.0 0.82027640625 0.0 0.82027640625 0.0 0.5819753125 0.0 0.5819753125
0 0.0 0.70706921875 0.0 0.70706921875 0.0 0.47095671875 0.0 0.47095671875
0 0.0 0.1758785937500001 0.0546875 0.1758785937500001 0.0 0.0 0.0546875 0.0
0 0.0 0.383360625 0.0 0.383360625 0.0 0.11328484374999999 0.0 0.11328484374999999
0 0.0 0.31595562499999996 0.0 0.31595562499999996 0.0 0.17339812499999993 0.0 0.17339812499999993
0 0.0 0.06458781249999994 0.0 0.06458781249999994 0.0 0.0 0.0 0.0
0 0.0 1.0 0.0 1.0 0.0 0.9229324999999999 0.0 0.9229324999999999
0 0.0 0.3343825000000001 0.0 0.3343825000000001 0.0 0.02690374999999996 0.0 0.02690374999999996
0 0.0 0.8097085937500001 0.010662500000000108 0.8097085937500001 0.0 0.54084578125 0.010662500000000108 0.54084578125
0 0.0 0.7856525 0.0 0.7856525 0.0 0.5581534375 0.0 0.5581534375
0 0.0 0.59505359375 0.0 0.59505359375 0.0 0.409375625 0.0 0.409375625
0 0.0 0.7134890625 0.11209999999999987 0.7134890625 0.0 0.29505515624999995 0.11209999999999987 0.29505515624999995
0 0.0 0.6141559375 0.0 0.6141559375 0.0 0.30456265625000006 0.0 0.30456265625000006
0 0.0 1.0 0.0 1.0 0.0 0.77624203125 0.0 0.77624203125
0 0.0 0.69734984375 0.0 0.69734984375 0.0 0.40371515625 0.0 0.40371515625
0 0.0 1.0 0.0 1.0 0.0 0.9023279687500001 0.0 0.9023279687500001
0 0.0 1.0 0.0 1.0 0.0 0.94613390625 0.0 0.94613390625
0 0.0 0.694608125 0.0 0.694608125 0.0 0.4904740625 0.0 0.4904740625
0 0.0 0.10215812500000006 0.13950468749999984 0.10215812500000006 0.0 0.0 0.13950468749999984 0.0
0 0.0 0.75209140625 0.0 0.75209140625 0.0 0.52633921875 0.0 0.52633921875
