0 0.0 0.23255359374999998 0.0 0.23255359374999998 0.0 0.03260078125000003 0.0 0.03260078125000003
0 0.9760015625000001 0.6470440625 1.0 0.6470440625 0.9760015625000001 0.431045 1.0 0.431045
0 0.20084140625 0.21500609374999993 0.5087201562500001 0.21500609374999993 0.20084140625 0.0 0.5087201562500001 0.0
0 0.4098595312500001 0.43241234375 0.47471484375 0.43241234375 0.4098595312500001 0.36883375 0.47471484375 0.36883375
0 0.42923484374999993 0.42236140625 0.6223609374999999 0.42236140625 0.42923484374999993 0.22941374999999997 0.6223609374999999 0.22941374999999997
0 0.0 0.13594718750000007 0.0 0.13594718750000007 0.0 0.0 0.0 0.0
0 1.0 1.0 1.0 1.0 1.0 0.8418206250000001 1.0 0.8418206250000001
0 0.0 0.27639031250000007 0.19482874999999994 0.27639031250000007 0.0 0.08989984374999996 0.19482874999999994 0.08989984374999996
0 1.0 0.1256371874999999 1.0 0.1256371874999999 1.0 0.0 1.0 0.0
0 0.0 1.0 0.0 1.0 0.0 0.77313828125 0.0 0.77313828125
0 0.0 0.12039031250000001 0.0 0.12039031250000001 0.0 0.0 0.0 0.0
0 0.982571875 1.0 1.0 1.0 0.982571875 0.7446629687499999 1.0 0.7446629687499999
0 0.0 1.0 0.14786578125 1.0 0.0 0.9113 0.14786578125 0.9113
0 0.8356656250000001 0.5128725000000001 1.0 0.5128725000000001 0.8356656250000001 0.277943125 1.0 0.277943125
0 0.6304890624999999 0.27856359375000006 0.89835 0.27856359375000006 0.6304890624999999 0.020786093749999957 0.89835 0.020786093749999957
0 0.3396215625 1.0 0.5865656250000001 1.0 0.3396215625 1.0 0.5865656250000001 1.0
0 0.13151015625000007 0.9165204687500002 0.40201593750000003 0.9165204687500002 0.13151015625000007 0.65021328125 0.40201593750000003 0.65021328125
0 0.38913343749999996 0.2653514062499999 0.627628125 0.2653514062499999 0.38913343749999996 0.03129500000000007 0.627628125 0.03129500000000007
0 0.12899937500000008 0.9687320312500001 0.30171703124999993 0.9687320312500001 0.12899937500000008 0.8008212499999999 0.30171703124999993 0.8008212499999999
0 0.17053703124999994 1.0 0.39739828124999993 1.0 0.17053703124999994 1.0 0.39739828124999993 1.0
0 0.0 0.24960437500000002 0.0 0.24960437500000002 0.0 0.07798406250000003 0.0 0.07798406250000003
0 0.0 0.46935296875 0.009626406249999952 0.46935296875 0.0 0.17253515625000002 0.009626406249999952 0.17253515625000002
0 0.39833968750000004 1.0 0.6910890625 1.0 0.39833968750000004 0.9904033125 0.6910890625 0.9904033125
0 0.0 0.5311207812500001 0.0 0.5311207812500001 0.0 0.37462999999999996 0.0 0.37462999999999996
0 0.0 1.0 0.0 1.0 0.0 0.72993828125 0.0 0.72993828125
0 0.49521109375000005 0.47508328125 0.8616921874999999 0.47508328125 0.49521109375000005 0.09650796874999994 0.8616921874999999 0.09650796874999994
0 0.6926984375 1.0 0.9582421875000001 1.0 0.6926984375 0.82822828125 0.9582421875000001 0.82822828125
0 0.43651078125 0.82110484375 0.6356375 0.82110484375 0.43651078125 0.594651875 0.6356375 0.594651875
0 0.5203415625 0.6522375 0.8478703124999999 0.6522375 0.5203415625 0.3102810937499999 0.8478703124999999 0.3102810937499999
0 0.30224109375 0.71439359375 0.6093062499999998 0.71439359375 0.30224109375 0.41501640625 0.6093062499999998 0.41501640625
0 0.0 0.30436921874999995 0.0 0.30436921874999995 0.0 0.0 0.0 0.0
0 0.0 0.33215593749999994 0.0 0.33215593749999994 0.0 0.14396640625000004 0.0 0.14396640625000004
