0 0.0 0.0 0.18320468749999996 0.0 0.0 0.0 0.18320468749999996 0.0
0 0.0 0.1359375 0.0 0.1359375 0.0 0.009107453124999942 0.0 0.009107453124999942
0 0.26957343750000007 0.010030031249999993 0.3171875 0.010030031249999993 0.26957343750000007 0.0 0.3171875 0.0
0 0.06476718750000003 0.0 0.3171875 0.0 0.06476718750000003 0.0 0.3171875 0.0
0 0.0 0.014180203125000013 0.0 0.014180203125000013 0.0 0.0 0.0 0.0
0 0.0 0.032469921875000016 0.2743890624999999 0.032469921875000016 0.0 0.0 0.2743890624999999 0.0
0 0.0 0.1359375 0.0 0.1359375 0.0 0.0 0.0 0.0
0 0.0 0.0 0.07076562499999994 0.0 0.0 0.0 0.07076562499999994 0.0
0 0.0 0.1359375 0.0 0.1359375 0.0 0.04981356249999998 0.0 0.04981356249999998
0 0.0 0.1359375 0.0 0.1359375 0.0 0.12343417343750004 0.0 0.12343417343750004
0 0.0 0.1359375 0.0 0.1359375 0.0 0.0 0.0 0.0
0 0.0 0.1359375 0.0 0.1359375 0.0 0.0 0.0 0.0
0 0.0 0.08754196874999991 0.0 0.08754196874999991 0.0 0.0 0.0 0.0
