0 1.0 0.006022093750000046 1.0 0.006022093750000046 1.0 0.0 1.0 0.0
0 0.078114265625 0.0 0.24990265625000002 0.0 0.078114265625 0.0 0.24990265625000002 0.0
0 1.0 0.1359375 1.0 0.1359375 1.0 0.043698328125000074 1.0 0.043698328125000074
0 1.0 0.1359375 1.0 0.1359375 1.0 0.05897124999999992 1.0 0.05897124999999992
0 0.42287390625 0.08867082812499998 0.73558734375 0.08867082812499998 0.42287390625 0.0 0.73558734375 0.0
0 0.16931953125000002 0.0 0.29885296875 0.0 0.16931953125000002 0.0 0.29885296875 0.0
0 0.0 0.0 0.295805 0.0 0.0 0.0 0.295805 0.0
0 0.8224534374999999 0.1359375 1.0 0.1359375 0.8224534374999999 0.006374281249999924 1.0 0.006374281249999924
0 0.28057984375 0.0 0.4443834375 0.0 0.28057984375 0.0 0.4443834375 0.0
0 0.5707721875 0.0 0.8001418749999999 0.0 0.5707721875 0.0 0.8001418749999999 0.0
0 0.47559984375 0.0 0.6572496875 0.0 0.47559984375 0.0 0.6572496875 0.0
0 0.0 0.0 0.1965509375 0.0 0.0 0.0 0.1965509375 0.0
0 1.0 0.1359375 1.0 0.1359375 1.0 0.0 1.0 0.0
0 0.16439281249999999 0.08628131250000007 0.47019859375 0.08628131250000007 0.16439281249999999 0.0 0.47019859375 0.0
0 0.71552484375 0.0 0.9683306249999999 0.0 0.71552484375 0.0 0.9683306249999999 0.0
0 1.0 0.1359375 1.0 0.1359375 1.0 0.11634021874999992 1.0 0.11634021874999992
0 0.79987078125 0.0 0.9465185937499999 0.0 0.79987078125 0.0 0.9465185937499999 0.0
0 0.0 0.07542174999999993 0.094940109375 0.07542174999999993 0.0 0.0 0.094940109375 0.0
0 0.09625653125 0.0 0.33027953125 0.0 0.09625653125 0.0 0.33027953125 0.0
0 0.33531984375 0.031222468750000055 0.50389703125 0.031222468750000055 0.33531984375 0.0 0.50389703125 0.0
0 0.185689375 0.0 0.40818796874999996 0.0 0.185689375 0.0 0.40818796874999996 0.0
