0 0.0 0.14740078125 0.27571562500000013 0.14740078125 0.0 0.0 0.27571562500000013 0.0
0 0.0 1.0 0.0 1.0 0.0 0.9626173437500001 0.0 0.9626173437500001
0 0.0 0.75337203125 0.0 0.75337203125 0.0 0.58014515625 0.0 0.58014515625
0 0.0 1.0 0.0 1.0 0.0 0.77646015625 0.0 0.77646015625
0 0.0 0.7174898437499999 0.0 0.7174898437499999 0.0 0.566354375 0.0 0.566354375
0 0.0 0.6876815625 0.0 0.6876815625 0.0 0.39053625 0.0 0.39053625
0 0.001365625000000037 0.25651046875 0.29210937500000006 0.25651046875 0.001365625000000037 0.0 0.29210937500000006 0.0
0 0.0 0.13120062499999996 0.0 0.13120062499999996 0.0 0.0 0.0 0.0
0 0.0 0.56782953125 0.0 0.56782953125 0.0 0.33432171875000005 0.0 0.33432171875000005
0 0.0 0.8967028125000001 0.0 0.8967028125000001 0.0 0.724448125 0.0 0.724448125
0 0.0 0.33851234375 0.0 0.33851234375 0.0 0.05999515624999994 0.0 0.05999515624999994
0 0.0 0.7068146875 0.0 0.7068146875 0.0 0.48540609375 0.0 0.48540609375
0 0.0 0.67823609375 0.0 0.67823609375 0.0 0.4967628125 0.0 0.4967628125
0 0.0 0.86179796875 0.0 0.86179796875 0.0 0.645290625 0.0 0.645290625
0 0.0 0.46758734375 0.0 0.46758734375 0.0 0.17916718750000005 0.0 0.17916718750000005
0 0.0 1.0 0.09287343750000013 1.0 0.0 0.9355475 0.09287343750000013 0.9355475
0 0.0 0.9663860937500001 0.0 0.9663860937500001 0.0 0.76633890625 0.0 0.76633890625
0 0.0 1.0 0.0 1.0 0.0 0.7837654687500001 0.0 0.7837654687500001
0 0.0 0.50200546875 0.0 0.50200546875 0.0 0.24532984375000008 0.0 0.24532984375000008
0 0.0 0.55533171875 0.0 0.55533171875 0.0 0.27191312500000003 0.0 0.27191312500000003
0 0.0 0.72061390625 0.0 0.72061390625 0.0 0.58421828125 0.0 0.58421828125
0 0.0 1.0 0.0 1.0 0.0 0.77226703125 0.0 0.77226703125
0 0.0 0.36605671875 0.0 0.36605671875 0.0 0.11302812499999995 0.0 0.11302812499999995
0 0.014087500000000119 0.35058359375 0.19228906250000008 0.35058359375 0.014087500000000119 0.188024375 0.19228906250000008 0.188024375
0 0.0 1.0 0.0 1.0 0.0 0.875579375 0.0 0.875579375
0 0.0 0.8352753125 0.0 0.8352753125 0.0 0.605038125 0.0 0.605038125
