0 0.0 0.34435796874999997 0.0 0.34435796874999997 0.0 0.11349734374999994 0.0 0.11349734374999994
0 0.0 1.0 0.0 1.0 0.0 0.78199796875 0.0 0.78199796875
0 0.0 0.69157703125 0.0 0.69157703125 0.0 0.6349003125 0.0 0.6349003125
0 0.0 0.3019984375 0.0 0.3019984375 0.0 0.03676093750000007 0.0 0.03676093750000007
0 0.0 0.53029546875 0.0 0.53029546875 0.0 0.26573078124999994 0.0 0.26573078124999994
0 0.0 0.82445734375 0.0 0.82445734375 0.0 0.5669881250000001 0.0 0.5669881250000001
0 0.0 1.0 0.0 1.0 0.0 0.85968984375 0.0 0.85968984375
0 0.0 0.2775704687499999 0.0 0.2775704687499999 0.0 0.05055109375000004 0.0 0.05055109375000004
0 0.0 0.79125546875 0.0 0.79125546875 0.0 0.48146046875000004 0.0 0.48146046875000004
0 0.043479687499999996 1.0 0.2684406249999999 1.0 0.043479687499999996 0.8052240625 0.2684406249999999 0.8052240625
0 0.0 0.551529375 0.0 0.551529375 0.0 0.3756040625 0.0 0.3756040625
0 0.0 0.7783828125 0.0 0.7783828125 0.0 0.7219529687499999 0.0 0.7219529687499999
0 0.0 0.09112562499999992 0.0 0.09112562499999992 0.0 0.0 0.0 0.0
0 0.0 0.42030953125000003 0.0 0.42030953125000003 0.0 0.11015203124999999 0.0 0.11015203124999999
0 0.0 0.48497625 0.0 0.48497625 0.0 0.20133984374999994 0.0 0.20133984374999994
0 0.0 0.552505 0.0 0.552505 0.0 0.38116640625000003 0.0 0.38116640625000003
0 0.12754687500000017 0.5790046875 0.3171875 0.5790046875 0.12754687500000017 0.2700128125000001 0.3171875 0.2700128125000001
0 0.0 0.9001229687500001 0.0 0.9001229687500001 0.0 0.6571440625 0.0 0.6571440625
0 0.0 0.641285625 0.0 0.641285625 0.0 0.585588125 0.0 0.585588125
0 0.0 0.2070556249999999 0.0 0.2070556249999999 0.0 0.0 0.0 0.0
0 0.0 0.59720828125 0.0 0.59720828125 0.0 0.29331734375000007 0.0 0.29331734375000007
0 0.0 0.772608125 0.0 0.772608125 0.0 0.51434515625 0.0 0.51434515625
0 0.0 0.8334456250000001 0.0 0.8334456250000001 0.0 0.67392046875 0.0 0.67392046875
0 0.0 1.0 0.0 1.0 0.0 0.89642375 0.0 0.89642375
0 0.0 0.24164265624999998 0.0 0.24164265624999998 0.0 0.04234203124999993 0.0 0.04234203124999993
0 0.0 1.0 0.0 1.0 0.0 0.92706625 0.0 0.92706625
0 0.0 0.6936401562500001 0.009707812499999946 0.6936401562500001 0.0 0.39074875000000003 0.009707812499999946 0.39074875000000003
0 0.0 0.74116953125 0.0 0.74116953125 0.0 0.5682309375 0.0 0.5682309375
0 0.0 0.21197421875 0.0 0.21197421875 0.0 0.0 0.0 0.0
0 0.2506578125000001 1.0 0.3171875 1.0 0.2506578125000001 1.0 0.3171875 1.0
0 0.0 1.0 0.19760937500000003 1.0 0.0 0.8736876562500001 0.19760937500000003 0.8736876562500001
0 0.0 0.76477515625 0.0 0.76477515625 0.0 0.60093390625 0.0 0.60093390625
0 0.0 0.006449843749999929 0.0 0.006449843749999929 0.0 0.0 0.0 0.0
0 0.13289531250000017 0.7797976562500001 0.3171875 0.7797976562500001 0.13289531250000017 0.3528884375 0.3171875 0.3528884375
