0 0.23085218750000003 0.0 0.43805437499999994 0.0 0.23085218750000003 0.0 0.43805437499999994 0.0
0 0.20253437499999993 0.0 0.42431390624999993 0.0 0.20253437499999993 0.0 0.42431390624999993 0.0
0 0.5996421875 0.0 0.8528062500000001 0.0 0.5996421875 0.0 0.8528062500000001 0.0
0 0.0 0.09664707812500009 0.0 0.09664707812500009 0.0 0.0 0.0 0.0
0 0.0 0.1359375 0.0 0.1359375 0.0 0.13333971562499994 0.0 0.13333971562499994
0 0.8867125000000001 0.0 1.0 0.0 0.8867125000000001 0.0 1.0 0.0
0 0.5244240625 0.0 0.69735625 0.0 0.5244240625 0.0 0.69735625 0.0
0 0.4047484375 0.1359375 0.7143640625 0.1359375 0.4047484375 0.04781203124999998 0.7143640625 0.04781203124999998
0 0.4726982812499999 0.1359375 0.7029656249999998 0.1359375 0.4726982812499999 0.10300439062500004 0.7029656249999998 0.10300439062500004
0 0.3875184375 0.11788098437500008 0.564978125 0.11788098437500008 0.3875184375 0.0 0.564978125 0.0
0 0.23742187500000006 0.0 0.5292392187500001 0.0 0.23742187500000006 0.0 0.5292392187500001 0.0
0 0.9962218750000001 0.0 1.0 0.0 0.9962218750000001 0.0 1.0 0.0
0 0.8163140625 0.05132778125000002 1.0 0.05132778125000002 0.8163140625 0.0 1.0 0.0
0 0.18967296875000006 0.11885665625000001 0.35597484375 0.11885665625000001 0.18967296875000006 0.0 0.35597484375 0.0
0 1.0 0.1359375 1.0 0.1359375 1.0 0.0 1.0 0.0
0 0.22024515625000002 0.1359375 0.49716703125000006 0.1359375 0.22024515625000002 0.08069682812500005 0.49716703125000006 0.08069682812500005
0 1.0 0.1359375 1.0 0.1359375 1.0 0.0 1.0 0.0
0 0.0 0.1359375 0.0 0.1359375 0.0 0.13458254343749995 0.0 0.13458254343749995
0 0.7418390625000001 0.0 1.0 0.0 0.7418390625000001 0.0 1.0 0.0
0 0.0 0.0 0.21309234375 0.0 0.0 0.0 0.21309234375 0.0
0 0.0 0.0 0.10272062500000008 0.0 0.0 0.0 0.10272062500000008 0.0
