0 0.69323796875 0.09664707812500009 0.9570562499999999 0.09664707812500009 0.69323796875 0.0 0.9570562499999999 0.0
0 0.36746046875 0.1359375 0.6185684375 0.1359375 0.36746046875 0.13333971562499994 0.6185684375 0.13333971562499994
0 1.0 0.1359375 1.0 0.1359375 1.0 0.04781203124999998 1.0 0.04781203124999998
0 1.0 0.1359375 1.0 0.1359375 1.0 0.10300439062500004 1.0 0.10300439062500004
0 0.81482765625 0.0 0.9829021875 0.0 0.81482765625 0.0 0.9829021875 0.0
0 1.0 0.11788098437500008 1.0 0.11788098437500008 1.0 0.0 1.0 0.0
0 0.13352362499999998 0.0 0.4027159375 0.0 0.13352362499999998 0.0 0.4027159375 0.0
0 0.38803484374999997 0.0 0.69632703125 0.0 0.38803484374999997 0.0 0.69632703125 0.0
0 1.0 0.05132778125000002 1.0 0.05132778125000002 1.0 0.0 1.0 0.0
0 1.0 0.11885665625000001 1.0 0.11885665625000001 1.0 0.0 1.0 0.0
0 0.59447171875 0.0 0.8414164062499999 0.0 0.59447171875 0.0 0.8414164062499999 0.0
0 1.0 0.1359375 1.0 0.1359375 1.0 0.0 1.0 0.0
0 1.0 0.1359375 1.0 0.1359375 1.0 0.08069682812500005 1.0 0.08069682812500005
0 0.3863603125 0.0 0.6568660937499999 0.0 0.3863603125 0.0 0.6568660937499999 0.0
0 0.38384968750000004 0.0 0.55656734375 0.0 0.38384968750000004 0.0 0.55656734375 0.0
0 0.4253871875 0.0 0.6522484375000001 0.0 0.4253871875 0.0 0.6522484375000001 0.0
0 1.0 0.1359375 1.0 0.1359375 1.0 0.0 1.0 0.0
0 0.5766910937499999 0.1359375 0.74980265625 0.1359375 0.5766910937499999 0.13458254343749995 0.74980265625 0.13458254343749995
0 0.65318984375 0.0 0.94593890625 0.0 0.65318984375 0.0 0.94593890625 0.0
0 0.04493603125 0.0 0.181894375 0.0 0.04493603125 0.0 0.181894375 0.0
0 0.94754796875 0.0 1.0 0.0 0.94754796875 0.0 1.0 0.0
0 0.6913609375 0.0 0.8904873437499999 0.0 0.6913609375 0.0 0.8904873437499999 0.0
0 0.77519171875 0.0 1.0 0.0 0.77519171875 0.0 1.0 0.0
0 0.55709125 0.0 0.8641565625000001 0.0 0.55709125 0.0 0.8641565625000001 0.0
