0 0.12254375000000017 0.0 0.2777421875000002 0.0 0.12254375000000017 0.0 0.2777421875000002 0.0
0 0.0 0.0 0.14245468750000007 0.0 0.0 0.0 0.14245468750000007 0.0
0 0.0 0.1359375 0.11018593750000001 0.1359375 0.0 0.008138812500000014 0.11018593750000001 0.008138812500000014
0 0.0 0.1359375 0.0 0.1359375 0.0 0.12066600312499993 0.0 0.12066600312499993
0 0.1936296875 0.0 0.2636312499999999 0.0 0.1936296875 0.0 0.2636312499999999 0.0
0 0.0 0.1359375 0.0 0.1359375 0.0 0.13514976500000006 0.0 0.13514976500000006
0 0.0 0.1359375 0.0 0.1359375 0.0 0.025321124999999965 0.0 0.025321124999999965
0 0.0 0.0 0.24065156250000008 0.0 0.0 0.0 0.24065156250000008 0.0
0 0.0 0.1359375 0.0 0.1359375 0.0 0.0 0.0 0.0
0 0.0 0.0 0.02654999999999994 0.0 0.0 0.0 0.02654999999999994 0.0
0 0.21162656250000006 0.0 0.3171875 0.0 0.21162656250000006 0.0 0.3171875 0.0
0 0.0 0.1359375 0.0 0.1359375 0.0 0.04658542187499996 0.0 0.04658542187499996
