0 0.8475215625000001 0.0 1.0 0.0 0.8475215625000001 0.0 1.0 0.0
0 0.0 0.0 0.04079671875 0.0 0.0 0.0 0.04079671875 0.0
0 1.0 0.1359375 1.0 0.1359375 1.0 0.008138812500000014 1.0 0.008138812500000014
0 0.67188953125 0.1359375 0.9611595312500001 0.1359375 0.67188953125 0.12066600312499993 0.9611595312500001 0.12066600312499993
0 0.10675118750000001 0.0 0.39072578125 0.0 0.10675118750000001 0.0 0.39072578125 0.0
0 0.9143357812499999 0.0 1.0 0.0 0.9143357812499999 0.0 1.0 0.0
0 0.6671493749999999 0.0 0.9773853125 0.0 0.6671493749999999 0.0 0.9773853125 0.0
0 1.0 0.1359375 1.0 0.1359375 1.0 0.13514976500000006 1.0 0.13514976500000006
0 0.2471734375 0.0 0.30104875 0.0 0.2471734375 0.0 0.30104875 0.0
0 0.8796020312499999 0.1359375 1.0 0.1359375 0.8796020312499999 0.025321124999999965 1.0 0.025321124999999965
0 0.35113109374999996 0.0 0.57436875 0.0 0.35113109374999996 0.0 0.57436875 0.0
0 0.0 0.1359375 0.38078421875 0.1359375 0.0 0.0 0.38078421875 0.0
0 0.3871 0.0 0.8387607812500001 0.0 0.3871 0.0 0.8387607812500001 0.0
0 0.9885425 0.0 1.0 0.0 0.9885425 0.0 1.0 0.0
0 0.46880468750000004 0.0 0.91973796875 0.0 0.46880468750000004 0.0 0.91973796875 0.0
0 0.82932296875 0.1359375 0.957406875 0.1359375 0.82932296875 0.04658542187499996 0.957406875 0.04658542187499996
