0 0.0 0.0 0.1361529687499999 0.0 0.0 0.0 0.1361529687499999 0.0
0 0.19815671874999996 0.11523804687499997 0.3712085937499999 0.11523804687499997 0.19815671874999996 0.0 0.3712085937499999 0.0
0 0.769246875 0.08198362499999998 0.9410953124999999 0.08198362499999998 0.769246875 0.0 0.9410953124999999 0.0
0 0.8647609374999998 0.0 1.0 0.0 0.8647609374999998 0.0 1.0 0.0
0 0.0 0.0 0.036464062499999984 0.0 0.0 0.0 0.036464062499999984 0.0
0 0.0 0.1359375 0.0 0.1359375 0.0 0.0 0.0 0.0
0 0.6270312499999999 0.1359375 0.8896562500000001 0.1359375 0.6270312499999999 0.0 0.8896562500000001 0.0
0 0.0 0.1359375 0.0 0.1359375 0.0 0.0 0.0 0.0
0 0.0 0.1359375 0.03112187500000001 0.1359375 0.0 0.0032950156249999195 0.03112187500000001 0.0032950156249999195
0 0.33740531249999994 0.07789553125000008 0.48552718749999996 0.07789553125000008 0.33740531249999994 0.0 0.48552718749999996 0.0
0 0.0 0.1359375 0.0 0.1359375 0.0 0.06778779687499999 0.0 0.06778779687499999
0 0.45336406250000005 0.0 0.6261609374999999 0.0 0.45336406250000005 0.0 0.6261609374999999 0.0
0 0.7401375000000001 0.0 0.8040171874999998 0.0 0.7401375000000001 0.0 0.8040171874999998 0.0
