0 0.027201562500000165 0.11082943749999999 0.21091093749999992 0.11082943749999999 0.027201562500000165 0.0 0.21091093749999992 0.0
0 0.0 0.06042564062500002 0.0 0.06042564062500002 0.0 0.0 0.0 0.0
0 0.0 0.1359375 0.15119531250000015 0.1359375 0.0 0.056533843749999944 0.15119531250000015 0.056533843749999944
0 0.0 0.1359375 0.0 0.1359375 0.0 0.030403156250000053 0.0 0.030403156250000053
0 0.0 0.10944046874999991 0.0 0.10944046874999991 0.0 0.0 0.0 0.0
0 0.2768812499999999 0.0 0.3171875 0.0 0.2768812499999999 0.0 0.3171875 0.0
0 0.0 0.06906067187500006 0.0 0.06906067187500006 0.0 0.0 0.0 0.0
0 0.19585156250000005 0.0 0.3171875 0.0 0.19585156250000005 0.0 0.3171875 0.0
0 0.0 0.1359375 0.11100937500000008 0.1359375 0.0 0.1226950890625 0.11100937500000008 0.1226950890625
0 0.08897812499999987 0.0 0.27858906250000004 0.0 0.08897812499999987 0.0 0.27858906250000004 0.0
0 0.0 0.1359375 0.29125781249999994 0.1359375 0.0 0.0 0.29125781249999994 0.0
0 0.0 0.1359375 0.23322343749999988 0.1359375 0.0 0.0 0.23322343749999988 0.0
0 0.0 0.1359375 0.0 0.1359375 0.0 0.0 0.0 0.0
0 0.0 0.0 0.01329843749999995 0.0 0.0 0.0 0.01329843749999995 0.0
