0 0.6425421875000001 0.0 0.697971875 0.0 0.6425421875000001 0.0 0.697971875 0.0
0 0.02599687500000005 0.0 0.23721812500000006 0.0 0.02599687500000005 0.0 0.23721812500000006 0.0
0 1.0 0.11082943749999999 1.0 0.11082943749999999 1.0 0.0 1.0 0.0
0 0.7386734374999999 0.0 0.9158000000000002 0.0 0.7386734374999999 0.0 0.9158000000000002 0.0
0 0.0 0.06042564062500002 0.0 0.06042564062500002 0.0 0.0 0.0 0.0
0 0.9156156249999998 0.1359375 1.0 0.1359375 0.9156156249999998 0.056533843749999944 1.0 0.056533843749999944
0 0.22587562499999994 0.1359375 0.4027318749999999 0.1359375 0.22587562499999994 0.030403156250000053 0.4027318749999999 0.030403156250000053
0 0.3841578125 0.0 0.6456375000000001 0.0 0.3841578125 0.0 0.6456375000000001 0.0
0 0.0 0.0 0.2859159375000001 0.0 0.0 0.0 0.2859159375000001 0.0
0 0.0 0.10944046874999991 0.0 0.10944046874999991 0.0 0.0 0.0 0.0
0 0.09725625000000004 0.06906067187500006 0.40987546874999997 0.06906067187500006 0.09725625000000004 0.0 0.40987546874999997 0.0
0 0.3121600000000001 0.0 0.48873468750000004 0.0 0.3121600000000001 0.0 0.48873468750000004 0.0
0 0.8793609374999999 0.1359375 1.0 0.1359375 0.8793609374999999 0.1226950890625 1.0 0.1226950890625
0 0.26859906250000004 0.0 0.44202093750000004 0.0 0.26859906250000004 0.0 0.44202093750000004 0.0
0 0.8900046875000001 0.1359375 1.0 0.1359375 0.8900046875000001 0.0 1.0 0.0
0 0.20412468750000007 0.0 0.45130625 0.0 0.20412468750000007 0.0 0.45130625 0.0
0 0.79541875 0.1359375 1.0 0.1359375 0.79541875 0.0 1.0 0.0
0 0.5753796875000001 0.0 0.8451859375000002 0.0 0.5753796875000001 0.0 0.8451859375000002 0.0
0 0.0 0.1359375 0.43180046875 0.1359375 0.0 0.0 0.43180046875 0.0
0 0.1698245312499999 0.0 0.37039265624999995 0.0 0.1698245312499999 0.0 0.37039265624999995 0.0
0 0.7636749999999999 0.0 1.0 0.0 0.7636749999999999 0.0 1.0 0.0
