0 0.6425421875000001 0.74080234375 0.697971875 0.74080234375 0.6425421875000001 0.68476296875 0.697971875 0.68476296875
0 0.0 0.9784914062500001 0.0 0.9784914062500001 0.0 0.7444315625 0.0 0.7444315625
0 0.02599687500000005 0.04708874999999999 0.23721812500000006 0.04708874999999999 0.02599687500000005 0.0 0.23721812500000006 0.0
0 0.0 0.0025314062499999677 0.0 0.0025314062499999677 0.0 0.0 0.0 0.0
0 1.0 1.0 1.0 1.0 1.0 0.91682109375 1.0 0.91682109375
0 0.0 0.17035187500000007 0.0 0.17035187500000007 0.0 0.10342328125000008 0.0 0.10342328125000008
0 0.7386734374999999 0.5292946875 0.9158000000000002 0.5292946875 0.7386734374999999 0.3542834375 0.9158000000000002 0.3542834375
0 0.0 1.0 0.0 1.0 0.0 0.79018703125 0.0 0.79018703125
0 0.9156156249999998 1.0 1.0 1.0 0.9156156249999998 1.0 1.0 1.0
0 0.22587562499999994 1.0 0.4027318749999999 1.0 0.22587562499999994 1.0 0.4027318749999999 1.0
0 0.3841578125 0.5759904687499999 0.6456375000000001 0.5759904687499999 0.3841578125 0.30758906249999995 0.6456375000000001 0.30758906249999995
0 0.0 0.55198515625 0.2859159375000001 0.55198515625 0.0 0.11102218750000006 0.2859159375000001 0.11102218750000006
0 0.0 0.3229657812499999 0.0 0.3229657812499999 0.0 0.038268437500000016 0.0 0.038268437500000016
0 0.0 0.38672843749999997 0.0 0.38672843749999997 0.0 0.15408000000000008 0.0 0.15408000000000008
0 0.0 1.0 0.0 1.0 0.0 0.8880634374999999 0.0 0.8880634374999999
0 1.0 0.050197812500000084 1.0 0.050197812500000084 1.0 0.0 1.0 0.0
0 0.0 0.15593921875000002 0.0 0.15593921875000002 0.0 0.07708421874999996 0.0 0.07708421874999996
0 0.09725625000000004 1.0 0.40987546874999997 1.0 0.09725625000000004 0.7572734375 0.40987546874999997 0.7572734375
0 0.3121600000000001 0.11097390624999992 0.48873468750000004 0.11097390624999992 0.3121600000000001 0.0 0.48873468750000004 0.0
0 1.0 0.25195953125 1.0 0.25195953125 1.0 0.0 1.0 0.0
0 0.8793609374999999 1.0 1.0 1.0 0.8793609374999999 1.0 1.0 1.0
0 0.26859906250000004 0.7365521875000001 0.44202093750000004 0.7365521875000001 0.26859906250000004 0.56940671875 0.44202093750000004 0.56940671875
0 1.0 0.8390926562499998 1.0 0.8390926562499998 1.0 0.64956453125 1.0 0.64956453125
0 0.8900046875000001 1.0 1.0 1.0 0.8900046875000001 0.9667350000000001 1.0 0.9667350000000001
0 0.20412468750000007 0.5717371875 0.45130625 0.5717371875 0.20412468750000007 0.33315343750000004 0.45130625 0.33315343750000004
0 0.79541875 1.0 1.0 1.0 0.79541875 0.954309375 1.0 0.954309375
0 0.5753796875000001 0.24334718750000003 0.8451859375000002 0.24334718750000003 0.5753796875000001 0.0 0.8451859375000002 0.0
0 0.0 1.0 0.43180046875 1.0 0.0 0.9100646874999999 0.43180046875 0.9100646874999999
0 0.0 0.8883435937499999 0.0 0.8883435937499999 0.0 0.6643931249999999 0.0 0.6643931249999999
0 0.1698245312499999 0.12358390625000001 0.37039265624999995 0.12358390625000001 0.1698245312499999 0.0 0.37039265624999995 0.0
0 0.0 0.16066812499999994 0.0 0.16066812499999994 0.0 0.0 0.0 0.0
0 0.7636749999999999 0.2341785937499999 1.0 0.2341785937499999 0.7636749999999999 0.0 1.0 0.0
