0 0.0 0.6517643750000001 0.0 0.6517643750000001 0.0 0.38361234375000003 0.0 0.38361234375000003
0 0.0 1.0 0.05335109374999991 1.0 0.0 0.9590964062499999 0.05335109374999991 0.9590964062499999
0 0.0 0.8089625 0.0 0.8089625 0.0 0.57496875 0.0 0.57496875
0 0.7619671875000001 0.6861621875 0.9306828125 0.6861621875 0.7619671875000001 0.517508125 0.9306828125 0.517508125
0 0.0 0.045458281249999996 0.0 0.045458281249999996 0.0 0.0 0.0 0.0
0 0.0 0.61578203125 0.12727296875 0.61578203125 0.0 0.39793109375 0.12727296875 0.39793109375
0 0.8496859375 0.5282903125 1.0 0.5282903125 0.8496859375 0.27058828125000006 1.0 0.27058828125000006
0 0.0 0.24534890624999992 0.0 0.24534890624999992 0.0 0.10213578124999997 0.0 0.10213578124999997
0 0.0 0.07201468749999992 0.0 0.07201468749999992 0.0 0.0 0.0 0.0
0 0.0 0.73848265625 0.0 0.73848265625 0.0 0.5240965625 0.0 0.5240965625
0 1.0 1.0 1.0 1.0 1.0 0.965224375 1.0 0.965224375
0 0.10726468750000002 0.95284203125 0.14645796875000006 0.95284203125 0.10726468750000002 0.91127046875 0.14645796875000006 0.91127046875
0 0.0 0.8740514062500001 0.0 0.8740514062500001 0.0 0.66982078125 0.0 0.66982078125
0 0.64920625 0.01831499999999995 0.8235656250000002 0.01831499999999995 0.64920625 0.0 0.8235656250000002 0.0
0 0.5395440625000001 1.0 0.7263124999999999 1.0 0.5395440625000001 1.0 0.7263124999999999 1.0
0 0.0 0.26081875 0.0 0.26081875 0.0 0.09064250000000004 0.0 0.09064250000000004
0 0.0 0.08035921874999996 0.0 0.08035921874999996 0.0 0.0 0.0 0.0
0 1.0 0.45618187499999996 1.0 0.45618187499999996 1.0 0.29741828125 1.0 0.29741828125
0 0.35850515625 0.68038 0.49600687499999996 0.68038 0.35850515625 0.523508125 0.49600687499999996 0.523508125
0 0.05122 0.8722725 0.12784250000000003 0.8722725 0.05122 0.7962857812499999 0.12784250000000003 0.7962857812499999
0 1.0 0.17985687499999994 1.0 0.17985687499999994 1.0 0.04034999999999993 1.0 0.04034999999999993
0 1.0 0.6981409375000001 1.0 0.6981409375000001 1.0 0.5050851562500001 1.0 0.5050851562500001
0 0.0 0.72552375 0.2637415624999999 0.72552375 0.0 0.41929640625 0.2637415624999999 0.41929640625
0 0.5691921875 0.9167353125 0.7382375 0.9167353125 0.5691921875 0.75372125 0.7382375 0.75372125
0 0.0 0.35167171875000003 0.0 0.35167171875000003 0.0 0.09924031249999991 0.0 0.09924031249999991
0 0.0 0.20928484375000006 0.0 0.20928484375000006 0.0 0.0 0.0 0.0
0 0.15673984374999997 0.008682031250000045 0.4579859375 0.008682031250000045 0.15673984374999997 0.0 0.4579859375 0.0
0 0.0 0.9759753124999999 0.0 0.9759753124999999 0.0 0.7313378125 0.0 0.7313378125
0 0.4675382812500001 1.0 0.61119375 1.0 0.4675382812500001 0.95209953125 0.61119375 0.95209953125
