0 0.0 0.99864975 0.0 0.99864975 0.0 0.7569390625000001 0.0 0.7569390625000001
0 0.9009484375 0.22890046875000003 1.0 0.22890046875000003 0.9009484375 0.0 1.0 0.0
0 0.0 1.0 0.0 1.0 0.0 0.7036734375 0.0 0.7036734375
0 0.27006265625000003 0.6754137499999999 0.44192687500000005 0.6754137499999999 0.27006265625000003 0.51301671875 0.44192687500000005 0.51301671875
0 0.8651734375 0.36010421875 1.0 0.36010421875 0.8651734375 0.047652968749999934 1.0 0.047652968749999934
0 1.0 0.31203515625 1.0 0.31203515625 1.0 0.04464953124999997 1.0 0.04464953124999997
0 0.0 0.17290703124999993 0.0 0.17290703124999993 0.0 0.0 0.0 0.0
0 1.0 0.51085828125 1.0 0.51085828125 1.0 0.19888578124999992 1.0 0.19888578124999992
0 0.0 0.626356875 0.0 0.626356875 0.0 0.37467984374999996 0.0 0.37467984374999996
0 0.0 0.88413125 0.05139468750000002 0.88413125 0.0 0.74688609375 0.05139468750000002 0.74688609375
0 1.0 0.95005109375 1.0 0.95005109375 1.0 0.66913828125 1.0 0.66913828125
0 0.0 0.2968554687499999 0.0 0.2968554687499999 0.0 0.05824609375000005 0.0 0.05824609375000005
0 0.6790265625 1.0 0.8517296875 1.0 0.6790265625 1.0 0.8517296875 1.0
0 1.0 1.0 1.0 1.0 1.0 0.7654209375000001 1.0 0.7654209375000001
0 0.42907031250000005 0.5193984375 0.49650359374999997 0.5193984375 0.42907031250000005 0.45092828125000006 0.49650359374999997 0.45092828125000006
0 0.6132046875 0.10583843749999992 0.6695625 0.10583843749999992 0.6132046875 0.05005375000000001 0.6695625 0.05005375000000001
0 0.0 1.0 0.0 1.0 0.0 0.8650570312500001 0.0 0.8650570312500001
0 0.0 0.46354187500000005 0.0 0.46354187500000005 0.0 0.28673406250000005 0.0 0.28673406250000005
0 0.33860609375 0.44801124999999997 0.6257531249999999 0.44801124999999997 0.33860609375 0.15716578124999997 0.6257531249999999 0.15716578124999997
0 0.08688390624999993 1.0 0.332005 1.0 0.08688390624999993 0.86360234375 0.332005 0.86360234375
0 0.0 1.0 0.0 1.0 0.0 0.97393078125 0.0 0.97393078125
0 0.0 0.03144296875000006 0.0 0.03144296875000006 0.0 0.0 0.0 0.0
0 0.0 0.9902960625 0.0 0.9902960625 0.0 0.7263953125 0.0 0.7263953125
0 0.9539109374999999 0.22332203125000002 1.0 0.22332203125000002 0.9539109374999999 0.0 1.0 0.0
0 0.6123312500000001 0.84987875 0.690790625 0.84987875 0.6123312500000001 0.77183609375 0.690790625 0.77183609375
0 0.6417953125 0.33303312500000004 0.7105593750000001 0.33303312500000004 0.6417953125 0.26329093750000004 0.7105593750000001 0.26329093750000004
0 1.0 0.07728859375 1.0 0.07728859375 1.0 0.0 1.0 0.0
0 0.49080406249999997 0.5560725 0.6336890624999999 0.5560725 0.49080406249999997 0.39551421875 0.6336890624999999 0.39551421875
0 1.0 0.52079328125 1.0 0.52079328125 1.0 0.10291046875000003 1.0 0.10291046875000003
0 0.0 0.47689281250000004 0.0 0.47689281250000004 0.0 0.4201321875 0.0 0.4201321875
0 1.0 1.0 1.0 1.0 1.0 0.8712114062499999 1.0 0.8712114062499999
0 0.875784375 0.25804578125000005 1.0 0.25804578125000005 0.875784375 0.008975468749999927 1.0 0.008975468749999927
0 0.18548921875000007 0.99914525 0.6374109375 0.99914525 0.18548921875000007 0.548731875 0.6374109375 0.548731875
0 0.19698937500000008 0.58288015625 0.36544171875 0.58288015625 0.19698937500000008 0.41448921875 0.36544171875 0.41448921875
0 0.0 0.23124546875000007 0.0 0.23124546875000007 0.0 0.15234703125000007 0.0 0.15234703125000007
