0 0.0 0.99864975 0.0 0.99864975 0.0 0.7569390625000001 0.0 0.7569390625000001
0 0.0 0.22890046875000003 0.16729843749999987 0.22890046875000003 0.0 0.0 0.16729843749999987 0.0
0 0.0 1.0 0.0 1.0 0.0 0.7036734375 0.0 0.7036734375
0 0.0 0.6754137499999999 0.0 0.6754137499999999 0.0 0.51301671875 0.0 0.51301671875
0 0.0 0.36010421875 0.17778281249999991 0.36010421875 0.0 0.047652968749999934 0.17778281249999991 0.047652968749999934
0 0.10240000000000009 0.31203515625 0.3171875 0.31203515625 0.10240000000000009 0.04464953124999997 0.3171875 0.04464953124999997
0 0.0 0.17290703124999993 0.0 0.17290703124999993 0.0 0.0 0.0 0.0
0 0.09038749999999993 0.51085828125 0.3171875 0.51085828125 0.09038749999999993 0.19888578124999992 0.3171875 0.19888578124999992
0 0.0 0.626356875 0.0 0.626356875 0.0 0.37467984374999996 0.0 0.37467984374999996
0 0.0 0.88413125 0.0 0.88413125 0.0 0.74688609375 0.0 0.74688609375
0 0.2977265625000001 0.95005109375 0.3171875 0.95005109375 0.2977265625000001 0.66913828125 0.3171875 0.66913828125
0 0.0 0.2968554687499999 0.0 0.2968554687499999 0.0 0.05824609375000005 0.0 0.05824609375000005
0 0.11673281250000009 1.0 0.3171875 1.0 0.11673281250000009 0.7654209375000001 0.3171875 0.7654209375000001
0 0.0 0.5193984375 0.0 0.5193984375 0.0 0.45092828125000006 0.0 0.45092828125000006
0 0.0 0.10583843749999992 0.0 0.10583843749999992 0.0 0.05005375000000001 0.0 0.05005375000000001
0 0.0 1.0 0.0 1.0 0.0 0.8650570312500001 0.0 0.8650570312500001
0 0.0 0.46354187500000005 0.0 0.46354187500000005 0.0 0.28673406250000005 0.0 0.28673406250000005
0 0.0 0.44801124999999997 0.0 0.44801124999999997 0.0 0.15716578124999997 0.0 0.15716578124999997
0 0.0 1.0 0.0 1.0 0.0 0.86360234375 0.0 0.86360234375
0 0.0 1.0 0.0 1.0 0.0 0.97393078125 0.0 0.97393078125
0 0.0 0.03144296875000006 0.0 0.03144296875000006 0.0 0.0 0.0 0.0
0 0.0 0.9902960625 0.0 0.9902960625 0.0 0.7263953125 0.0 0.7263953125
0 0.0 0.22332203125000002 0.1885718749999999 0.22332203125000002 0.0 0.0 0.1885718749999999 0.0
0 0.0 0.84987875 0.0 0.84987875 0.0 0.77183609375 0.0 0.77183609375
0 0.0 0.33303312500000004 0.0 0.33303312500000004 0.0 0.26329093750000004 0.0 0.26329093750000004
0 0.07476875000000013 0.07728859375 0.3171875 0.07728859375 0.07476875000000013 0.0 0.3171875 0.0
0 0.0 0.5560725 0.0 0.5560725 0.0 0.39551421875 0.0 0.39551421875
0 0.16143906249999987 0.52079328125 0.3171875 0.52079328125 0.16143906249999987 0.10291046875000003 0.3171875 0.10291046875000003
0 0.0 0.47689281250000004 0.0 0.47689281250000004 0.0 0.4201321875 0.0 0.4201321875
0 0.02800312500000004 1.0 0.3171875 1.0 0.02800312500000004 0.8712114062499999 0.3171875 0.8712114062499999
0 0.0 0.25804578125000005 0.13288906249999996 0.25804578125000005 0.0 0.008975468749999927 0.13288906249999996 0.008975468749999927
0 0.0 0.99914525 0.0 0.99914525 0.0 0.548731875 0.0 0.548731875
0 0.0 0.58288015625 0.0 0.58288015625 0.0 0.41448921875 0.0 0.41448921875
0 0.0 0.23124546875000007 0.0 0.23124546875000007 0.0 0.15234703125000007 0.0 0.15234703125000007
