0 0.0 0.0 0.16729843749999987 0.0 0.0 0.0 0.16729843749999987 0.0
0 0.0 0.1359375 0.0 0.1359375 0.0 0.0 0.0 0.0
0 0.0 0.0 0.17778281249999991 0.0 0.0 0.0 0.17778281249999991 0.0
0 0.10240000000000009 0.0 0.3171875 0.0 0.10240000000000009 0.0 0.3171875 0.0
0 0.09038749999999993 0.0 0.3171875 0.0 0.09038749999999993 0.0 0.3171875 0.0
0 0.2977265625000001 0.0 0.3171875 0.0 0.2977265625000001 0.0 0.3171875 0.0
0 0.0 0.1359375 0.0 0.1359375 0.0 0.1287068609375 0.0 0.1287068609375
0 0.0 0.1359375 0.0 0.1359375 0.0 0.07328907812499992 0.0 0.07328907812499992
0 0.11673281250000009 0.03265085937500008 0.3171875 0.03265085937500008 0.11673281250000009 0.0 0.3171875 0.0
0 0.0 0.1359375 0.0 0.1359375 0.0 0.0 0.0 0.0
0 0.0 0.12929876562500003 0.0 0.12929876562500003 0.0 0.0 0.0 0.0
0 0.0 0.1359375 0.0 0.1359375 0.0 0.0 0.0 0.0
0 0.0 0.0 0.1885718749999999 0.0 0.0 0.0 0.1885718749999999 0.0
0 0.07476875000000013 0.0 0.3171875 0.0 0.07476875000000013 0.0 0.3171875 0.0
0 0.16143906249999987 0.0 0.3171875 0.0 0.16143906249999987 0.0 0.3171875 0.0
0 0.02800312500000004 0.1359375 0.3171875 0.1359375 0.02800312500000004 0.0 0.3171875 0.0
0 0.0 0.0 0.13288906249999996 0.0 0.0 0.0 0.13288906249999996 0.0
0 0.0 0.1359375 0.0 0.1359375 0.0 0.09511278124999993 0.0 0.09511278124999993
