0 0.9009484375 0.0 1.0 0.0 0.9009484375 0.0 1.0 0.0
0 0.0 0.1359375 0.0 0.1359375 0.0 0.0 0.0 0.0
0 0.27006265625000003 0.0 0.44192687500000005 0.0 0.27006265625000003 0.0 0.44192687500000005 0.0
0 0.8651734375 0.0 1.0 0.0 0.8651734375 0.0 1.0 0.0
0 0.0 0.0 0.05139468750000002 0.0 0.0 0.0 0.05139468750000002 0.0
0 0.0 0.1359375 0.0 0.1359375 0.0 0.1287068609375 0.0 0.1287068609375
0 0.6790265625 0.1359375 0.8517296875 0.1359375 0.6790265625 0.07328907812499992 0.8517296875 0.07328907812499992
0 1.0 0.03265085937500008 1.0 0.03265085937500008 1.0 0.0 1.0 0.0
0 0.42907031250000005 0.0 0.49650359374999997 0.0 0.42907031250000005 0.0 0.49650359374999997 0.0
0 0.6132046875 0.0 0.6695625 0.0 0.6132046875 0.0 0.6695625 0.0
0 0.0 0.1359375 0.0 0.1359375 0.0 0.0 0.0 0.0
0 0.33860609375 0.0 0.6257531249999999 0.0 0.33860609375 0.0 0.6257531249999999 0.0
0 0.08688390624999993 0.12929876562500003 0.332005 0.12929876562500003 0.08688390624999993 0.0 0.332005 0.0
0 0.0 0.1359375 0.0 0.1359375 0.0 0.0 0.0 0.0
0 0.9539109374999999 0.0 1.0 0.0 0.9539109374999999 0.0 1.0 0.0
0 0.6123312500000001 0.0 0.690790625 0.0 0.6123312500000001 0.0 0.690790625 0.0
0 0.6417953125 0.0 0.7105593750000001 0.0 0.6417953125 0.0 0.7105593750000001 0.0
0 0.49080406249999997 0.0 0.6336890624999999 0.0 0.49080406249999997 0.0 0.6336890624999999 0.0
0 1.0 0.1359375 1.0 0.1359375 1.0 0.0 1.0 0.0
0 0.875784375 0.0 1.0 0.0 0.875784375 0.0 1.0 0.0
0 0.18548921875000007 0.0 0.6374109375 0.0 0.18548921875000007 0.0 0.6374109375 0.0
0 0.19698937500000008 0.0 0.36544171875 0.0 0.19698937500000008 0.0 0.36544171875 0.0
0 0.0 0.1359375 0.0 0.1359375 0.0 0.09511278124999993 0.0 0.09511278124999993
