0 0.010171874999999986 0.1359375 0.25136093750000016 0.1359375 0.010171874999999986 0.0 0.25136093750000016 0.0
0 0.0 0.1359375 0.0 0.1359375 0.0 0.0 0.0 0.0
0 0.0 0.1359375 0.13099375000000002 0.1359375 0.0 0.04156235937500004 0.13099375000000002 0.04156235937500004
0 0.0 0.1359375 0.0 0.1359375 0.0 0.05334356249999992 0.0 0.05334356249999992
0 0.0 0.1359375 0.0 0.1359375 0.0 0.05720875000000003 0.0 0.05720875000000003
0 0.0 0.1359375 0.0 0.1359375 0.0 0.0 0.0 0.0
0 0.0 0.1359375 0.0 0.1359375 0.0 0.05975885937500003 0.0 0.05975885937500003
0 0.0 0.1359375 0.0 0.1359375 0.0 0.0 0.0 0.0
0 0.27582031250000016 0.0 0.3171875 0.0 0.27582031250000016 0.0 0.3171875 0.0
0 0.0 0.1359375 0.0 0.1359375 0.0 0.0 0.0 0.0
0 0.0 0.12661527499999997 0.009734375000000028 0.12661527499999997 0.0 0.0 0.009734375000000028 0.0
0 0.0 0.0 0.11362343750000008 0.0 0.0 0.0 0.11362343750000008 0.0
