0 0.0 0.0 0.049605468749999916 0.0 0.0 0.0 0.049605468749999916 0.0
0 1.0 0.1359375 1.0 0.1359375 1.0 0.0 1.0 0.0
0 0.45868687500000005 0.0 0.50180609375 0.0 0.45868687500000005 0.0 0.50180609375 0.0
0 0.0 0.0 0.11913156249999997 0.0 0.0 0.0 0.11913156249999997 0.0
0 0.34836656250000003 0.0 0.40028828124999993 0.0 0.34836656250000003 0.0 0.40028828124999993 0.0
0 0.0 0.0 0.14514843749999998 0.0 0.0 0.0 0.14514843749999998 0.0
0 0.041361562500000025 0.1359375 0.31634171875000006 0.1359375 0.041361562500000025 0.0 0.31634171875000006 0.0
0 0.46800093749999994 0.0 0.5181709375000001 0.0 0.46800093749999994 0.0 0.5181709375000001 0.0
0 0.3275040625000001 0.0 0.5462125 0.0 0.3275040625000001 0.0 0.5462125 0.0
0 0.824609375 0.1359375 1.0 0.1359375 0.824609375 0.04156235937500004 1.0 0.04156235937500004
0 0.0 0.1359375 0.11738093749999993 0.1359375 0.0 0.05334356249999992 0.11738093749999993 0.05334356249999992
0 0.06601515624999994 0.1359375 0.24110734375000006 0.1359375 0.06601515624999994 0.05720875000000003 0.24110734375000006 0.05720875000000003
0 0.6501953125 0.0 0.7296640624999998 0.0 0.6501953125 0.0 0.7296640624999998 0.0
0 0.55092328125 0.1359375 0.8899421875000002 0.1359375 0.55092328125 0.0 0.8899421875000002 0.0
0 0.0 0.1359375 0.0 0.1359375 0.0 0.05975885937500003 0.0 0.05975885937500003
0 0.7149265625000002 0.0 0.8863531250000001 0.0 0.7149265625000002 0.0 0.8863531250000001 0.0
0 0.0 0.0 0.10387062500000006 0.0 0.0 0.0 0.10387062500000006 0.0
0 0.6172140625000001 0.0 0.7894375 0.0 0.6172140625000001 0.0 0.7894375 0.0
0 0.28416781249999995 0.1359375 0.7195796874999999 0.1359375 0.28416781249999995 0.0 0.7195796874999999 0.0
0 0.0 0.0 0.33105718750000007 0.0 0.0 0.0 0.33105718750000007 0.0
0 0.0 0.1359375 0.0 0.1359375 0.0 0.0 0.0 0.0
0 0.7685546875 0.12661527499999997 1.0 0.12661527499999997 0.7685546875 0.0 1.0 0.0
0 0.8237671875 0.0 1.0 0.0 0.8237671875 0.0 1.0 0.0
