0 0.0 0.07714687500000003 0.0 0.07714687500000003 0.0 0.0 0.0 0.0
0 0.010171874999999986 1.0 0.25136093750000016 1.0 0.010171874999999986 0.9499909375 0.25136093750000016 0.9499909375
0 0.0 0.51682328125 0.0 0.51682328125 0.0 0.23372390625 0.0 0.23372390625
0 0.0 0.08647140624999991 0.0 0.08647140624999991 0.0 0.0 0.0 0.0
0 0.0 0.9633365625 0.0 0.9633365625 0.0 0.8009393750000001 0.0 0.8009393750000001
0 0.0 0.648026875 0.0 0.648026875 0.0 0.33557562500000004 0.0 0.33557562500000004
0 0.0 0.11092515625000007 0.0 0.11092515625000007 0.0 0.06568671874999996 0.0 0.06568671874999996
0 0.0 0.5999578125 0.0 0.5999578125 0.0 0.33257234375000005 0.0 0.33257234375000005
0 0.0 0.5414028125 0.0 0.5414028125 0.0 0.48822296875 0.0 0.48822296875
0 0.0 0.7987809374999999 0.0 0.7987809374999999 0.0 0.48680859375 0.0 0.48680859375
0 0.0 1.0 0.0 1.0 0.0 0.9570609375 0.0 0.9570609375
0 0.0 0.50859890625 0.0 0.50859890625 0.0 0.45694999999999997 0.0 0.45694999999999997
0 0.0 0.7351985937500001 0.0 0.7351985937500001 0.0 0.51661140625 0.0 0.51661140625
0 0.0 1.0 0.13099375000000002 1.0 0.0 1.0 0.13099375000000002 1.0
0 0.0 0.80732109375 0.0 0.80732109375 0.0 0.7388509375 0.0 0.7388509375
0 0.0 0.39376109374999996 0.0 0.39376109374999996 0.0 0.3379765625 0.0 0.3379765625
0 0.0 0.73593390625 0.0 0.73593390625 0.0 0.44508843750000004 0.0 0.44508843750000004
0 0.0 0.21070124999999998 0.0 0.21070124999999998 0.0 0.04119031250000003 0.0 0.04119031250000003
0 0.0 0.2608309374999999 0.0 0.2608309374999999 0.0 0.210321875 0.0 0.210321875
0 0.0 0.11023265625 0.0 0.11023265625 0.0 0.0 0.0 0.0
0 0.0 0.13138468749999993 0.0 0.13138468749999993 0.0 0.051956249999999926 0.0 0.051956249999999926
0 0.0 0.5112446875 0.0 0.5112446875 0.0 0.27673687499999994 0.0 0.27673687499999994
0 0.0 1.0 0.0 1.0 0.0 0.91760859375 0.0 0.91760859375
0 0.0 0.62095578125 0.0 0.62095578125 0.0 0.55121359375 0.0 0.55121359375
0 0.0 0.03837437500000007 0.0 0.03837437500000007 0.0 0.0 0.0 0.0
0 0.0 0.36521125000000004 0.0 0.36521125000000004 0.0 0.07473812500000002 0.0 0.07473812500000002
0 0.0 0.894670625 0.0 0.894670625 0.0 0.7216750000000001 0.0 0.7216750000000001
0 0.0 0.8439951562499999 0.0 0.8439951562499999 0.0 0.683436875 0.0 0.683436875
0 0.0 1.0 0.0 1.0 0.0 0.9141309375000001 0.0 0.9141309375000001
0 0.0 0.8087159375 0.0 0.8087159375 0.0 0.390833125 0.0 0.390833125
0 0.27582031250000016 0.39672515625000004 0.3171875 0.39672515625000004 0.27582031250000016 0.14695468750000007 0.3171875 0.14695468750000007
0 0.0 0.5459684375 0.0 0.5459684375 0.0 0.29689828125 0.0 0.29689828125
0 0.0 1.0 0.0 1.0 0.0 0.8366546875 0.0 0.8366546875
0 0.0 0.8708028125 0.0 0.8708028125 0.0 0.702411875 0.0 0.702411875
0 0.0 1.0 0.009734375000000028 1.0 0.0 0.8870015625000001 0.009734375000000028 0.8870015625000001
0 0.0 0.55690609375 0.11362343750000008 0.55690609375 0.0 0.2823659375 0.11362343750000008 0.2823659375
