0 0.86754515625 0.0 1.0 0.0 0.86754515625 0.0 1.0 0.0
0 1.0 0.1359375 1.0 0.1359375 1.0 0.0 1.0 0.0
0 0.64458359375 0.0 0.91093265625 0.0 0.64458359375 0.0 0.91093265625 0.0
0 0.681558125 0.0 0.9812415624999999 0.0 0.681558125 0.0 0.9812415624999999 0.0
0 0.013697321874999998 0.0 0.1855615625 0.0 0.013697321874999998 0.0 0.1855615625 0.0
0 0.608808125 0.0 0.921418125 0.0 0.608808125 0.0 0.921418125 0.0
0 0.8460346875000001 0.0 1.0 0.0 0.8460346875000001 0.0 1.0 0.0
0 0.8340226562499999 0.0 1.0 0.0 0.8340226562499999 0.0 1.0 0.0
0 1.0 0.1359375 1.0 0.1359375 1.0 0.0 1.0 0.0
0 1.0 0.1359375 1.0 0.1359375 1.0 0.04156235937500004 1.0 0.04156235937500004
0 0.8603673437499999 0.1359375 1.0 0.1359375 0.8603673437499999 0.05334356249999992 1.0 0.05334356249999992
0 0.172705 0.0 0.24013843750000002 0.0 0.172705 0.0 0.24013843750000002 0.0
0 0.35684015625 0.0 0.413196875 0.0 0.35684015625 0.0 0.413196875 0.0
0 0.08224090625 0.0 0.3693871875 0.0 0.08224090625 0.0 0.3693871875 0.0
0 0.79077953125 0.0 0.9644995312500001 0.0 0.79077953125 0.0 0.9644995312500001 0.0
0 1.0 0.1359375 1.0 0.1359375 1.0 0.05720875000000003 1.0 0.05720875000000003
0 0.43595390624999997 0.0 0.48484328125 0.0 0.43595390624999997 0.0 0.48484328125 0.0
0 0.6938471875000001 0.0 0.99595328125 0.0 0.6938471875000001 0.0 0.99595328125 0.0
0 0.69754609375 0.0 0.9322064062500001 0.0 0.69754609375 0.0 0.9322064062500001 0.0
0 1.0 0.1359375 1.0 0.1359375 1.0 0.0 1.0 0.0
0 0.35596609375 0.1359375 0.43442515625 0.1359375 0.35596609375 0.05975885937500003 0.43442515625 0.05975885937500003
0 0.38543015625 0.0 0.454194375 0.0 0.38543015625 0.0 0.454194375 0.0
0 0.81840328125 0.0 1.0 0.0 0.81840328125 0.0 1.0 0.0
0 0.23443874999999997 0.0 0.37732359375 0.0 0.23443874999999997 0.0 0.37732359375 0.0
0 1.0 0.1359375 1.0 0.1359375 1.0 0.0 1.0 0.0
0 0.9050735937500001 0.0 1.0 0.0 0.9050735937500001 0.0 1.0 0.0
0 0.6194195312499999 0.0 0.8765237499999999 0.0 0.6194195312499999 0.0 0.8765237499999999 0.0
0 0.0 0.1359375 0.38104546875 0.1359375 0.0 0.0 0.38104546875 0.0
0 0.0 0.0 0.109076421875 0.0 0.0 0.0 0.109076421875 0.0
0 1.0 0.12661527499999997 1.0 0.12661527499999997 1.0 0.0 1.0 0.0
