0 1.0 0.5911759375 1.0 0.5911759375 1.0 0.33618296875000003 1.0 0.33618296875000003
0 1.0 0.47162499999999996 1.0 0.47162499999999996 1.0 0.05945265625000005 1.0 0.05945265625000005
0 1.0 0.13793531249999996 1.0 0.13793531249999996 1.0 0.0 1.0 0.0
0 1.0 0.35879625 1.0 0.35879625 1.0 0.06933546874999993 1.0 0.06933546874999993
0 0.05042596875000001 0.7549648437500001 0.28766765625 0.7549648437500001 0.05042596875000001 0.5248790624999999 0.28766765625 0.5248790624999999
0 0.0 0.20132671875000002 0.097936328125 0.20132671875000002 0.0 0.0 0.097936328125 0.0
0 0.0 0.49829609374999995 0.021786765625000003 0.49829609374999995 0.0 0.2970775 0.021786765625000003 0.2970775
0 0.66729125 0.66219546875 0.9321273437500001 0.66219546875 0.66729125 0.41025999999999996 0.9321273437500001 0.41025999999999996
0 1.0 0.6018353125 1.0 0.6018353125 1.0 0.4703478125 1.0 0.4703478125
0 0.0 0.97547421875 0.12165224999999999 0.97547421875 0.0 0.74144015625 0.12165224999999999 0.74144015625
0 0.892115625 0.8996195312499999 1.0 0.8996195312499999 0.892115625 0.75142875 1.0 0.75142875
0 1.0 0.87669203125 1.0 0.87669203125 1.0 0.690769375 1.0 0.690769375
0 1.0 0.05100203125 1.0 0.05100203125 1.0 0.0 1.0 0.0
0 1.0 1.0 1.0 1.0 1.0 0.9353137499999999 1.0 0.9353137499999999
0 0.9538696874999999 0.7309475 1.0 0.7309475 0.9538696874999999 0.5631146874999999 1.0 0.5631146874999999
0 0.8895771874999999 0.34380515625 1.0 0.34380515625 0.8895771874999999 0.14518968749999991 1.0 0.14518968749999991
0 1.0 0.92177453125 1.0 0.92177453125 1.0 0.75151046875 1.0 0.75151046875
0 0.44045828125 0.6060334375 0.8924 0.6060334375 0.44045828125 0.15556671874999992 0.8924 0.15556671874999992
0 0.0 0.98381890625 0.025131781250000002 0.98381890625 0.0 0.73679625 0.025131781250000002 0.73679625
0 0.0 0.2937864062499999 0.257196875 0.2937864062499999 0.0 0.0 0.257196875 0.0
0 0.2101915625 0.213420625 0.26698609375000004 0.213420625 0.2101915625 0.15668906249999992 0.26698609375000004 0.15668906249999992
0 1.0 0.9491793749999999 1.0 0.9491793749999999 1.0 0.71614015625 1.0 0.71614015625
0 1.0 1.0 1.0 1.0 1.0 0.94380953125 1.0 0.94380953125
0 1.0 0.34805562500000004 1.0 0.34805562500000004 1.0 0.1280071875000001 1.0 0.1280071875000001
0 1.0 0.34579140625000004 1.0 0.34579140625000004 1.0 0.05044218750000003 1.0 0.05044218750000003
0 0.092266765625 0.7362395312500001 0.33284437499999997 0.7362395312500001 0.092266765625 0.47872796875 0.33284437499999997 0.47872796875
0 1.0 1.0 1.0 1.0 1.0 0.69331671875 1.0 0.69331671875
0 0.5990314062500001 0.64707375 0.67225703125 0.64707375 0.5990314062500001 0.573110625 0.67225703125 0.573110625
0 0.13371306249999998 1.0 0.36945875 1.0 0.13371306249999998 0.8771678125000001 0.36945875 0.8771678125000001
0 0.53026796875 0.91214171875 0.8315140624999999 0.91214171875 0.53026796875 0.607788125 0.8315140624999999 0.607788125
0 1.0 0.82563390625 1.0 0.82563390625 1.0 0.686634375 1.0 0.686634375
0 1.0 0.11748124999999998 1.0 0.11748124999999998 1.0 0.05913515624999999 1.0 0.05913515624999999
0 1.0 0.0795084375 1.0 0.0795084375 1.0 0.0 1.0 0.0
