0 1.0 0.1359375 1.0 0.1359375 1.0 0.0 1.0 0.0
0 0.4638378125 0.0 0.645898125 0.0 0.4638378125 0.0 0.645898125 0.0
0 1.0 0.13549931984374997 1.0 0.13549931984374997 1.0 0.0 1.0 0.0
0 0.24087625 0.0 0.5072253124999999 0.0 0.24087625 0.0 0.5072253124999999 0.0
0 0.27785078125 0.0 0.57753421875 0.0 0.27785078125 0.0 0.57753421875 0.0
0 0.20510078125 0.0 0.517710625 0.0 0.20510078125 0.0 0.517710625 0.0
0 0.44232734375 0.0 0.7154242187500001 0.0 0.44232734375 0.0 0.7154242187500001 0.0
0 0.9446590625000001 0.0 0.9965809374999999 0.0 0.9446590625000001 0.0 0.9965809374999999 0.0
0 0.4303153125 0.0 0.74144109375 0.0 0.4303153125 0.0 0.74144109375 0.0
0 0.6376542187500001 0.1359375 0.912634375 0.1359375 0.6376542187500001 0.0 0.912634375 0.0
0 0.92379671875 0.0 1.0 0.0 0.92379671875 0.0 1.0 0.0
0 1.0 0.1359375 1.0 0.1359375 1.0 0.0 1.0 0.0
0 0.45666 0.1359375 0.7136735937500001 0.1359375 0.45666 0.0 0.7136735937500001 0.0
0 0.0 0.0 0.0094895984375 0.0 0.0 0.0 0.0094895984375 0.0
0 0.3870721875 0.0 0.5607921874999999 0.0 0.3870721875 0.0 0.5607921874999999 0.0
0 0.6623078125 0.1359375 0.8374 0.1359375 0.6623078125 0.0023543437500000764 0.8374 0.0023543437500000764
0 0.032246484375 0.0 0.08113584375 0.0 0.032246484375 0.0 0.08113584375 0.0
0 0.29013984375 0.0 0.5922459375 0.0 0.29013984375 0.0 0.5922459375 0.0
0 0.29383875000000004 0.0 0.5284989062500001 0.0 0.29383875000000004 0.0 0.5284989062500001 0.0
0 1.0 0.1359375 1.0 0.1359375 1.0 0.0 1.0 0.0
0 0.0 0.08294701562500002 0.030717859375 0.08294701562500002 0.0 0.004904453125000074 0.030717859375 0.004904453125000074
0 1.0 0.1359375 1.0 0.1359375 1.0 0.03647217187499994 1.0 0.03647217187499994
0 0.0 0.0 0.050487015625 0.0 0.0 0.0 0.050487015625 0.0
0 0.41469609375000005 0.0 0.7001632812499999 0.0 0.41469609375000005 0.0 0.7001632812499999 0.0
0 0.8804606250000001 0.1359375 1.0 0.1359375 0.8804606250000001 0.0 1.0 0.0
0 0.5013664062500001 0.0 0.92735 0.0 0.5013664062500001 0.0 0.92735 0.0
0 1.0 0.1359375 1.0 0.1359375 1.0 0.11787121875000003 1.0 0.11787121875000003
0 0.3679303125 0.1359375 0.81753171875 0.1359375 0.3679303125 0.10427970312500001 0.81753171875 0.10427970312500001
0 0.2157121875 0.0 0.47281625 0.0 0.2157121875 0.0 0.47281625 0.0
0 1.0 0.07176087500000002 1.0 0.07176087500000002 1.0 0.0 1.0 0.0
