0 1.0 0.1359375 1.0 0.1359375 1.0 0.0 1.0 0.0
0 0.6064640625 0.13549931984374997 0.8476531250000001 0.13549931984374997 0.6064640625 0.0 0.8476531250000001 0.0
0 0.05497953125000006 0.0 0.09809859374999999 0.0 0.05497953125000006 0.0 0.09809859374999999 0.0
0 0.0 0.1359375 0.0 0.1359375 0.0 0.0 0.0 0.0
0 0.06429359375000007 0.0 0.11446359375000004 0.0 0.06429359375000007 0.0 0.11446359375000004 0.0
0 0.0 0.0 0.14250515625000001 0.0 0.0 0.0 0.14250515625000001 0.0
0 0.42090156249999994 0.1359375 0.7272874999999999 0.1359375 0.42090156249999994 0.0 0.7272874999999999 0.0
0 0.0 0.1359375 0.0 0.1359375 0.0 0.0 0.0 0.0
0 0.0 0.1359375 0.0 0.1359375 0.0 0.0023543437500000764 0.0 0.0023543437500000764
0 0.24648749999999992 0.0 0.32595656250000005 0.0 0.24648749999999992 0.0 0.32595656250000005 0.0
0 0.14721593750000003 0.1359375 0.4862346875 0.1359375 0.14721593750000003 0.0 0.4862346875 0.0
0 0.0 0.08294701562500002 0.0 0.08294701562500002 0.0 0.004904453125000074 0.0 0.004904453125000074
0 1.0 0.1359375 1.0 0.1359375 1.0 0.03647217187499994 1.0 0.03647217187499994
0 0.21350671875000007 0.0 0.38573 0.0 0.21350671875000007 0.0 0.38573 0.0
0 0.0 0.1359375 0.3158729687499999 0.1359375 0.0 0.0 0.3158729687499999 0.0
0 0.8721125000000001 0.0 1.0 0.0 0.8721125000000001 0.0 1.0 0.0
0 0.876696875 0.1359375 0.9272203125 0.1359375 0.876696875 0.11787121875000003 0.9272203125 0.11787121875000003
0 0.0 0.1359375 0.0 0.1359375 0.0 0.10427970312500001 0.0 0.10427970312500001
0 0.36484796875000003 0.07176087500000002 0.6060265625 0.07176087500000002 0.36484796875000003 0.0 0.6060265625 0.0
0 0.4200603125000001 0.0 0.709915625 0.0 0.4200603125000001 0.0 0.709915625 0.0
