0 0.25809531250000006 0.0 0.3171875 0.0 0.25809531250000006 0.0 0.3171875 0.0
0 0.0023031249999998947 0.1359375 0.3171875 0.1359375 0.0023031249999998947 0.0 0.3171875 0.0
0 0.0 0.0 0.06359375000000007 0.0 0.0 0.0 0.06359375000000007 0.0
0 0.0 0.1359375 0.0 0.1359375 0.0 0.09688453124999992 0.0 0.09688453124999992
0 0.0 0.0 0.014339062499999855 0.0 0.0 0.0 0.014339062499999855 0.0
0 0.11644218749999986 0.0 0.3171875 0.0 0.11644218749999986 0.0 0.3171875 0.0
0 0.0 0.0 0.04903593750000006 0.0 0.0 0.0 0.04903593750000006 0.0
0 0.0 0.0 0.06329531250000002 0.0 0.0 0.0 0.06329531250000002 0.0
0 0.0 0.1359375 0.0 0.1359375 0.0 0.0 0.0 0.0
0 0.0 0.09448892187499994 0.0 0.09448892187499994 0.0 0.015402296875000054 0.0 0.015402296875000054
