0 0.70581390625 0.0 0.76256453125 0.0 0.70581390625 0.0 0.76256453125 0.0
0 1.0 0.1359375 1.0 0.1359375 1.0 0.0 1.0 0.0
0 0.747540625 0.0 1.0 0.0 0.747540625 0.0 1.0 0.0
0 1.0 0.1359375 1.0 0.1359375 1.0 0.09688453124999992 1.0 0.09688453124999992
0 0.9427506250000001 0.0 1.0 0.0 0.9427506250000001 0.0 1.0 0.0
0 0.0 0.0 0.250744375 0.0 0.0 0.0 0.250744375 0.0
0 0.84729171875 0.0 1.0 0.0 0.84729171875 0.0 1.0 0.0
0 0.0 0.1359375 0.25550890625 0.1359375 0.0 0.0 0.25550890625 0.0
0 0.576156875 0.0 0.8466381249999999 0.0 0.576156875 0.0 0.8466381249999999 0.0
0 1.0 0.09448892187499994 1.0 0.09448892187499994 1.0 0.015402296875000054 1.0 0.015402296875000054
0 0.384140625 0.0 0.5574234375 0.0 0.384140625 0.0 0.5574234375 0.0
0 0.51604 0.0 0.77567546875 0.0 0.51604 0.0 0.77567546875 0.0
