0 0.58641234375 0.0 1.0 0.0 0.58641234375 0.0 1.0 0.0
0 0.0 0.0 0.030488484375000003 0.0 0.0 0.0 0.030488484375000003 0.0
0 0.0824128125 0.0 0.137623296875 0.0 0.0824128125 0.0 0.137623296875 0.0
0 0.0 0.0 0.19236703125000001 0.0 0.0 0.0 0.19236703125000001 0.0
0 0.6811318749999999 0.0 0.9869482812499999 0.0 0.6811318749999999 0.0 0.9869482812499999 0.0
0 1.0 0.1359375 1.0 0.1359375 1.0 0.0 1.0 0.0
0 0.7998228125 0.0 1.0 0.0 0.7998228125 0.0 1.0 0.0
0 0.44367156249999995 0.0 0.60522390625 0.0 0.44367156249999995 0.0 0.60522390625 0.0
0 0.6238956250000001 0.1359375 0.7907246875 0.1359375 0.6238956250000001 0.11329925000000003 0.7907246875 0.11329925000000003
0 0.79715875 0.0 1.0 0.0 0.79715875 0.0 1.0 0.0
0 0.0 0.0 0.22784296875 0.0 0.0 0.0 0.22784296875 0.0
0 1.0 0.04908326562499994 1.0 0.04908326562499994 1.0 0.0 1.0 0.0
0 0.0 0.1359375 0.11224251562500001 0.1359375 0.0 0.0 0.11224251562500001 0.0
0 0.76607015625 0.1359375 1.0 0.1359375 0.76607015625 0.0 1.0 0.0
0 0.52199609375 0.0 0.65646328125 0.0 0.52199609375 0.0 0.65646328125 0.0
0 0.9192670312500001 0.027421218749999986 1.0 0.027421218749999986 0.9192670312500001 0.0 1.0 0.0
0 0.91399484375 0.0 1.0 0.0 0.91399484375 0.0 1.0 0.0
