0 0.40088921875000005 0.0 0.6907578125 0.0 0.40088921875000005 0.0 0.6907578125 0.0
0 0.0 0.03729095312500004 0.0 0.03729095312500004 0.0 0.0 0.0 0.0
0 0.7810328125000001 0.0 1.0 0.0 0.7810328125000001 0.0 1.0 0.0
0 0.6138187500000001 0.1359375 0.8585328125 0.1359375 0.6138187500000001 0.09049790625000007 0.8585328125 0.09049790625000007
0 0.0 0.0 0.10066203125000009 0.0 0.0 0.0 0.10066203125000009 0.0
0 0.6600578124999998 0.0 0.9574843749999999 0.0 0.6600578124999998 0.0 0.9574843749999999 0.0
0 0.0 0.0 0.19718265625000003 0.0 0.0 0.0 0.19718265625000003 0.0
0 1.0 0.1359375 1.0 0.1359375 1.0 0.03660107812500009 1.0 0.03660107812500009
0 0.8675859375000001 0.1359375 1.0 0.1359375 0.8675859375000001 0.05514192187500004 1.0 0.05514192187500004
0 0.327086875 0.0 0.5975890625 0.0 0.327086875 0.0 0.5975890625 0.0
0 0.6677031249999998 0.1359375 0.9481578124999999 0.1359375 0.6677031249999998 0.0 0.9481578124999999 0.0
0 0.832934375 0.1359375 1.0 0.1359375 0.832934375 0.0031398593749999647 1.0 0.0031398593749999647
0 0.39269468750000003 0.0 0.6164531249999999 0.0 0.39269468750000003 0.0 0.6164531249999999 0.0
0 0.41399875 0.1359375 0.690234375 0.1359375 0.41399875 0.0 0.690234375 0.0
0 0.695328125 0.0 0.9447078125000001 0.0 0.695328125 0.0 0.9447078125000001 0.0
0 0.5748015625 0.0 0.8773453124999999 0.0 0.5748015625 0.0 0.8773453124999999 0.0
0 0.009500468749999946 0.0 0.27111046875000006 0.0 0.009500468749999946 0.0 0.27111046875000006 0.0
0 0.41227671874999994 0.0 0.6553718750000002 0.0 0.41227671874999994 0.0 0.6553718750000002 0.0
0 0.0 0.07052353124999992 0.0 0.07052353124999992 0.0 0.0 0.0 0.0
0 0.4594615624999999 0.0 0.6296500000000002 0.0 0.4594615624999999 0.0 0.6296500000000002 0.0
0 0.27903484375000004 0.0 0.42612656250000003 0.0 0.27903484375000004 0.0 0.42612656250000003 0.0
0 0.31609359374999996 0.0 0.5695671875 0.0 0.31609359374999996 0.0 0.5695671875 0.0
