0 0.02262753125 0.03729095312500004 0.085876546875 0.03729095312500004 0.02262753125 0.0 0.085876546875 0.0
0 1.0 0.1359375 1.0 0.1359375 1.0 0.09049790625000007 1.0 0.09049790625000007
0 0.84287765625 0.0 1.0 0.0 0.84287765625 0.0 1.0 0.0
0 0.0 0.0 0.149501375 0.0 0.0 0.0 0.149501375 0.0
0 0.89985421875 0.0 1.0 0.0 0.89985421875 0.0 1.0 0.0
0 1.0 0.1359375 1.0 0.1359375 1.0 0.03660107812500009 1.0 0.03660107812500009
0 0.2214425 0.0 0.39422687500000003 0.0 0.2214425 0.0 0.39422687500000003 0.0
0 0.68160703125 0.0 0.8441164062500001 0.0 0.68160703125 0.0 0.8441164062500001 0.0
0 1.0 0.1359375 1.0 0.1359375 1.0 0.05514192187500004 1.0 0.05514192187500004
0 0.0 0.0 0.11146981250000002 0.0 0.0 0.0 0.11146981250000002 0.0
0 1.0 0.1359375 1.0 0.1359375 1.0 0.0 1.0 0.0
0 1.0 0.1359375 1.0 0.1359375 1.0 0.0031398593749999647 1.0 0.0031398593749999647
0 0.3236821875 0.0 0.529339375 0.0 0.3236821875 0.0 0.529339375 0.0
0 1.0 0.1359375 1.0 0.1359375 1.0 0.0 1.0 0.0
0 0.8965907812499999 0.0 0.9657401562500001 0.0 0.8965907812499999 0.0 0.9657401562500001 0.0
0 0.0 0.0 0.14840609375 0.0 0.0 0.0 0.14840609375 0.0
0 0.48244499999999996 0.07052353124999992 0.55451140625 0.07052353124999992 0.48244499999999996 0.0 0.55451140625 0.0
0 0.16070656249999998 0.0 0.30909734375000003 0.0 0.16070656249999998 0.0 0.30909734375000003 0.0
