0 0.0 0.03729095312500004 0.0 0.03729095312500004 0.0 0.0 0.0 0.0
0 0.0 0.0 0.026360937500000146 0.0 0.0 0.0 0.026360937500000146 0.0
0 0.0 0.1359375 0.0 0.1359375 0.0 0.09049790625000007 0.0 0.09049790625000007
0 0.19656718750000018 0.0 0.3171875 0.0 0.19656718750000018 0.0 0.3171875 0.0
0 0.09090156249999985 0.1359375 0.3133937499999998 0.1359375 0.09090156249999985 0.03660107812500009 0.3133937499999998 0.03660107812500009
0 0.0 0.1359375 0.0908843749999999 0.1359375 0.0 0.05514192187500004 0.0908843749999999 0.05514192187500004
0 0.12254375000000017 0.0 0.3171875 0.0 0.12254375000000017 0.0 0.3171875 0.0
0 0.0 0.1359375 0.0 0.1359375 0.0 0.0 0.0 0.0
0 0.0 0.1359375 0.003031250000000085 0.1359375 0.0 0.0031398593749999647 0.003031250000000085 0.0031398593749999647
0 0.0 0.1359375 0.0 0.1359375 0.0 0.0 0.0 0.0
0 0.0806078124999999 0.0 0.3171875 0.0 0.0806078124999999 0.0 0.3171875 0.0
0 0.07867812500000007 0.0 0.13337812500000013 0.0 0.07867812500000007 0.0 0.13337812500000013 0.0
0 0.0 0.07052353124999992 0.0 0.07052353124999992 0.0 0.0 0.0 0.0
