0 0.0 0.0 0.12014843749999997 0.0 0.0 0.0 0.12014843749999997 0.0
0 0.3064609375 0.1359375 0.3171875 0.1359375 0.3064609375 0.0 0.3171875 0.0
0 0.0 0.1359375 0.0 0.1359375 0.0 0.11419910937500007 0.0 0.11419910937500007
0 0.0 0.1359375 0.0 0.1359375 0.0 0.08852239062499993 0.0 0.08852239062499993
0 0.0 0.1359375 0.0 0.1359375 0.0 0.0 0.0 0.0
0 0.0 0.1359375 0.0 0.1359375 0.0 0.04693331250000003 0.0 0.04693331250000003
0 0.13155781249999982 0.0 0.31668906250000006 0.0 0.13155781249999982 0.0 0.31668906250000006 0.0
0 0.0 0.1359375 0.0 0.1359375 0.0 0.03221531249999998 0.0 0.03221531249999998
0 0.0 0.10637657812499998 0.0 0.10637657812499998 0.0 0.0 0.0 0.0
0 0.0 0.0 0.1598968750000001 0.0 0.0 0.0 0.1598968750000001 0.0
0 0.0 0.03536603125000006 0.0 0.03536603125000006 0.0 0.0 0.0 0.0
0 0.2774296875000001 0.1359375 0.3171875 0.1359375 0.2774296875000001 0.12696549843750002 0.3171875 0.12696549843750002
0 0.0741140625 0.1359375 0.3171875 0.1359375 0.0741140625 0.0 0.3171875 0.0
0 0.26186718750000004 0.0 0.3171875 0.0 0.26186718750000004 0.0 0.3171875 0.0
0 0.08227656249999989 0.0 0.3171875 0.0 0.08227656249999989 0.0 0.3171875 0.0
0 0.30850937499999986 0.0 0.3171875 0.0 0.30850937499999986 0.0 0.3171875 0.0
0 0.0 0.1359375 0.0 0.1359375 0.0 0.0 0.0 0.0
0 0.0 0.1359375 0.0 0.1359375 0.0 0.0 0.0 0.0
0 0.0 0.1359375 0.0 0.1359375 0.0 0.0 0.0 0.0
