0 0.0 0.0 0.17474499999999998 0.0 0.0 0.0 0.17474499999999998 0.0
0 0.0 0.0 0.15831578125 0.0 0.0 0.0 0.15831578125 0.0
0 0.98206953125 0.0 1.0 0.0 0.98206953125 0.0 1.0 0.0
0 0.0 0.0 0.137328109375 0.0 0.0 0.0 0.137328109375 0.0
0 1.0 0.009623796874999969 1.0 0.009623796874999969 1.0 0.0 1.0 0.0
0 0.0032173953125000003 0.1359375 0.315899375 0.1359375 0.0032173953125000003 0.06305670312499992 0.315899375 0.06305670312499992
0 0.56490859375 0.0 0.71531375 0.0 0.56490859375 0.0 0.71531375 0.0
0 0.0 0.0 0.052232749999999994 0.0 0.0 0.0 0.052232749999999994 0.0
0 1.0 0.1359375 1.0 0.1359375 1.0 0.024991031249999907 1.0 0.024991031249999907
0 0.87200953125 0.0 1.0 0.0 0.87200953125 0.0 1.0 0.0
0 0.0 0.0 0.12155559375 0.0 0.0 0.0 0.12155559375 0.0
0 0.47537046875 0.1359375 0.7800328125 0.1359375 0.47537046875 0.0 0.7800328125 0.0
0 0.0 0.0 0.096330453125 0.0 0.0 0.0 0.096330453125 0.0
0 0.121710328125 0.027864671875000014 0.290350625 0.027864671875000014 0.121710328125 0.0 0.290350625 0.0
0 1.0 0.1359375 1.0 0.1359375 1.0 0.0 1.0 0.0
0 0.4826784375 0.0 0.7498790625 0.0 0.4826784375 0.0 0.7498790625 0.0
0 0.97645546875 0.1359375 1.0 0.1359375 0.97645546875 0.0 1.0 0.0
0 0.69804359375 0.130841509375 0.9912784374999999 0.130841509375 0.69804359375 0.0 0.9912784374999999 0.0
0 0.9905184374999999 0.1359375 1.0 0.1359375 0.9905184374999999 0.12020131250000006 1.0 0.12020131250000006
0 0.0 0.05287581249999995 0.10404784375000001 0.05287581249999995 0.0 0.0 0.10404784375000001 0.0
0 1.0 0.1359375 1.0 0.1359375 1.0 0.01666770312499999 1.0 0.01666770312499999
0 0.06865837500000001 0.0 0.23600484375000003 0.0 0.06865837500000001 0.0 0.23600484375000003 0.0
0 0.0 0.05196062500000007 0.1884175 0.05196062500000007 0.0 0.0 0.1884175 0.0
