0 0.21480281249999997 0.0 0.45129406250000004 0.0 0.21480281249999997 0.0 0.45129406250000004 0.0
0 0.0 0.0 0.32319218749999995 0.0 0.0 0.0 0.32319218749999995 0.0
0 0.2849442187499999 0.0 0.43768250000000003 0.0 0.2849442187499999 0.0 0.43768250000000003 0.0
0 0.6421187499999998 0.009623796874999969 0.7852265625000001 0.009623796874999969 0.6421187499999998 0.0 0.7852265625000001 0.0
0 0.0 0.1359375 0.0 0.1359375 0.0 0.06305670312499992 0.0 0.06305670312499992
0 0.2812821874999999 0.0 0.5201160937499999 0.0 0.2812821874999999 0.0 0.5201160937499999 0.0
0 0.34761875 0.1359375 0.5602139062499999 0.1359375 0.34761875 0.024991031249999907 0.5602139062499999 0.024991031249999907
0 0.0 0.0 0.16573812500000001 0.0 0.0 0.0 0.16573812500000001 0.0
0 0.0 0.1359375 0.0 0.1359375 0.0 0.0 0.0 0.0
0 0.54991921875 0.0 0.6172671874999999 0.0 0.54991921875 0.0 0.6172671874999999 0.0
0 0.9391328125000001 0.0 1.0 0.0 0.9391328125000001 0.0 1.0 0.0
0 0.0 0.027864671875000014 0.0 0.027864671875000014 0.0 0.0 0.0 0.0
0 0.29898468749999996 0.1359375 0.5974734375 0.1359375 0.29898468749999996 0.0 0.5974734375 0.0
0 0.0 0.1359375 0.1956571875 0.1359375 0.0 0.0 0.1956571875 0.0
0 0.0 0.130841509375 0.0 0.130841509375 0.0 0.0 0.0 0.0
0 0.8474953124999999 0.0 0.9897625000000001 0.0 0.8474953124999999 0.0 0.9897625000000001 0.0
0 0.0 0.1359375 0.14214656249999996 0.1359375 0.0 0.12020131250000006 0.14214656249999996 0.12020131250000006
0 0.06319031249999991 0.0 0.32973484375 0.0 0.06319031249999991 0.0 0.32973484375 0.0
0 0.0 0.05287581249999995 0.0 0.05287581249999995 0.0 0.0 0.0 0.0
0 0.30091593749999995 0.0 0.5692937499999999 0.0 0.30091593749999995 0.0 0.5692937499999999 0.0
0 0.659146875 0.0 0.736703125 0.0 0.659146875 0.0 0.736703125 0.0
0 1.0 0.1359375 1.0 0.1359375 1.0 0.01666770312499999 1.0 0.01666770312499999
0 0.8185171875000001 0.0 1.0 0.0 0.8185171875000001 0.0 1.0 0.0
0 0.0 0.05196062500000007 0.0 0.05196062500000007 0.0 0.0 0.0 0.0
