0 1.0 0.06170140624999991 1.0 0.06170140624999991 1.0 0.0 1.0 0.0
0 0.0 0.668401875 0.17474499999999998 0.668401875 0.0 0.38763640625000007 0.17474499999999998 0.38763640625000007
0 0.0 0.4014334375 0.15831578125 0.4014334375 0.0 0.15386890624999996 0.15831578125 0.15386890624999996
0 0.98206953125 0.17841984375000006 1.0 0.17841984375000006 0.98206953125 0.0 1.0 0.0
0 1.0 0.9264667187500001 1.0 0.9264667187500001 1.0 0.7302573437500001 1.0 0.7302573437500001
0 1.0 0.5047084374999999 1.0 0.5047084374999999 1.0 0.33794874999999996 1.0 0.33794874999999996
0 0.0 0.7566670312499999 0.137328109375 0.7566670312499999 0.0 0.45605671875000003 0.137328109375 0.45605671875000003
0 1.0 1.0 1.0 1.0 1.0 0.8572960937499999 1.0 0.8572960937499999
0 0.0032173953125000003 1.0 0.315899375 1.0 0.0032173953125000003 1.0 0.315899375 1.0
0 1.0 0.608824375 1.0 0.608824375 1.0 0.36806984375 1.0 0.36806984375
0 0.56490859375 0.7851125 0.71531375 0.7851125 0.56490859375 0.62654203125 0.71531375 0.62654203125
0 0.0 0.861975625 0.052232749999999994 0.861975625 0.0 0.6051432812499999 0.052232749999999994 0.6051432812499999
0 0.87200953125 0.878863125 1.0 0.878863125 0.87200953125 0.58219078125 1.0 0.58219078125
0 0.0 0.5862203125 0.12155559375 0.5862203125 0.0 0.3468228125 0.12155559375 0.3468228125
0 0.47537046875 1.0 0.7800328125 1.0 0.47537046875 0.84373171875 0.7800328125 0.84373171875
0 1.0 0.558558125 1.0 0.558558125 1.0 0.4901696875 1.0 0.4901696875
0 0.0 0.50128328125 0.096330453125 0.50128328125 0.0 0.06872781250000007 0.096330453125 0.06872781250000007
0 1.0 0.75996171875 1.0 0.75996171875 1.0 0.692588125 1.0 0.692588125
0 0.121710328125 1.0 0.290350625 1.0 0.121710328125 0.8543303124999999 0.290350625 0.8543303124999999
0 1.0 1.0 1.0 1.0 1.0 0.8671623437499999 1.0 0.8671623437499999
0 0.4826784375 0.97605640625 0.7498790625 0.97605640625 0.4826784375 0.72953296875 0.7498790625 0.72953296875
0 0.97645546875 1.0 1.0 1.0 0.97645546875 0.9715184375 1.0 0.9715184375
0 0.69804359375 1.0 0.9912784374999999 1.0 0.69804359375 0.8427292187500001 0.9912784374999999 0.8427292187500001
0 1.0 0.8995974999999999 1.0 0.8995974999999999 1.0 0.7394535937500001 1.0 0.7394535937500001
0 1.0 0.5948934375 1.0 0.5948934375 1.0 0.5219628125 1.0 0.5219628125
0 0.9905184374999999 1.0 1.0 1.0 0.9905184374999999 1.0 1.0 1.0
0 1.0 0.9072962499999999 1.0 0.9072962499999999 1.0 0.634179375 1.0 0.634179375
0 1.0 0.8213725000000001 1.0 0.8213725000000001 1.0 0.6104160937499999 1.0 0.6104160937499999
0 0.0 1.0 0.10404784375000001 1.0 0.0 0.60737671875 0.10404784375000001 0.60737671875
0 1.0 0.4469653125 1.0 0.4469653125 1.0 0.18804046875000005 1.0 0.18804046875000005
0 1.0 0.20999359374999998 1.0 0.20999359374999998 1.0 0.13297578125000004 1.0 0.13297578125000004
0 1.0 0.07354953124999994 1.0 0.07354953124999994 1.0 0.0 1.0 0.0
0 0.06865837500000001 0.40016171875 0.23600484375000003 0.40016171875 0.06865837500000001 0.24671437499999999 0.23600484375000003 0.24671437499999999
0 0.0 1.0 0.1884175 1.0 0.0 0.7474684375 0.1884175 0.7474684375
