0 0.67535046875 0.1359375 0.90552875 0.1359375 0.67535046875 0.103979140625 0.90552875 0.103979140625
0 0.6175125 0.0 0.82353859375 0.0 0.6175125 0.0 0.82353859375 0.0
0 0.9244290625 0.0 0.9860410937499999 0.0 0.9244290625 0.0 0.9860410937499999 0.0
0 0.8441984375 0.1359375 1.0 0.1359375 0.8441984375 0.0 1.0 0.0
0 0.06917978125 0.0 0.21228687499999999 0.0 0.06917978125 0.0 0.21228687499999999 0.0
0 1.0 0.1359375 1.0 0.1359375 1.0 0.015071078124999993 1.0 0.015071078124999993
0 0.0 0.1359375 0.16066328125 0.1359375 0.0 0.06673831250000006 0.16066328125 0.06673831250000006
0 0.9624692187500001 0.1359375 1.0 0.1359375 0.9624692187500001 0.05419326562499993 1.0 0.05419326562499993
0 0.36619265625 0.0 0.43248109375 0.0 0.36619265625 0.0 0.43248109375 0.0
0 0.0 0.0 0.024534171875 0.0 0.0 0.0 0.024534171875 0.0
0 1.0 0.10306342187500003 1.0 0.10306342187500003 1.0 0.0 1.0 0.0
0 0.31992640625 0.1359375 0.50196578125 0.1359375 0.31992640625 0.03651075000000006 0.50196578125 0.03651075000000006
0 0.27455609375 0.0 0.41682296875 0.0 0.27455609375 0.0 0.41682296875 0.0
0 0.500499375 0.0 0.57428421875 0.0 0.500499375 0.0 0.57428421875 0.0
0 0.732766875 0.0 0.9536117187500001 0.0 0.732766875 0.0 0.9536117187500001 0.0
0 0.26830765625 0.0 0.54657765625 0.0 0.26830765625 0.0 0.54657765625 0.0
0 1.0 0.032099625000000034 1.0 0.032099625000000034 1.0 0.0 1.0 0.0
0 1.0 0.020119265625000084 1.0 0.020119265625000084 1.0 0.0 1.0 0.0
0 0.4988815625 0.0 0.63661828125 0.0 0.4988815625 0.0 0.63661828125 0.0
