0 0.0 0.1359375 0.0 0.1359375 0.0 0.103979140625 0.0 0.103979140625
0 0.29713390625 0.0 0.5290123437500001 0.0 0.29713390625 0.0 0.5290123437500001 0.0
0 0.6463453125 0.0 0.8817109375000001 0.0 0.6463453125 0.0 0.8817109375000001 0.0
0 0.26312499999999994 0.0 0.31930499999999995 0.0 0.26312499999999994 0.0 0.31930499999999995 0.0
0 0.12712796875 0.0 0.36351859374999995 0.0 0.12712796875 0.0 0.36351859374999995 0.0
0 0.47511078125000006 0.0 0.7416374999999998 0.0 0.47511078125000006 0.0 0.7416374999999998 0.0
0 0.0 0.1359375 0.25250515625 0.1359375 0.0 0.0 0.25250515625 0.0
0 0.808921875 0.1359375 0.9773968750000002 0.1359375 0.808921875 0.015071078124999993 0.9773968750000002 0.015071078124999993
0 0.0 0.1359375 0.0 0.1359375 0.0 0.06673831250000006 0.0 0.06673831250000006
0 0.0 0.1359375 0.19700718750000004 0.1359375 0.0 0.05419326562499993 0.19700718750000004 0.05419326562499993
0 0.8938703125 0.10306342187500003 1.0 0.10306342187500003 0.8938703125 0.0 1.0 0.0
0 0.0 0.1359375 0.0 0.1359375 0.0 0.03651075000000006 0.0 0.03651075000000006
0 0.8240781250000001 0.0 1.0 0.0 0.8240781250000001 0.0 1.0 0.0
0 0.26569531249999995 0.032099625000000034 0.54469953125 0.032099625000000034 0.26569531249999995 0.0 0.54469953125 0.0
0 0.08513609375000009 0.0 0.2831864062499999 0.0 0.08513609375000009 0.0 0.2831864062499999 0.0
0 0.10861343750000003 0.020119265625000084 0.32862765624999996 0.020119265625000084 0.10861343750000003 0.0 0.32862765624999996 0.0
0 0.533405625 0.0 0.8021 0.0 0.533405625 0.0 0.8021 0.0
