0 0.01768328125000007 0.64815109375 0.2560165625 0.64815109375 0.01768328125000007 0.41435140625000005 0.2560165625 0.41435140625000005
0 0.0 0.13515265625 0.07939609374999997 0.13515265625 0.0 0.0 0.07939609374999997 0.0
0 0.42352546874999997 0.54447390625 0.7111265625000002 0.54447390625 0.42352546874999997 0.24531624999999996 0.7111265625000002 0.24531624999999996
0 0.0 0.10389406250000004 0.0 0.10389406250000004 0.0 0.0 0.0 0.0
0 0.0 0.8740146875000001 0.0 0.8740146875000001 0.0 0.6378710937500001 0.0 0.6378710937500001
0 0.09066796875000005 0.50600734375 0.37283890625 0.50600734375 0.09066796875000005 0.21965500000000002 0.37283890625 0.21965500000000002
0 0.0 0.45950609375000007 0.0 0.45950609375000007 0.0 0.14984718749999998 0.0 0.14984718749999998
0 0.0 0.033132968750000026 0.0 0.033132968750000026 0.0 0.0 0.0 0.0
0 0.04684531249999999 0.59252421875 0.30778125 0.59252421875 0.04684531249999999 0.32581078125000007 0.30778125 0.32581078125000007
0 0.0 0.60311546875 0.0 0.60311546875 0.0 0.32554453124999994 0.0 0.32554453124999994
0 1.0 0.27049234375 1.0 0.27049234375 1.0 0.0 1.0 0.0
0 0.6090515624999998 0.6497129687500001 0.8487515625000001 0.6497129687500001 0.6090515624999998 0.40871546875 0.8487515625000001 0.40871546875
0 0.36415437500000003 0.18170031249999993 0.4422065625 0.18170031249999993 0.36415437500000003 0.10412453124999992 0.4422065625 0.10412453124999992
0 0.0 0.7148203125 0.0 0.7148203125 0.0 0.40233203125 0.0 0.40233203125
0 0.0 0.21522562500000006 0.03230062500000006 0.21522562500000006 0.0 0.0 0.03230062500000006 0.0
0 0.0 0.53966421875 0.0 0.53966421875 0.0 0.23530531250000006 0.0 0.23530531250000006
0 0.0 1.0 0.13876828124999996 1.0 0.0 0.8746685937500001 0.13876828124999996 0.8746685937500001
0 0.15933015625000008 1.0 0.21807531250000006 1.0 0.15933015625000008 1.0 0.21807531250000006 1.0
0 0.6653328125000002 1.0 0.8333921875000001 1.0 0.6653328125000002 1.0 0.8333921875000001 1.0
0 0.0 0.624460625 0.0 0.624460625 0.0 0.568485625 0.0 0.568485625
0 0.8854593749999999 1.0 1.0 1.0 0.8854593749999999 0.94943203125 1.0 0.94943203125
0 0.0 1.0 0.13701171875 1.0 0.0 1.0 0.13701171875 1.0
0 0.0 1.0 0.0 1.0 0.0 0.95114796875 0.0 0.95114796875
0 0.0 1.0 0.08893843750000005 1.0 0.0 0.9400445312500001 0.08893843750000005 0.9400445312500001
0 0.0 0.7213809375 0.0 0.7213809375 0.0 0.66481578125 0.0 0.66481578125
0 0.55205140625 0.7022815625 0.7206343749999998 0.7022815625 0.55205140625 0.5398618749999999 0.7206343749999998 0.5398618749999999
0 0.0 0.5832914062500001 0.0 0.5832914062500001 0.0 0.18727312499999993 0.0 0.18727312499999993
0 0.0 0.41733203124999996 0.08607125 0.41733203124999996 0.0 0.13233968750000003 0.08607125 0.13233968750000003
