0 0.01768328125000007 0.0 0.2560165625 0.0 0.01768328125000007 0.0 0.2560165625 0.0
0 0.0 0.0 0.07939609374999997 0.0 0.0 0.0 0.07939609374999997 0.0
0 0.42352546874999997 0.0 0.7111265625000002 0.0 0.42352546874999997 0.0 0.7111265625000002 0.0
0 0.09066796875000005 0.0 0.37283890625 0.0 0.09066796875000005 0.0 0.37283890625 0.0
0 0.04684531249999999 0.0 0.30778125 0.0 0.04684531249999999 0.0 0.30778125 0.0
0 0.6090515624999998 0.0 0.8487515625000001 0.0 0.6090515624999998 0.0 0.8487515625000001 0.0
0 0.36415437500000003 0.0 0.4422065625 0.0 0.36415437500000003 0.0 0.4422065625 0.0
0 0.0 0.0 0.03230062500000006 0.0 0.0 0.0 0.03230062500000006 0.0
0 0.0 0.08345023437499996 0.13876828124999996 0.08345023437499996 0.0 0.0 0.13876828124999996 0.0
0 0.15933015625000008 0.06596990624999996 0.21807531250000006 0.06596990624999996 0.15933015625000008 0.005877015625000048 0.21807531250000006 0.005877015625000048
0 0.6653328125000002 0.1359375 0.8333921875000001 0.1359375 0.6653328125000002 0.08535548437500004 0.8333921875000001 0.08535548437500004
0 0.8854593749999999 0.08623448437499999 1.0 0.08623448437499999 0.8854593749999999 0.0 1.0 0.0
0 0.0 0.1359375 0.13701171875 0.1359375 0.0 0.12783492812499997 0.13701171875 0.12783492812499997
0 0.0 0.030442578124999998 0.0 0.030442578124999998 0.0 0.0 0.0 0.0
0 0.0 0.1327227921875 0.08893843750000005 0.1327227921875 0.0 0.0 0.08893843750000005 0.0
0 0.55205140625 0.0 0.7206343749999998 0.0 0.55205140625 0.0 0.7206343749999998 0.0
0 0.0 0.0 0.08607125 0.0 0.0 0.0 0.08607125 0.0
