0 0.6646748437500001 0.0 1.0 0.0 0.6646748437500001 0.0 1.0 0.0
0 0.0 0.0 0.0695184375 0.0 0.0 0.0 0.0695184375 0.0
0 0.03647853125 0.0 0.27278234375 0.0 0.03647853125 0.0 0.27278234375 0.0
0 0.2891025 0.0 0.59473078125 0.0 0.2891025 0.0 0.59473078125 0.0
0 0.517680625 0.0 0.6853975 0.0 0.517680625 0.0 0.6853975 0.0
0 0.56994234375 0.0 0.8294167187499999 0.0 0.56994234375 0.0 0.8294167187499999 0.0
0 0.36518656250000003 0.0 0.6777051562499999 0.0 0.36518656250000003 0.0 0.6777051562499999 0.0
0 0.79905046875 0.0 1.0 0.0 0.79905046875 0.0 1.0 0.0
0 0.36952015625 0.0 0.66490875 0.0 0.36952015625 0.0 0.66490875 0.0
0 0.96106015625 0.08345023437499996 1.0 0.08345023437499996 0.96106015625 0.0 1.0 0.0
0 1.0 0.06596990624999996 1.0 0.06596990624999996 1.0 0.005877015625000048 1.0 0.005877015625000048
0 1.0 0.1359375 1.0 0.1359375 1.0 0.08535548437500004 1.0 0.08535548437500004
0 0.6694648437499999 0.0 0.72694421875 0.0 0.6694648437499999 0.0 0.72694421875 0.0
0 1.0 0.08623448437499999 1.0 0.08623448437499999 1.0 0.0 1.0 0.0
0 0.96395421875 0.1359375 1.0 0.1359375 0.96395421875 0.12783492812499997 1.0 0.12783492812499997
0 0.37909375 0.030442578124999998 0.45829343749999996 0.030442578124999998 0.37909375 0.0 0.45829343749999996 0.0
0 0.8837398437499999 0.1327227921875 1.0 0.1327227921875 0.8837398437499999 0.0 1.0 0.0
0 0.50887859375 0.0 0.56508890625 0.0 0.50887859375 0.0 0.56508890625 0.0
0 0.13230084375 0.0 0.5386384375 0.0 0.13230084375 0.0 0.5386384375 0.0
0 0.7884198437500001 0.0 1.0 0.0 0.7884198437500001 0.0 1.0 0.0
