0 1.0 0.1359375 1.0 0.1359375 1.0 0.0 1.0 0.0
0 1.0 0.04784346875000001 1.0 0.04784346875000001 1.0 0.0 1.0 0.0
0 0.19543125 0.1359375 0.48863453124999995 0.1359375 0.19543125 0.12133810468749999 0.48863453124999995 0.12133810468749999
0 0.31079093750000003 0.0 0.53507390625 0.0 0.31079093750000003 0.0 0.53507390625 0.0
0 0.4205440625 0.0 0.57887328125 0.0 0.4205440625 0.0 0.57887328125 0.0
0 0.9156026562499999 0.0 1.0 0.0 0.9156026562499999 0.0 1.0 0.0
0 1.0 0.1359375 1.0 0.1359375 1.0 0.0 1.0 0.0
0 0.9731307812500001 0.0 1.0 0.0 0.9731307812500001 0.0 1.0 0.0
0 0.888128125 0.0 1.0 0.0 0.888128125 0.0 1.0 0.0
0 1.0 0.00024215625000003626 1.0 0.00024215625000003626 1.0 0.0 1.0 0.0
0 0.8442512499999999 0.0 1.0 0.0 0.8442512499999999 0.0 1.0 0.0
0 1.0 0.07324682812500001 1.0 0.07324682812500001 1.0 0.0 1.0 0.0
0 0.388514375 0.0 0.76862125 0.0 0.388514375 0.0 0.76862125 0.0
0 0.5599265625000001 0.0 0.8699753125 0.0 0.5599265625000001 0.0 0.8699753125 0.0
0 0.288843125 0.1359375 0.52630921875 0.1359375 0.288843125 0.0 0.52630921875 0.0
0 0.7173454687499999 0.0 0.98020765625 0.0 0.7173454687499999 0.0 0.98020765625 0.0
0 0.5382403124999999 0.0 0.8374768749999999 0.0 0.5382403124999999 0.0 0.8374768749999999 0.0
0 1.0 0.1359375 1.0 0.1359375 1.0 0.10430507812500008 1.0 0.10430507812500008
0 0.96798765625 0.0 1.0 0.0 0.96798765625 0.0 1.0 0.0
0 0.0 0.0 0.09905534375 0.0 0.0 0.0 0.09905534375 0.0
0 1.0 0.05880220312500004 1.0 0.05880220312500004 1.0 0.0 1.0 0.0
0 0.2775765625 0.0 0.51368578125 0.0 0.2775765625 0.0 0.51368578125 0.0
0 0.80789171875 0.0 1.0 0.0 0.80789171875 0.0 1.0 0.0
0 0.0 0.0 0.0012659609375 0.0 0.0 0.0 0.0012659609375 0.0
0 0.36078484375 0.0 0.5957637499999999 0.0 0.36078484375 0.0 0.5957637499999999 0.0
