0 1.0 0.1359375 1.0 0.1359375 1.0 0.0 1.0 0.0
0 0.24368453124999992 0.04784346875000001 0.50792234375 0.04784346875000001 0.24368453124999992 0.0 0.50792234375 0.0
0 0.0 0.1359375 0.0 0.1359375 0.0 0.12133810468749999 0.0 0.12133810468749999
0 0.378665625 0.0 0.5963265625 0.0 0.378665625 0.0 0.5963265625 0.0
0 0.0 0.0 0.07198265624999997 0.0 0.0 0.0 0.07198265624999997 0.0
0 0.6878953124999999 0.1359375 1.0 0.1359375 0.6878953124999999 0.0 1.0 0.0
0 0.0 0.0 0.20162546875 0.0 0.0 0.0 0.20162546875 0.0
0 0.0 0.0 0.06486953124999992 0.0 0.0 0.0 0.06486953124999992 0.0
0 0.9077734374999998 0.00024215625000003626 1.0 0.00024215625000003626 0.9077734374999998 0.0 1.0 0.0
0 0.0 0.0 0.07889921874999999 0.0 0.0 0.0 0.07889921874999999 0.0
0 0.4505215625 0.07324682812500001 0.6022359375 0.07324682812500001 0.4505215625 0.0 0.6022359375 0.0
0 0.8737015625000002 0.0 1.0 0.0 0.8737015625000002 0.0 1.0 0.0
0 0.9450078125000001 0.0 1.0 0.0 0.9450078125000001 0.0 1.0 0.0
0 0.38812031250000006 0.0 0.6883468749999999 0.0 0.38812031250000006 0.0 0.6883468749999999 0.0
0 0.06094968749999996 0.0 0.23730765624999997 0.0 0.06094968749999996 0.0 0.23730765624999997 0.0
0 0.21441874999999994 0.0 0.44483421874999995 0.0 0.21441874999999994 0.0 0.44483421874999995 0.0
0 0.0 0.1359375 0.0 0.1359375 0.0 0.0 0.0 0.0
0 0.26541499999999996 0.0 0.4946973437500001 0.0 0.26541499999999996 0.0 0.4946973437500001 0.0
0 0.9508218750000001 0.0 1.0 0.0 0.9508218750000001 0.0 1.0 0.0
0 1.0 0.1359375 1.0 0.1359375 1.0 0.10430507812500008 1.0 0.10430507812500008
0 0.0 0.0 0.16255156250000002 0.0 0.0 0.0 0.16255156250000002 0.0
0 0.8400203125000001 0.0 1.0 0.0 0.8400203125000001 0.0 1.0 0.0
0 0.9713625 0.0 1.0 0.0 0.9713625 0.0 1.0 0.0
0 0.21437359375000006 0.05880220312500004 0.39000593749999996 0.05880220312500004 0.21437359375000006 0.0 0.39000593749999996 0.0
0 0.0 0.0 0.10896046874999996 0.0 0.0 0.0 0.10896046874999996 0.0
0 0.18148406250000004 0.0 0.24148937499999992 0.0 0.18148406250000004 0.0 0.24148937499999992 0.0
0 0.36948609374999997 0.0 0.44834531250000004 0.0 0.36948609374999997 0.0 0.44834531250000004 0.0
