0 0.18612656250000015 1.0 0.3171875 1.0 0.18612656250000015 0.9395059375000001 0.3171875 0.9395059375000001
0 0.0 1.0 0.0 1.0 0.0 0.7778565625 0.0 0.7778565625
0 0.0 0.026838749999999932 0.0 0.026838749999999932 0.0 0.0 0.0 0.0
0 0.0 0.43794125 0.0 0.43794125 0.0 0.20667109374999998 0.0 0.20667109374999998
0 0.0 0.6374434375 0.0 0.6374434375 0.0 0.47231640625000004 0.0 0.47231640625000004
0 0.0 0.25883765625000005 0.0 0.25883765625000005 0.0 0.11124296875000006 0.0 0.11124296875000006
0 0.0 1.0 0.11202187499999994 1.0 0.0 0.9015282812500001 0.11202187499999994 0.9015282812500001
0 0.0 0.78974265625 0.0 0.78974265625 0.0 0.5537665625 0.0 0.5537665625
0 0.0 0.7902376562500001 0.0 0.7902376562500001 0.0 0.61278421875 0.0 0.61278421875
0 0.0 1.0 0.08490156249999999 1.0 0.0 0.8228392187499999 0.08490156249999999 0.8228392187499999
0 0.0 0.23051171875000004 0.0 0.23051171875000004 0.0 0.0 0.0 0.0
0 0.0 1.0 0.0 1.0 0.0 0.90708984375 0.0 0.90708984375
0 0.0 0.998548859375 0.04686093749999998 0.998548859375 0.0 0.8324609374999999 0.04686093749999998 0.8324609374999999
0 0.0 0.38072296874999995 0.21482343750000013 0.38072296874999995 0.0 0.1115903125000001 0.21482343750000013 0.1115903125000001
0 0.0 0.8596759374999999 0.0 0.8596759374999999 0.0 0.5622581249999999 0.0 0.5622581249999999
0 0.0 0.48391031250000005 0.0 0.48391031250000005 0.0 0.09269859374999996 0.0 0.09269859374999996
0 0.18443281250000004 0.39900578124999997 0.3171875 0.39900578124999997 0.18443281250000004 0.18169515625 0.3171875 0.18169515625
0 0.0 0.05029703125000005 0.0 0.05029703125000005 0.0 0.0 0.0 0.0
0 0.0 0.990314296875 0.0 0.990314296875 0.0 0.816840625 0.0 0.816840625
0 0.0 0.3158276562499999 0.0 0.3158276562499999 0.0 0.09301499999999993 0.0 0.09301499999999993
0 0.0 1.0 0.0 1.0 0.0 0.921605625 0.0 0.921605625
0 0.0 0.8136725 0.0 0.8136725 0.0 0.55325 0.0 0.55325
0 0.0 0.571094375 0.0 0.571094375 0.0 0.26972609374999995 0.0 0.26972609374999995
0 0.0 0.27574390624999995 0.0 0.27574390624999995 0.0 0.046639531249999956 0.0 0.046639531249999956
0 0.0 0.88470546875 0.20165000000000005 0.88470546875 0.0 0.6392292187499999 0.20165000000000005 0.6392292187499999
0 0.3022781250000001 1.0 0.3171875 1.0 0.3022781250000001 1.0 0.3171875 1.0
0 0.0 0.8877410937500001 0.0 0.8877410937500001 0.0 0.6933564062500001 0.0 0.6933564062500001
0 0.0 0.56508953125 0.14522812499999987 0.56508953125 0.0 0.2614465624999999 0.14522812499999987 0.2614465624999999
0 0.28536874999999995 0.10341874999999998 0.3171875 0.10341874999999998 0.28536874999999995 0.0 0.3171875 0.0
0 0.0 0.44586812499999995 0.23890625000000015 0.44586812499999995 0.0 0.17558468749999995 0.23890625000000015 0.17558468749999995
0 0.0 0.19688093749999994 0.0 0.19688093749999994 0.0 0.0 0.0 0.0
0 0.0 1.0 0.0 1.0 0.0 0.88323859375 0.0 0.88323859375
0 0.0 0.75696890625 0.0 0.75696890625 0.0 0.5300175 0.0 0.5300175
0 0.0 0.08910078124999998 0.0 0.08910078124999998 0.0 0.0 0.0 0.0
0 0.0 0.3116465625 0.0 0.3116465625 0.0 0.26218718750000003 0.0 0.26218718750000003
0 0.0 0.327701875 0.0 0.327701875 0.0 0.09287656250000005 0.0 0.09287656250000005
0 0.0 0.6784704687499999 0.0 0.6784704687499999 0.0 0.61715609375 0.0 0.61715609375
0 0.0 0.32804749999999994 0.0 0.32804749999999994 0.0 0.24953171874999996 0.0 0.24953171874999996
