0 0.0 0.04230910937499992 0.0 0.04230910937499992 0.0 0.0 0.0 0.0
0 0.18724375000000001 0.0 0.3171875 0.0 0.18724375000000001 0.0 0.3171875 0.0
0 0.0 0.1359375 0.0 0.1359375 0.0 0.08096746874999994 0.0 0.08096746874999994
0 0.0 0.115100765625 0.0 0.115100765625 0.0 0.0 0.0 0.0
0 0.0 0.1359375 0.0 0.1359375 0.0 0.0 0.0 0.0
0 0.0 0.1359375 0.05484374999999986 0.1359375 0.0 0.10422048437499995 0.05484374999999986 0.10422048437499995
0 0.0 0.1359375 0.0 0.1359375 0.0 0.1288489109375 0.0 0.1288489109375
0 0.0 0.1359375 0.0 0.1359375 0.0 0.016091187500000003 0.0 0.016091187500000003
0 0.0 0.1359375 0.0 0.1359375 0.0 0.12106518749999999 0.0 0.12106518749999999
0 0.28306562500000004 0.0 0.3171875 0.0 0.28306562500000004 0.0 0.3171875 0.0
