0 0.0 1.0 0.0 1.0 0.0 0.79187671875 0.0 0.79187671875
0 0.0 0.06703062499999994 0.0 0.06703062499999994 0.0 0.0 0.0 0.0
0 0.0 0.5581134375000001 0.0 0.5581134375000001 0.0 0.39380499999999996 0.0 0.39380499999999996
0 0.18724375000000001 0.7157574999999999 0.3171875 0.7157574999999999 0.18724375000000001 0.47961406249999994 0.3171875 0.47961406249999994
0 0.0 0.4539596875 0.0 0.4539596875 0.0 0.17499968750000008 0.0 0.17499968750000008
0 0.0 0.35574984374999996 0.0 0.35574984374999996 0.0 0.09171531250000005 0.0 0.09171531250000005
0 0.0 0.41058562500000007 0.0 0.41058562500000007 0.0 0.14026296874999994 0.0 0.14026296874999994
0 0.0 0.97602125 0.0 0.97602125 0.0 0.818039375 0.0 0.818039375
0 0.0 0.987884421875 0.0 0.987884421875 0.0 0.8465884375 0.0 0.8465884375
0 0.0 0.22866109375000007 0.0 0.22866109375000007 0.0 0.05546468749999996 0.0 0.05546468749999996
0 0.0 0.19239515624999992 0.0 0.19239515624999992 0.0 0.0 0.0 0.0
0 0.0 0.9076984375 0.0 0.9076984375 0.0 0.8555859375000001 0.0 0.8555859375000001
0 0.0 0.17399640625000004 0.0 0.17399640625000004 0.0 0.0 0.0 0.0
0 0.0 0.6028467187500001 0.0 0.6028467187500001 0.0 0.4275478125 0.0 0.4275478125
0 0.0 1.0 0.0 1.0 0.0 0.8509585937499999 0.0 0.8509585937499999
0 0.0 1.0 0.0 1.0 0.0 0.8865000000000001 0.0 0.8865000000000001
0 0.0 0.899786875 0.0 0.899786875 0.0 0.7290331250000001 0.0 0.7290331250000001
0 0.0 0.35387546875 0.0 0.35387546875 0.0 0.11006203125000003 0.0 0.11006203125000003
0 0.0 1.0 0.05484374999999986 1.0 0.0 1.0 0.05484374999999986 1.0
0 0.0 0.05649546875000002 0.0 0.05649546875000002 0.0 0.0 0.0 0.0
0 0.0 0.06409953124999994 0.0 0.06409953124999994 0.0 0.0 0.0 0.0
0 0.0 0.20751546874999996 0.0 0.20751546874999996 0.0 0.0 0.0 0.0
0 0.0 0.8200665624999999 0.0 0.8200665624999999 0.0 0.5687684375 0.0 0.5687684375
0 0.0 0.08408578124999995 0.0 0.08408578124999995 0.0 0.0 0.0 0.0
0 0.0 0.9572053125 0.0 0.9572053125 0.0 0.79692171875 0.0 0.79692171875
0 0.28306562500000004 0.42503437499999996 0.3171875 0.42503437499999996 0.28306562500000004 0.02901609374999996 0.3171875 0.02901609374999996
0 0.0 0.41237765625 0.0 0.41237765625 0.0 0.24252234374999998 0.0 0.24252234374999998
0 0.0 0.009718750000000043 0.0 0.009718750000000043 0.0 0.0 0.0 0.0
