0 0.0 0.91228984375 0.0 0.91228984375 0.0 0.68375671875 0.0 0.68375671875
0 0.0 0.006937343749999947 0.0 0.006937343749999947 0.0 0.0 0.0 0.0
0 0.0 0.26728874999999996 0.0 0.26728874999999996 0.0 0.009284843750000072 0.0 0.009284843750000072
0 0.05368906250000016 0.61487265625 0.1305296875 0.61487265625 0.05368906250000016 0.5375765625 0.1305296875 0.5375765625
0 0.0 0.6495268750000001 0.0 0.6495268750000001 0.0 0.27721921875 0.0 0.27721921875
0 0.29113437500000006 0.47290765625000003 0.3171875 0.47290765625000003 0.29113437500000006 0.021176406250000036 0.3171875 0.021176406250000036
0 0.08777656249999985 0.713464375 0.3058984375000001 0.713464375 0.08777656249999985 0.48739765625000003 0.3058984375000001 0.48739765625000003
0 0.0 0.45029890625 0.0 0.45029890625 0.0 0.19765781249999997 0.0 0.19765781249999997
0 0.0 0.8726970312500001 0.0 0.8726970312500001 0.0 0.6507965625 0.0 0.6507965625
0 0.0 0.10744984375000008 0.22564062500000012 0.10744984375000008 0.0 0.0 0.22564062500000012 0.0
0 0.20792031249999993 0.850865625 0.2639765624999999 0.850865625 0.20792031249999993 0.79550546875 0.2639765624999999 0.79550546875
0 0.0 0.8772818749999999 0.0 0.8772818749999999 0.0 0.52496890625 0.0 0.52496890625
0 0.0 1.0 0.0 1.0 0.0 0.7446259375000001 0.0 0.7446259375000001
0 0.0 0.2310628124999999 0.0 0.2310628124999999 0.0 0.0 0.0 0.0
0 0.0 0.84858453125 0.0 0.84858453125 0.0 0.6720364062499999 0.0 0.6720364062499999
0 0.0 0.90438015625 0.0 0.90438015625 0.0 0.59199453125 0.0 0.59199453125
0 0.0 0.7202214062500001 0.0 0.7202214062500001 0.0 0.42375203125 0.0 0.42375203125
0 0.0 0.30834578125000006 0.2036249999999999 0.30834578125000006 0.0 0.09119875000000004 0.2036249999999999 0.09119875000000004
0 0.30427187499999986 1.0 0.3171875 1.0 0.30427187499999986 1.0 0.3171875 1.0
0 0.0 0.5885612499999999 0.0 0.5885612499999999 0.0 0.29167734375 0.0 0.29167734375
0 0.0 0.19339953125000003 0.0 0.19339953125000003 0.0 0.0 0.0 0.0
0 0.29449843750000004 0.816305625 0.3171875 0.816305625 0.29449843750000004 0.5105634375 0.3171875 0.5105634375
0 0.2179343750000001 1.0 0.3171875 1.0 0.2179343750000001 0.9220457812499999 0.3171875 0.9220457812499999
0 0.0 0.37384984374999997 0.0 0.37384984374999997 0.0 0.19982687499999993 0.0 0.19982687499999993
0 0.0 0.49467421875 0.0 0.49467421875 0.0 0.235445 0.0 0.235445
0 0.0 0.45928109375000004 0.0 0.45928109375000004 0.0 0.30671812500000006 0.0 0.30671812500000006
0 0.0 0.19978515624999993 0.0 0.19978515624999993 0.0 0.0 0.0 0.0
0 0.0 0.97460296875 0.0 0.97460296875 0.0 0.74714796875 0.0 0.74714796875
0 0.0 0.53422140625 0.0 0.53422140625 0.0 0.2883756249999999 0.0 0.2883756249999999
0 0.0 0.5694259374999999 0.0 0.5694259374999999 0.0 0.3483040625 0.0 0.3483040625
0 0.0 1.0 0.0 1.0 0.0 0.8522328124999999 0.0 0.8522328124999999
0 0.0 0.9591293750000001 0.0 0.9591293750000001 0.0 0.7103570312499999 0.0 0.7103570312499999
0 0.0 0.19413234374999994 0.0 0.19413234374999994 0.0 0.0 0.0 0.0
0 0.0 0.5744210937500001 0.1520781249999999 0.5744210937500001 0.0 0.20826250000000002 0.1520781249999999 0.20826250000000002
