0 0.0 0.1359375 0.15438296875000007 0.1359375 0.0 0.046658796874999985 0.15438296875000007 0.046658796874999985
0 0.0 0.0 0.11831515625000008 0.0 0.0 0.0 0.11831515625000008 0.0
0 0.28821062499999994 0.0 0.647975 0.0 0.28821062499999994 0.0 0.647975 0.0
0 0.0 0.0 0.16924140624999992 0.0 0.0 0.0 0.16924140624999992 0.0
0 0.7086140624999999 0.0 0.9547109375000001 0.0 0.7086140624999999 0.0 0.9547109375000001 0.0
0 0.9553249999999999 0.0 1.0 0.0 0.9553249999999999 0.0 1.0 0.0
0 0.0 0.1359375 0.0 0.1359375 0.0 0.1301168203125 0.0 0.1301168203125
0 0.41743328124999995 0.0 0.7559140625000002 0.0 0.41743328124999995 0.0 0.7559140625000002 0.0
0 0.0 0.03329884374999992 0.08334656250000005 0.03329884374999992 0.0 0.0 0.08334656250000005 0.0
0 0.5857515624999999 0.0 0.7599265625000001 0.0 0.5857515624999999 0.0 0.7599265625000001 0.0
0 0.8499062500000001 0.08425753124999993 0.9285890625000001 0.08425753124999993 0.8499062500000001 0.005953937499999995 0.9285890625000001 0.005953937499999995
0 0.0 0.1359375 0.17708703124999997 0.1359375 0.0 0.12383184375000003 0.17708703124999997 0.12383184375000003
0 0.9863593749999999 0.0 1.0 0.0 0.9863593749999999 0.0 1.0 0.0
0 1.0 0.1359375 1.0 0.1359375 1.0 0.04629992187499994 1.0 0.04629992187499994
0 0.11478515624999996 0.0 0.30297921875 0.0 0.11478515624999996 0.0 0.30297921875 0.0
0 1.0 0.1359375 1.0 0.1359375 1.0 0.0 1.0 0.0
0 0.0 0.1359375 0.0 0.1359375 0.0 0.10569334374999997 0.0 0.10569334374999997
0 0.700840625 0.0 0.8709031249999999 0.0 0.700840625 0.0 0.8709031249999999 0.0
0 0.22352390625 0.0 0.3550028125000001 0.0 0.22352390625 0.0 0.3550028125000001 0.0
0 0.6779687500000001 0.0 0.9446000000000001 0.0 0.6779687500000001 0.0 0.9446000000000001 0.0
0 0.0 0.0 0.11654531250000008 0.0 0.0 0.0 0.11654531250000008 0.0
0 0.34331875000000006 0.06093743749999998 0.5521309375 0.06093743749999998 0.34331875000000006 0.0 0.5521309375 0.0
0 0.494184375 0.0 0.7361078124999999 0.0 0.494184375 0.0 0.7361078124999999 0.0
0 0.7733062499999999 0.0 1.0 0.0 0.7733062499999999 0.0 1.0 0.0
