0 0.518059375 0.0 0.7551359375000001 0.0 0.518059375 0.0 0.7551359375000001 0.0
0 0.286965 0.13303188124999998 0.51527875 0.13303188124999998 0.286965 0.0 0.51527875 0.0
0 0.0 0.0 0.014816718750000036 0.0 0.0 0.0 0.014816718750000036 0.0
0 1.0 0.1359375 1.0 0.1359375 1.0 0.0 1.0 0.0
0 0.0 0.0 0.26092218749999996 0.0 0.0 0.0 0.26092218749999996 0.0
0 0.8387578125000001 0.0 1.0 0.0 0.8387578125000001 0.0 1.0 0.0
0 0.591146875 0.0 0.6650859375 0.0 0.591146875 0.0 0.6650859375 0.0
0 0.6574437499999999 0.0 0.702328125 0.0 0.6574437499999999 0.0 0.702328125 0.0
0 0.47407390624999995 0.05459631250000001 0.6162078125000001 0.05459631250000001 0.47407390624999995 0.0 0.6162078125000001 0.0
0 0.47564875000000006 0.0 0.7391390624999999 0.0 0.47564875000000006 0.0 0.7391390624999999 0.0
0 0.4165162499999999 0.0 0.6443984374999999 0.0 0.4165162499999999 0.0 0.6443984374999999 0.0
0 0.23906671875000002 0.0 0.5887249999999999 0.0 0.23906671875000002 0.0 0.5887249999999999 0.0
0 0.17212718749999995 0.0 0.4552515625 0.0 0.17212718749999995 0.0 0.4552515625 0.0
0 1.0 0.11739104687499999 1.0 0.11739104687499999 1.0 0.0 1.0 0.0
0 0.8109546875 0.0 1.0 0.0 0.8109546875 0.0 1.0 0.0
0 0.4375140625 0.1359375 0.5920062500000001 0.1359375 0.4375140625 0.0 0.5920062500000001 0.0
0 0.8130609374999999 0.0 1.0 0.0 0.8130609374999999 0.0 1.0 0.0
0 0.0 0.1359375 0.20149609374999997 0.1359375 0.0 0.0 0.20149609374999997 0.0
0 0.540384375 0.103339171875 0.5956781250000001 0.103339171875 0.540384375 0.04739868749999996 0.5956781250000001 0.04739868749999996
