0 0.518059375 0.4086365625 0.7551359375000001 0.4086365625 0.518059375 0.17932078125000003 0.7551359375000001 0.17932078125000003
0 0.286965 1.0 0.51527875 1.0 0.286965 0.9319270312500001 0.51527875 0.9319270312500001
0 0.0 0.7390828125000001 0.014816718750000036 0.7390828125000001 0.0 0.6032528125 0.014816718750000036 0.6032528125
0 0.0 0.27862734375000003 0.0 0.27862734375000003 0.0 0.10865921875000009 0.0 0.10865921875000009
0 0.0 0.5286299999999999 0.0 0.5286299999999999 0.0 0.30390203125 0.0 0.30390203125
0 0.0 0.06414765624999993 0.0 0.06414765624999993 0.0 0.0 0.0 0.0
0 1.0 1.0 1.0 1.0 1.0 0.78460546875 1.0 0.78460546875
0 0.0 0.6538003125 0.26092218749999996 0.6538003125 0.0 0.34816484374999995 0.26092218749999996 0.34816484374999995
0 0.0 0.31590062499999993 0.0 0.31590062499999993 0.0 0.0 0.0 0.0
0 1.0 0.39563484375 1.0 0.39563484375 1.0 0.12572453125000002 1.0 0.12572453125000002
0 0.0 0.07401328125000006 0.0 0.07401328125000006 0.0 0.00542671875000007 0.0 0.00542671875000007
0 0.8387578125000001 0.5103865625 1.0 0.5103865625 0.8387578125000001 0.3049846875 1.0 0.3049846875
0 0.0 0.69157546875 0.0 0.69157546875 0.0 0.48389453125 0.0 0.48389453125
0 0.591146875 0.21865484375000008 0.6650859375 0.21865484375000008 0.591146875 0.14402343749999993 0.6650859375 0.14402343749999993
0 0.0 0.9467456249999999 0.0 0.9467456249999999 0.0 0.6994067187499999 0.0 0.6994067187499999
0 0.6574437499999999 0.4713 0.702328125 0.4713 0.6574437499999999 0.42443078125 0.702328125 0.42443078125
0 0.47407390624999995 1.0 0.6162078125000001 1.0 0.47407390624999995 0.8945421875000001 0.6162078125000001 0.8945421875000001
0 0.47564875000000006 0.8832184375000001 0.7391390624999999 0.8832184375000001 0.47564875000000006 0.62186078125 0.7391390624999999 0.62186078125
0 0.4165162499999999 0.10074515625 0.6443984374999999 0.10074515625 0.4165162499999999 0.0 0.6443984374999999 0.0
0 0.23906671875000002 0.7174962500000001 0.5887249999999999 0.7174962500000001 0.23906671875000002 0.38231374999999995 0.5887249999999999 0.38231374999999995
0 0.17212718749999995 0.24762421875000004 0.4552515625 0.24762421875000004 0.17212718749999995 0.0 0.4552515625 0.0
0 1.0 1.0 1.0 1.0 1.0 0.9070349999999999 1.0 0.9070349999999999
0 0.0 0.27157359375 0.0 0.27157359375 0.0 0.01589375000000004 0.0 0.01589375000000004
0 0.0 0.04944921875000006 0.0 0.04944921875000006 0.0 0.0 0.0 0.0
0 0.0 0.46019468750000003 0.0 0.46019468750000003 0.0 0.24306999999999998 0.0 0.24306999999999998
0 0.8109546875 0.12212296874999992 1.0 0.12212296874999992 0.8109546875 0.0 1.0 0.0
0 1.0 0.4090746875 1.0 0.4090746875 1.0 0.3340392187500001 1.0 0.3340392187500001
0 0.4375140625 1.0 0.5920062500000001 1.0 0.4375140625 0.9916505000000001 0.5920062500000001 0.9916505000000001
0 0.0 0.38095859374999996 0.0 0.38095859374999996 0.0 0.18018703125000002 0.0 0.18018703125000002
0 0.8130609374999999 0.46557671875000006 1.0 0.46557671875000006 0.8130609374999999 0.1706107812500001 1.0 0.1706107812500001
0 0.0 0.16622890624999992 0.0 0.16622890624999992 0.0 0.10186921874999992 0.0 0.10186921874999992
0 0.0 1.0 0.20149609374999997 1.0 0.0 0.8159637500000001 0.20149609374999997 0.8159637500000001
0 0.0 0.12407140625000004 0.0 0.12407140625000004 0.0 0.0 0.0 0.0
0 0.540384375 1.0 0.5956781250000001 1.0 0.540384375 1.0 0.5956781250000001 1.0
0 0.0 0.41959984375000003 0.0 0.41959984375000003 0.0 0.35288140625000003 0.0 0.35288140625000003
0 0.0 0.52254234375 0.0 0.52254234375 0.0 0.26865375 0.0 0.26865375
0 0.0 0.64143046875 0.0 0.64143046875 0.0 0.401349375 0.0 0.401349375
