0 0.0 0.13303188124999998 0.0 0.13303188124999998 0.0 0.0 0.0 0.0
0 0.24012656250000006 0.1359375 0.3171875 0.1359375 0.24012656250000006 0.0 0.3171875 0.0
0 0.251140625 0.0 0.3171875 0.0 0.251140625 0.0 0.3171875 0.0
0 0.0 0.0 0.03458749999999995 0.0 0.0 0.0 0.03458749999999995 0.0
0 0.0 0.05459631250000001 0.0 0.05459631250000001 0.0 0.0 0.0 0.0
0 0.025095312499999876 0.11739104687499999 0.2356328125000001 0.11739104687499999 0.025095312499999876 0.0 0.2356328125000001 0.0
0 0.0 0.0 0.0721609375 0.0 0.0 0.0 0.0721609375 0.0
0 0.2922125000000001 0.0 0.3171875 0.0 0.2922125000000001 0.0 0.3171875 0.0
0 0.0 0.1359375 0.0 0.1359375 0.0 0.0 0.0 0.0
0 0.0 0.0 0.11749374999999987 0.0 0.0 0.0 0.11749374999999987 0.0
0 0.0 0.1359375 0.0 0.1359375 0.0 0.0 0.0 0.0
0 0.0 0.103339171875 0.0 0.103339171875 0.0 0.04739868749999996 0.0 0.04739868749999996
