0 1.0 0.13303188124999998 1.0 0.13303188124999998 1.0 0.0 1.0 0.0
0 0.8686678125 0.0 1.0 0.0 0.8686678125 0.0 1.0 0.0
0 0.0 0.0 0.14760374999999998 0.0 0.0 0.0 0.14760374999999998 0.0
0 0.3591840625 0.0 0.59157875 0.0 0.3591840625 0.0 0.59157875 0.0
0 0.16114828125 0.0 0.30649078125 0.0 0.16114828125 0.0 0.30649078125 0.0
0 1.0 0.1359375 1.0 0.1359375 1.0 0.0 1.0 0.0
0 0.9634471874999999 0.0 1.0 0.0 0.9634471874999999 0.0 1.0 0.0
0 0.07508804687500001 0.0 0.52161984375 0.0 0.07508804687500001 0.0 0.52161984375 0.0
0 0.91177203125 0.0 0.9793265625 0.0 0.91177203125 0.0 0.9793265625 0.0
0 0.77775265625 0.0 0.99447859375 0.0 0.77775265625 0.0 0.99447859375 0.0
0 0.030847375 0.0 0.272661875 0.0 0.030847375 0.0 0.272661875 0.0
0 1.0 0.05459631250000001 1.0 0.05459631250000001 1.0 0.0 1.0 0.0
0 1.0 0.11739104687499999 1.0 0.11739104687499999 1.0 0.0 1.0 0.0
0 0.0 0.0 0.2405715625 0.0 0.0 0.0 0.2405715625 0.0
0 0.8768440625 0.0 0.93185578125 0.0 0.8768440625 0.0 0.93185578125 0.0
0 0.70013796875 0.0 0.9174445312499999 0.0 0.70013796875 0.0 0.9174445312499999 0.0
0 1.0 0.1359375 1.0 0.1359375 1.0 0.0 1.0 0.0
0 0.057291281250000006 0.0 0.25816 0.0 0.057291281250000006 0.0 0.25816 0.0
0 0.63123578125 0.0 0.6943909374999999 0.0 0.63123578125 0.0 0.6943909374999999 0.0
0 0.79775484375 0.1359375 1.0 0.1359375 0.79775484375 0.0 1.0 0.0
0 0.2285128125 0.0 0.44895421874999997 0.0 0.2285128125 0.0 0.44895421874999997 0.0
0 1.0 0.103339171875 1.0 0.103339171875 1.0 0.04739868749999996 1.0 0.04739868749999996
0 0.330049375 0.0 0.395655 0.0 0.330049375 0.0 0.395655 0.0
0 0.03921853125 0.0 0.27447359374999997 0.0 0.03921853125 0.0 0.27447359374999997 0.0
0 0.70204984375 0.0 0.93933328125 0.0 0.70204984375 0.0 0.93933328125 0.0
