0 0.0 0.2014340625000001 0.18301562500000018 0.2014340625000001 0.0 0.0 0.18301562500000018 0.0
0 0.18945781249999988 0.57466390625 0.24491406249999984 0.57466390625 0.18945781249999988 0.5186046875 0.24491406249999984 0.5186046875
0 0.0 0.526600625 0.0 0.526600625 0.0 0.11719078125000007 0.0 0.11719078125000007
0 0.0 1.0 0.0 1.0 0.0 0.96200015625 0.0 0.96200015625
0 0.0 0.87420875 0.0 0.87420875 0.0 0.8004760937500001 0.0 0.8004760937500001
0 0.0 0.995165640625 0.0 0.995165640625 0.0 0.8218754687500001 0.0 0.8218754687500001
0 0.0 1.0 0.0 1.0 0.0 0.9509685937500001 0.0 0.9509685937500001
0 0.18150312500000004 0.10536624999999997 0.3171875 0.10536624999999997 0.18150312500000004 0.0 0.3171875 0.0
0 0.28619999999999984 0.06518453125000008 0.3171875 0.06518453125000008 0.28619999999999984 0.0 0.3171875 0.0
0 0.22928749999999987 0.29642640625 0.3171875 0.29642640625 0.22928749999999987 0.030178593750000003 0.3171875 0.030178593750000003
0 0.0 0.10801203125 0.0 0.10801203125 0.0 0.0 0.0 0.0
0 0.0 0.09741968750000005 0.0 0.09741968750000005 0.0 0.0 0.0 0.0
0 0.2734375 0.20570390624999996 0.3171875 0.20570390624999996 0.2734375 0.0 0.3171875 0.0
0 0.0 0.8312095312500001 0.0 0.8312095312500001 0.0 0.60762765625 0.0 0.60762765625
0 0.0 0.2667396875 0.0 0.2667396875 0.0 0.0 0.0 0.0
0 0.0 0.38016500000000003 0.0 0.38016500000000003 0.0 0.1027159375 0.0 0.1027159375
0 0.06005624999999988 0.56824625 0.3171875 0.56824625 0.06005624999999988 0.2708221875 0.3171875 0.2708221875
0 0.0645687500000001 1.0 0.3171875 1.0 0.0645687500000001 0.7853696875 0.3171875 0.7853696875
0 0.0 0.19269187500000004 0.16374999999999992 0.19269187500000004 0.0 0.0 0.16374999999999992 0.0
0 0.0 0.21977421874999994 0.20512968749999985 0.21977421874999994 0.0 0.0 0.20512968749999985 0.0
0 0.0 0.44649390625 0.0 0.44649390625 0.0 0.023427656249999984 0.0 0.023427656249999984
0 0.0 0.47973703125 0.0 0.47973703125 0.0 0.28960187499999995 0.0 0.28960187499999995
0 0.17092031249999984 1.0 0.3171875 1.0 0.17092031249999984 0.9882721562500001 0.3171875 0.9882721562500001
0 0.0 0.13126406250000003 0.0 0.13126406250000003 0.0 0.0 0.0 0.0
0 0.0 0.13862671874999996 0.0 0.13862671874999996 0.0 0.0 0.0 0.0
0 0.0 0.12012609375000008 0.0 0.12012609375000008 0.0 0.0 0.0 0.0
