0 1.0 0.2014340625000001 1.0 0.2014340625000001 1.0 0.0 1.0 0.0
0 1.0 0.57466390625 1.0 0.57466390625 1.0 0.5186046875 1.0 0.5186046875
0 1.0 0.526600625 1.0 0.526600625 1.0 0.11719078125000007 1.0 0.11719078125000007
0 0.22745 1.0 0.49962156249999995 1.0 0.22745 0.96200015625 0.49962156249999995 0.96200015625
0 0.65419234375 0.87420875 0.7271720312500001 0.87420875 0.65419234375 0.8004760937500001 0.7271720312500001 0.8004760937500001
0 1.0 0.995165640625 1.0 0.995165640625 1.0 0.8218754687500001 1.0 0.8218754687500001
0 0.851468125 1.0 0.9962259375 1.0 0.851468125 0.9509685937500001 0.9962259375 0.9509685937500001
0 1.0 0.10536624999999997 1.0 0.10536624999999997 1.0 0.0 1.0 0.0
0 1.0 0.06518453125000008 1.0 0.06518453125000008 1.0 0.0 1.0 0.0
0 1.0 0.29642640625 1.0 0.29642640625 1.0 0.030178593750000003 1.0 0.030178593750000003
0 0.0 0.10801203125 0.130434 0.10801203125 0.0 0.0 0.130434 0.0
0 0.66511390625 0.09741968750000005 1.0 0.09741968750000005 0.66511390625 0.0 1.0 0.0
0 1.0 0.20570390624999996 1.0 0.20570390624999996 1.0 0.0 1.0 0.0
0 1.0 0.8312095312500001 1.0 0.8312095312500001 1.0 0.60762765625 1.0 0.60762765625
0 0.48701203125000003 0.2667396875 0.77399890625 0.2667396875 0.48701203125000003 0.0 0.77399890625 0.0
0 0.37366421875 0.38016500000000003 0.6448860937500001 0.38016500000000003 0.37366421875 0.1027159375 0.6448860937500001 0.1027159375
0 1.0 0.56824625 1.0 0.56824625 1.0 0.2708221875 1.0 0.2708221875
0 1.0 1.0 1.0 1.0 1.0 0.7853696875 1.0 0.7853696875
0 1.0 0.19269187500000004 1.0 0.19269187500000004 1.0 0.0 1.0 0.0
0 1.0 0.21977421874999994 1.0 0.21977421874999994 1.0 0.0 1.0 0.0
0 1.0 0.44649390625 1.0 0.44649390625 1.0 0.023427656249999984 1.0 0.023427656249999984
0 1.0 0.47973703125 1.0 0.47973703125 1.0 0.28960187499999995 1.0 0.28960187499999995
0 1.0 1.0 1.0 1.0 1.0 0.9882721562500001 1.0 0.9882721562500001
0 0.1833590625 0.13126406250000003 0.36065703125000004 0.13126406250000003 0.1833590625 0.0 0.36065703125000004 0.0
0 1.0 0.13862671874999996 1.0 0.13862671874999996 1.0 0.0 1.0 0.0
0 1.0 0.12012609375000008 1.0 0.12012609375000008 1.0 0.0 1.0 0.0
