0 0.0 0.0 0.08835312500000007 0.0 0.0 0.0 0.08835312500000007 0.0
0 0.0 0.1359375 0.0 0.1359375 0.0 0.0 0.0 0.0
0 0.0 0.1359375 0.0 0.1359375 0.0 0.0 0.0 0.0
0 0.0 0.11530453124999998 0.0 0.11530453124999998 0.0 0.0 0.0 0.0
0 0.0 0.1359375 0.0 0.1359375 0.0 0.08822068749999996 0.0 0.08822068749999996
0 0.0 0.1359375 0.07826875000000015 0.1359375 0.0 0.04024735937500008 0.07826875000000015 0.04024735937500008
0 0.20036718749999985 0.0 0.3171875 0.0 0.20036718749999985 0.0 0.3171875 0.0
0 0.0 0.1359375 0.0 0.1359375 0.0 0.0 0.0 0.0
0 0.0 0.1359375 0.0 0.1359375 0.0 0.0 0.0 0.0
0 0.0 0.1359375 0.0 0.1359375 0.0 0.04301523437500006 0.0 0.04301523437500006
0 0.09337499999999999 0.0 0.3171875 0.0 0.09337499999999999 0.0 0.3171875 0.0
0 0.24108281249999983 0.1359375 0.3171875 0.1359375 0.24108281249999983 0.015104968750000048 0.3171875 0.015104968750000048
0 0.0 0.1359375 0.0 0.1359375 0.0 0.07042301562500004 0.0 0.07042301562500004
0 0.0 0.1359375 0.0 0.1359375 0.0 0.0 0.0 0.0
0 0.0 0.1359375 0.0 0.1359375 0.0 0.0033323281250000393 0.0 0.0033323281250000393
0 0.030960937500000084 0.0 0.07848749999999996 0.0 0.030960937500000084 0.0 0.07848749999999996 0.0
0 0.25038281249999983 0.0 0.3171875 0.0 0.25038281249999983 0.0 0.3171875 0.0
