0 0.04292921874999998 0.0 0.27883281249999997 0.0 0.04292921874999998 0.0 0.27883281249999997 0.0
0 0.5164156249999999 0.1359375 0.8040875 0.1359375 0.5164156249999999 0.07102129687499996 0.8040875 0.07102129687499996
0 0.0 0.052847109374999944 0.0 0.052847109374999944 0.0 0.0 0.0 0.0
0 0.000716562500000073 0.0 0.4518501562499999 0.0 0.000716562500000073 0.0 0.4518501562499999 0.0
0 1.0 0.07584787500000001 1.0 0.07584787500000001 1.0 0.0 1.0 0.0
0 0.51704515625 0.0 0.7295703124999999 0.0 0.51704515625 0.0 0.7295703124999999 0.0
0 1.0 0.1359375 1.0 0.1359375 1.0 0.006703718750000043 1.0 0.006703718750000043
0 0.0 0.11041978125000007 0.0 0.11041978125000007 0.0 0.0 0.0 0.0
0 0.7268140625000001 0.0 0.9639484374999998 0.0 0.7268140625000001 0.0 0.9639484374999998 0.0
0 0.32243484375 0.1359375 0.5929328125 0.1359375 0.32243484375 0.0 0.5929328125 0.0
0 0.36155468749999997 0.031085234374999972 0.6146421875000001 0.031085234374999972 0.36155468749999997 0.0 0.6146421875000001 0.0
0 0.37986734375 0.05132309374999995 0.683171875 0.05132309374999995 0.37986734375 0.0 0.683171875 0.0
0 0.48101546875000006 0.0 0.5341589062500001 0.0 0.48101546875000006 0.0 0.5341589062500001 0.0
0 0.8592187500000001 0.0 1.0 0.0 0.8592187500000001 0.0 1.0 0.0
0 0.9472140625000002 0.1359375 1.0 0.1359375 0.9472140625000002 0.10892965624999995 1.0 0.10892965624999995
0 0.6739656249999999 0.07212959375000008 1.0 0.07212959375000008 0.6739656249999999 0.0 1.0 0.0
