0 1.0 0.32214093750000006 1.0 0.32214093750000006 1.0 0.2565553124999999 1.0 0.2565553124999999
0 1.0 0.8500940625 1.0 0.8500940625 1.0 0.7945909375 1.0 0.7945909375
0 0.47345156250000003 0.50478546875 0.7636364062500001 0.50478546875 0.47345156250000003 0.2112293749999999 0.7636364062500001 0.2112293749999999
0 1.0 1.0 1.0 1.0 1.0 0.852246875 1.0 0.852246875
0 1.0 0.16163000000000008 1.0 0.16163000000000008 1.0 0.03448843749999995 1.0 0.03448843749999995
0 0.32636515625 0.041563281250000014 0.6140371874999999 0.041563281250000014 0.32636515625 0.0 0.6140371874999999 0.0
0 1.0 0.6047046875000001 1.0 0.6047046875000001 1.0 0.41607796874999997 1.0 0.41607796874999997
0 0.19354109375 0.67558015625 0.43650703125 0.67558015625 0.19354109375 0.44143265625000006 0.43650703125 0.44143265625000006
0 0.8771040625 0.18078890624999994 1.0 0.18078890624999994 0.8771040625 0.0 1.0 0.0
0 0.0 1.0 0.22232781250000003 1.0 0.0 0.98510978125 0.22232781250000003 0.98510978125
0 1.0 0.49690984374999997 1.0 0.49690984374999997 1.0 0.4499578125 1.0 0.4499578125
0 0.29731 1.0 0.34184171874999997 1.0 0.29731 1.0 0.34184171874999997 1.0
0 1.0 0.09004750000000002 1.0 0.09004750000000002 1.0 0.0 1.0 0.0
0 1.0 0.9897279687499999 1.0 0.9897279687499999 1.0 0.846471875 1.0 0.846471875
0 1.0 0.31896734374999997 1.0 0.31896734374999997 1.0 0.08265453125000004 1.0 0.08265453125000004
0 0.061483796874999996 1.0 0.27749140625 1.0 0.061483796874999996 0.89757828125 0.27749140625 0.89757828125
0 1.0 0.29855921875 1.0 0.29855921875 1.0 0.13208249999999994 1.0 0.13208249999999994
0 0.5669751562500001 0.64623734375 0.9526981250000001 0.64623734375 0.5669751562500001 0.2726096875 0.9526981250000001 0.2726096875
0 0.0 1.0 0.155423765625 1.0 0.0 0.9802577187500001 0.155423765625 0.9802577187500001
0 1.0 0.67278859375 1.0 0.67278859375 1.0 0.36376640625 1.0 0.36376640625
0 0.24749062500000002 0.07856546874999992 0.37532015625000004 0.07856546874999992 0.24749062500000002 0.0 0.37532015625000004 0.0
0 1.0 0.64021078125 1.0 0.64021078125 1.0 0.39144375 1.0 0.39144375
0 1.0 0.9778876562500001 1.0 0.9778876562500001 1.0 0.59999765625 1.0 0.59999765625
0 0.538394375 0.27808312500000004 0.71043578125 0.27808312500000004 0.538394375 0.10276656249999991 0.71043578125 0.10276656249999991
0 1.0 0.21035906250000008 1.0 0.21035906250000008 1.0 0.0 1.0 0.0
0 0.0 0.4416925 0.00042710296875 0.4416925 0.0 0.0 0.00042710296875 0.0
0 1.0 0.35538 1.0 0.35538 1.0 0.1143596875 1.0 0.1143596875
0 0.5494521875 0.74990921875 0.69378203125 0.74990921875 0.5494521875 0.62960140625 0.69378203125 0.62960140625
0 0.73632109375 0.25539375 0.8132606250000001 0.25539375 0.73632109375 0.17800890625000002 0.8132606250000001 0.17800890625000002
0 0.0 0.77828265625 0.060874359375 0.77828265625 0.0 0.5123632812500001 0.060874359375 0.5123632812500001
0 0.22232671874999999 0.81213671875 0.55276796875 0.81213671875 0.22232671874999999 0.46742203125000004 0.55276796875 0.46742203125000004
