0 0.0 0.32214093750000006 0.0 0.32214093750000006 0.0 0.2565553124999999 0.0 0.2565553124999999
0 0.1833874999999999 0.8500940625 0.23954843749999988 0.8500940625 0.1833874999999999 0.7945909375 0.23954843749999988 0.7945909375
0 0.0 0.50478546875 0.0 0.50478546875 0.0 0.2112293749999999 0.0 0.2112293749999999
0 0.0 1.0 0.0 1.0 0.0 0.852246875 0.0 0.852246875
0 0.0 0.16163000000000008 0.08513124999999988 0.16163000000000008 0.0 0.03448843749999995 0.08513124999999988 0.03448843749999995
0 0.0 0.041563281250000014 0.0 0.041563281250000014 0.0 0.0 0.0 0.0
0 0.0 1.0 0.10634218749999995 1.0 0.0 1.0 0.10634218749999995 1.0
0 0.0 0.6047046875000001 0.0 0.6047046875000001 0.0 0.41607796874999997 0.0 0.41607796874999997
0 0.0 0.67558015625 0.0 0.67558015625 0.0 0.44143265625000006 0.0 0.44143265625000006
0 0.0 0.18078890624999994 0.0 0.18078890624999994 0.0 0.0 0.0 0.0
0 0.0 1.0 0.0 1.0 0.0 0.98510978125 0.0 0.98510978125
0 0.19755937500000015 0.49690984374999997 0.2463828124999999 0.49690984374999997 0.19755937500000015 0.4499578125 0.2463828124999999 0.4499578125
0 0.01920624999999987 0.09004750000000002 0.3171875 0.09004750000000002 0.01920624999999987 0.0 0.3171875 0.0
0 0.0 0.9897279687499999 0.0 0.9897279687499999 0.0 0.846471875 0.0 0.846471875
0 0.2976453124999999 0.31896734374999997 0.3171875 0.31896734374999997 0.2976453124999999 0.08265453125000004 0.3171875 0.08265453125000004
0 0.0 1.0 0.0 1.0 0.0 0.89757828125 0.0 0.89757828125
0 0.04599218749999991 0.29855921875 0.21925468750000016 0.29855921875 0.04599218749999991 0.13208249999999994 0.21925468750000016 0.13208249999999994
0 0.0 0.64623734375 0.0 0.64623734375 0.0 0.2726096875 0.0 0.2726096875
0 0.0 1.0 0.0 1.0 0.0 0.9802577187500001 0.0 0.9802577187500001
0 0.0 0.67278859375 0.0 0.67278859375 0.0 0.36376640625 0.0 0.36376640625
0 0.0 0.07856546874999992 0.0 0.07856546874999992 0.0 0.0 0.0 0.0
0 0.2518671874999999 0.64021078125 0.3171875 0.64021078125 0.2518671874999999 0.39144375 0.3171875 0.39144375
0 0.0 0.9778876562500001 0.0 0.9778876562500001 0.0 0.59999765625 0.0 0.59999765625
0 0.0 0.27808312500000004 0.0 0.27808312500000004 0.0 0.10276656249999991 0.0 0.10276656249999991
0 0.0 0.21035906250000008 0.0 0.21035906250000008 0.0 0.0 0.0 0.0
0 0.0 0.4416925 0.0 0.4416925 0.0 0.0 0.0 0.0
0 0.0 0.35538 0.0 0.35538 0.0 0.1143596875 0.0 0.1143596875
0 0.0 0.74990921875 0.0 0.74990921875 0.0 0.62960140625 0.0 0.62960140625
0 0.0 0.25539375 0.0 0.25539375 0.0 0.17800890625000002 0.0 0.17800890625000002
0 0.0 0.77828265625 0.0 0.77828265625 0.0 0.5123632812500001 0.0 0.5123632812500001
0 0.0 0.81213671875 0.0 0.81213671875 0.0 0.46742203125000004 0.0 0.46742203125000004
