0 0.1833874999999999 0.0 0.23954843749999988 0.0 0.1833874999999999 0.0 0.23954843749999988 0.0
0 0.0 0.0886500625 0.0 0.0886500625 0.0 0.0 0.0 0.0
0 0.0 0.0 0.08513124999999988 0.0 0.0 0.0 0.08513124999999988 0.0
0 0.0 0.1359375 0.10634218749999995 0.1359375 0.0 0.09232492187499997 0.10634218749999995 0.09232492187499997
0 0.0 0.1359375 0.0 0.1359375 0.0 0.0 0.0 0.0
0 0.19755937500000015 0.0 0.2463828124999999 0.0 0.19755937500000015 0.0 0.2463828124999999 0.0
0 0.0 0.09011429687499994 0.0 0.09011429687499994 0.0 0.04357000000000007 0.0 0.04357000000000007
0 0.01920624999999987 0.0 0.3171875 0.0 0.01920624999999987 0.0 0.3171875 0.0
0 0.0 0.1359375 0.0 0.1359375 0.0 0.08146770312499996 0.0 0.08146770312499996
0 0.2976453124999999 0.0 0.3171875 0.0 0.2976453124999999 0.0 0.3171875 0.0
0 0.0 0.08362584374999997 0.0 0.08362584374999997 0.0 0.0 0.0 0.0
0 0.04599218749999991 0.0 0.21925468750000016 0.0 0.04599218749999991 0.0 0.21925468750000016 0.0
0 0.0 0.1359375 0.0 0.1359375 0.0 0.0 0.0 0.0
0 0.2518671874999999 0.0 0.3171875 0.0 0.2518671874999999 0.0 0.3171875 0.0
