0 0.47345156250000003 0.0 0.7636364062500001 0.0 0.47345156250000003 0.0 0.7636364062500001 0.0
0 1.0 0.0886500625 1.0 0.0886500625 1.0 0.0 1.0 0.0
0 0.32636515625 0.0 0.6140371874999999 0.0 0.32636515625 0.0 0.6140371874999999 0.0
0 1.0 0.1359375 1.0 0.1359375 1.0 0.09232492187499997 1.0 0.09232492187499997
0 0.19354109375 0.0 0.43650703125 0.0 0.19354109375 0.0 0.43650703125 0.0
0 0.8771040625 0.0 1.0 0.0 0.8771040625 0.0 1.0 0.0
0 0.0 0.1359375 0.22232781250000003 0.1359375 0.0 0.0 0.22232781250000003 0.0
0 0.29731 0.09011429687499994 0.34184171874999997 0.09011429687499994 0.29731 0.04357000000000007 0.34184171874999997 0.04357000000000007
0 1.0 0.1359375 1.0 0.1359375 1.0 0.08146770312499996 1.0 0.08146770312499996
0 0.061483796874999996 0.08362584374999997 0.27749140625 0.08362584374999997 0.061483796874999996 0.0 0.27749140625 0.0
0 0.5669751562500001 0.0 0.9526981250000001 0.0 0.5669751562500001 0.0 0.9526981250000001 0.0
0 0.0 0.1359375 0.155423765625 0.1359375 0.0 0.0 0.155423765625 0.0
0 0.24749062500000002 0.0 0.37532015625000004 0.0 0.24749062500000002 0.0 0.37532015625000004 0.0
0 0.538394375 0.0 0.71043578125 0.0 0.538394375 0.0 0.71043578125 0.0
0 0.0 0.0 0.00042710296875 0.0 0.0 0.0 0.00042710296875 0.0
0 0.5494521875 0.0 0.69378203125 0.0 0.5494521875 0.0 0.69378203125 0.0
0 0.73632109375 0.0 0.8132606250000001 0.0 0.73632109375 0.0 0.8132606250000001 0.0
0 0.0 0.0 0.060874359375 0.0 0.0 0.0 0.060874359375 0.0
0 0.22232671874999999 0.0 0.55276796875 0.0 0.22232671874999999 0.0 0.55276796875 0.0
