0 0.07016437500000006 0.0 0.13695296875000001 0.0 0.07016437500000006 0.0 0.13695296875000001 0.0
0 0.4484101562499999 0.0886500625 0.7033828124999999 0.0886500625 0.4484101562499999 0.0 0.7033828124999999 0.0
0 0.9467265625 0.0 1.0 0.0 0.9467265625 0.0 1.0 0.0
0 0.8785656249999999 0.1359375 1.0 0.1359375 0.8785656249999999 0.09232492187499997 1.0 0.09232492187499997
0 0.6016781250000001 0.0 0.7904828125000002 0.0 0.6016781250000001 0.0 0.7904828125000002 0.0
0 0.0 0.0 0.15122515624999994 0.0 0.0 0.0 0.15122515624999994 0.0
0 0.0 0.1359375 0.0 0.1359375 0.0 0.0 0.0 0.0
0 0.0 0.09011429687499994 0.0 0.09011429687499994 0.0 0.04357000000000007 0.0 0.04357000000000007
0 0.7032234375000002 0.1359375 0.9579968749999999 0.1359375 0.7032234375000002 0.08146770312499996 0.9579968749999999 0.08146770312499996
0 0.4728285937500001 0.0 0.5919593750000001 0.0 0.4728285937500001 0.0 0.5919593750000001 0.0
0 0.0 0.08362584374999997 0.0 0.08362584374999997 0.0 0.0 0.0 0.0
0 0.0 0.1359375 0.0 0.1359375 0.0 0.0 0.0 0.0
0 0.3655609374999999 0.0 0.6757687499999999 0.0 0.3655609374999999 0.0 0.6757687499999999 0.0
0 0.14440890624999997 0.0 0.53408390625 0.0 0.14440890624999997 0.0 0.53408390625 0.0
0 0.24132578124999995 0.0 0.6899453125000001 0.0 0.24132578124999995 0.0 0.6899453125000001 0.0
0 0.2677376562499999 0.0 0.5082779687500001 0.0 0.2677376562499999 0.0 0.5082779687500001 0.0
