0 0.11551406250000014 0.8152781250000001 0.16622656249999998 0.8152781250000001 0.11551406250000014 0.7631521875 0.16622656249999998 0.7631521875
0 0.0 0.96872046875 0.0 0.96872046875 0.0 0.74277515625 0.0 0.74277515625
0 0.0 1.0 0.10801249999999989 1.0 0.0 0.8183565625 0.10801249999999989 0.8183565625
0 0.24480312499999995 0.18685875000000002 0.3171875 0.18685875000000002 0.24480312499999995 0.0 0.3171875 0.0
0 0.0 0.7383956250000001 0.0 0.7383956250000001 0.0 0.28661921874999996 0.0 0.28661921874999996
0 0.0 0.7397843749999999 0.0 0.7397843749999999 0.0 0.51317640625 0.0 0.51317640625
0 0.0 0.9319753125 0.0 0.9319753125 0.0 0.8562370312500001 0.0 0.8562370312500001
0 0.0 1.0 0.0 1.0 0.0 0.8513795312500001 0.0 0.8513795312500001
0 0.0 0.45293687499999996 0.0 0.45293687499999996 0.0 0.2320184375 0.0 0.2320184375
0 0.0 1.0 0.0 1.0 0.0 0.7307710937499999 0.0 0.7307710937499999
0 0.0 0.36007203125 0.0 0.36007203125 0.0 0.14925625 0.0 0.14925625
0 0.0 0.7434429687499999 0.13338906249999988 0.7434429687499999 0.0 0.5342234375 0.13338906249999988 0.5342234375
0 0.0 0.9776073437499999 0.0 0.9776073437499999 0.0 0.7678640624999999 0.0 0.7678640624999999
0 0.0 1.0 0.0 1.0 0.0 0.88895140625 0.0 0.88895140625
0 0.0 0.72074125 0.0 0.72074125 0.0 0.48687140624999997 0.0 0.48687140624999997
0 0.0 0.5229240625 0.0 0.5229240625 0.0 0.28330406250000006 0.0 0.28330406250000006
0 0.0 0.04696218749999996 0.0 0.04696218749999996 0.0 0.0 0.0 0.0
0 0.0 0.8535887499999999 0.0 0.8535887499999999 0.0 0.61830375 0.0 0.61830375
0 0.0 0.9876958437500001 0.0 0.9876958437500001 0.0 0.75996375 0.0 0.75996375
0 0.0 0.9576054687500001 0.0 0.9576054687500001 0.0 0.741799375 0.0 0.741799375
0 0.0 0.600703125 0.0 0.600703125 0.0 0.35920375 0.0 0.35920375
0 0.0 0.7471409375 0.0 0.7471409375 0.0 0.44380421875 0.0 0.44380421875
0 0.0 1.0 0.207240625 1.0 0.0 0.8208682812500001 0.207240625 0.8208682812500001
0 0.0 0.5949312499999999 0.0 0.5949312499999999 0.0 0.32331296875 0.0 0.32331296875
0 0.0 0.38237390624999995 0.0 0.38237390624999995 0.0 0.15201156250000009 0.0 0.15201156250000009
0 0.0 0.23409031250000006 0.0 0.23409031250000006 0.0 0.0 0.0 0.0
0 0.0 0.3576971875 0.0 0.3576971875 0.0 0.08464843749999992 0.0 0.08464843749999992
0 0.0 0.5313701562500001 0.0 0.5313701562500001 0.0 0.45290421875 0.0 0.45290421875
0 0.16239375000000003 0.8570875000000001 0.2739062499999999 0.8570875000000001 0.16239375000000003 0.719828125 0.2739062499999999 0.719828125
0 0.0 0.4045590625 0.0 0.4045590625 0.0 0.16360062499999994 0.0 0.16360062499999994
0 0.0 0.06455203125000004 0.0 0.06455203125000004 0.0 0.0 0.0 0.0
0 0.0 1.0 0.0 1.0 0.0 0.9465190625 0.0 0.9465190625
0 0.0 1.0 0.0 1.0 0.0 0.9453085937499999 0.0 0.9453085937499999
0 0.0 1.0 0.0 1.0 0.0 0.81394078125 0.0 0.81394078125
0 0.0 0.6814368749999999 0.0 0.6814368749999999 0.0 0.38102234375000005 0.0 0.38102234375000005
0 0.0 0.8413393750000001 0.0 0.8413393750000001 0.0 0.66773890625 0.0 0.66773890625
0 0.0 0.84944109375 0.0 0.84944109375 0.0 0.5385984374999999 0.0 0.5385984374999999
0 0.0 0.4231478125 0.0 0.4231478125 0.0 0.17171656249999998 0.0 0.17171656249999998
