0 0.0 0.46727171875 0.0 0.46727171875 0.0 0.29760171875 0.0 0.29760171875
0 0.0 0.17459453125 0.0 0.17459453125 0.0 0.0 0.0 0.0
0 0.0 0.1516265625000001 0.0 0.1516265625000001 0.0 0.0 0.0 0.0
0 0.0 0.59722671875 0.0 0.59722671875 0.0 0.36178296874999993 0.0 0.36178296874999993
0 0.0 0.75044640625 0.0 0.75044640625 0.0 0.46115609375 0.0 0.46115609375
0 0.0 0.28381875 0.0 0.28381875 0.0 0.10642656250000009 0.0 0.10642656250000009
0 0.0 1.0 0.0 1.0 0.0 0.9351417187500001 0.0 0.9351417187500001
0 0.0 0.7892526562500001 0.0 0.7892526562500001 0.0 0.66835265625 0.0 0.66835265625
0 0.0 0.566160625 0.0 0.566160625 0.0 0.51961625 0.0 0.51961625
0 0.0 0.49399218749999996 0.0 0.49399218749999996 0.0 0.424183125 0.0 0.424183125
0 0.0 0.6247874999999999 0.0 0.6247874999999999 0.0 0.39942671875 0.0 0.39942671875
0 0.0 0.5596721875 0.0 0.5596721875 0.0 0.37362453125000006 0.0 0.37362453125000006
0 0.0 0.12228375000000007 0.08585468749999983 0.12228375000000007 0.0 0.0 0.08585468749999983 0.0
0 0.0 0.69044828125 0.0 0.69044828125 0.0 0.4563040625 0.0 0.4563040625
0 0.0 1.0 0.0 1.0 0.0 0.9021446875000001 0.0 0.9021446875000001
0 0.0 0.44826140625 0.0 0.44826140625 0.0 0.18904468750000003 0.0 0.18904468750000003
0 0.0 0.66558359375 0.0 0.66558359375 0.0 0.43378078125 0.0 0.43378078125
0 0.0 0.21705406249999992 0.0 0.21705406249999992 0.0 0.08658234374999996 0.0 0.08658234374999996
0 0.0 0.3835690625 0.0 0.3835690625 0.0 0.07431625000000004 0.0 0.07431625000000004
0 0.0 0.65192515625 0.0 0.65192515625 0.0 0.38817578125 0.0 0.38817578125
0 0.2775656250000001 0.45393390624999996 0.3171875 0.45393390624999996 0.2775656250000001 0.07604406249999993 0.3171875 0.07604406249999993
0 0.0 0.11260218749999992 0.0 0.11260218749999992 0.0 0.0 0.0 0.0
0 0.0 0.65690515625 0.0 0.65690515625 0.0 0.41588343749999995 0.0 0.41588343749999995
0 0.0 0.9325853125 0.0 0.9325853125 0.0 0.757620625 0.0 0.757620625
0 0.0 0.22595546874999997 0.0 0.22595546874999997 0.0 0.1056478125 0.0 0.1056478125
0 0.0 0.24790859375000007 0.0 0.24790859375000007 0.0 0.0 0.0 0.0
0 0.0 0.45857593750000003 0.0 0.45857593750000003 0.0 0.043826875000000064 0.0 0.043826875000000064
0 0.0 0.2543290624999999 0.0 0.2543290624999999 0.0 0.0 0.0 0.0
0 0.0 0.03877937500000002 0.0 0.03877937500000002 0.0 0.0 0.0 0.0
0 0.0 0.28818312499999993 0.0 0.28818312499999993 0.0 0.0 0.0 0.0
0 0.0 0.08855296875 0.0 0.08855296875 0.0 0.0 0.0 0.0
