0 0.45800859374999997 0.0 0.7241562500000001 0.0 0.45800859374999997 0.0 0.7241562500000001 0.0
0 0.94235 0.0 1.0 0.0 0.94235 0.0 1.0 0.0
0 0.8358828124999998 0.0 0.9146984374999999 0.0 0.8358828124999998 0.0 0.9146984374999999 0.0
0 0.0 0.1359375 0.38392578125 0.1359375 0.0 0.005527015624999976 0.38392578125 0.005527015624999976
0 0.5175178125000001 0.0 0.5937625000000001 0.0 0.5175178125000001 0.0 0.5937625000000001 0.0
0 0.0 0.0 0.05303984375000006 0.0 0.0 0.0 0.05303984375000006 0.0
0 0.8302234375000002 0.0 1.0 0.0 0.8302234375000002 0.0 1.0 0.0
0 0.2792767187500001 0.0 0.4498262499999999 0.0 0.2792767187500001 0.0 0.4498262499999999 0.0
0 0.0 0.050646078125000035 0.0 0.050646078125000035 0.0 0.0 0.0 0.0
0 0.05228625000000005 0.0 0.17389265624999997 0.0 0.05228625000000005 0.0 0.17389265624999997 0.0
0 0.0 0.1359375 0.0 0.1359375 0.0 0.0 0.0 0.0
0 0.18355890625000004 0.03147892187500005 0.6319531250000001 0.03147892187500005 0.18355890625000004 0.0 0.6319531250000001 0.0
0 0.07121796875000008 0.0 0.36302500000000004 0.0 0.07121796875000008 0.0 0.36302500000000004 0.0
0 0.7499312499999998 0.1359375 0.9802296875 0.1359375 0.7499312499999998 0.059459093749999956 0.9802296875 0.059459093749999956
0 0.9115312500000001 0.0 1.0 0.0 0.9115312500000001 0.0 1.0 0.0
