0 1.0 0.8479740625 1.0 0.8479740625 1.0 0.5832531249999999 1.0 0.5832531249999999
0 1.0 1.0 1.0 1.0 1.0 0.78882828125 1.0 0.78882828125
0 0.09500921874999993 0.51288171875 0.30915125000000004 0.51288171875 0.09500921874999993 0.2896803125 0.30915125000000004 0.2896803125
0 0.0 0.6707396875 0.0 0.6707396875 0.0 0.42076562500000003 0.0 0.42076562500000003
0 0.0 0.07460796875 0.0 0.07460796875 0.0 0.0 0.0 0.0
0 0.0 1.0 0.0 1.0 0.0 0.8215937499999999 0.0 0.8215937499999999
0 0.021445156250000076 1.0 0.27953921874999993 1.0 0.021445156250000076 1.0 0.27953921874999993 1.0
0 0.0 0.03306859375000002 0.0 0.03306859375000002 0.0 0.0 0.0 0.0
0 0.0 0.6286246875 0.0 0.6286246875 0.0 0.45220765625 0.0 0.45220765625
0 0.0 0.933981875 0.0 0.933981875 0.0 0.7013940625 0.0 0.7013940625
0 0.0 1.0 0.006737500000000019 1.0 0.0 0.9802569999999999 0.006737500000000019 0.9802569999999999
0 0.0 0.9470332812500001 0.0021265624999999844 0.9470332812500001 0.0 0.6838898437500001 0.0021265624999999844 0.6838898437500001
0 0.9329406250000002 0.8730825 1.0 0.8730825 0.9329406250000002 0.59621359375 1.0 0.59621359375
0 0.1333351562500001 0.19134718750000007 0.35269562499999996 0.19134718750000007 0.1333351562500001 0.0 0.35269562499999996 0.0
0 0.37465281249999993 1.0 0.5901875000000001 1.0 0.37465281249999993 0.7970065625 0.5901875000000001 0.7970065625
0 1.0 0.6229148437500001 1.0 0.6229148437500001 1.0 0.5680259375000001 1.0 0.5680259375000001
0 0.0 0.08154062500000006 0.0 0.08154062500000006 0.0 0.0 0.0 0.0
0 0.6254156250000001 0.9666279687499999 0.8486437500000001 0.9666279687499999 0.6254156250000001 0.7435271875 0.8486437500000001 0.7435271875
0 0.43870515625 0.2754975 0.6549609375 0.2754975 0.43870515625 0.03555718750000007 0.6549609375 0.03555718750000007
0 0.0 0.87768296875 0.0 0.87768296875 0.0 0.6249084375 0.0 0.6249084375
0 0.0 0.53351625 0.0 0.53351625 0.0 0.368995625 0.0 0.368995625
0 0.0 0.49473515625 0.0 0.49473515625 0.0 0.33483234374999993 0.0 0.33483234374999993
0 0.5015303125000001 0.723574375 0.7372796874999998 0.723574375 0.5015303125000001 0.49564578125000003 0.7372796874999998 0.49564578125000003
0 0.0 0.23863546875000008 0.0 0.23863546875000008 0.0 0.08476359374999998 0.0 0.08476359374999998
0 0.06746921874999998 0.94750953125 0.24035578125000007 0.94750953125 0.06746921874999998 0.7716787500000001 0.24035578125000007 0.7716787500000001
0 0.7707312500000001 0.9132831250000001 1.0 0.9132831250000001 0.7707312500000001 0.6045115625 1.0 0.6045115625
0 0.8950703125 0.22820140625000002 1.0 0.22820140625000002 0.8950703125 0.02968093750000005 1.0 0.02968093750000005
