0 0.19258750000000013 0.0 0.3171875 0.0 0.19258750000000013 0.0 0.3171875 0.0
0 0.05912031249999998 0.05934259374999993 0.3171875 0.05934259374999993 0.05912031249999998 0.0 0.3171875 0.0
0 0.0 0.04958378124999996 0.0 0.04958378124999996 0.0 0.0 0.0 0.0
0 0.0 0.1359375 0.0 0.1359375 0.0 0.04824231250000004 0.0 0.04824231250000004
0 0.0 0.1359375 0.0 0.1359375 0.0 0.0 0.0 0.0
0 0.0 0.0 0.20477968749999995 0.0 0.0 0.0 0.20477968749999995 0.0
0 0.0 0.012359859374999971 0.0 0.012359859374999971 0.0 0.0 0.0 0.0
0 0.04352968749999988 0.0 0.0992296875000001 0.0 0.04352968749999988 0.0 0.0992296875000001 0.0
0 0.0 0.0 0.07409531250000008 0.0 0.0 0.0 0.07409531250000008 0.0
0 0.0 0.1359375 0.0 0.1359375 0.0 0.08794898437499991 0.0 0.08794898437499991
0 0.0 0.0 0.0804578124999999 0.0 0.0 0.0 0.0804578124999999 0.0
