0 1.0 0.05934259374999993 1.0 0.05934259374999993 1.0 0.0 1.0 0.0
0 0.57942734375 0.0 0.8213056249999999 0.0 0.57942734375 0.0 0.8213056249999999 0.0
0 0.65923296875 0.0 0.9106518749999999 0.0 0.65923296875 0.0 0.9106518749999999 0.0
0 0.0 0.04958378124999996 0.02703009375 0.04958378124999996 0.0 0.0 0.02703009375 0.0
0 1.0 0.1359375 1.0 0.1359375 1.0 0.04824231250000004 1.0 0.04824231250000004
0 0.852119375 0.0 0.91411625 0.0 0.852119375 0.0 0.91411625 0.0
0 0.20943921875 0.0 0.3870003125 0.0 0.20943921875 0.0 0.3870003125 0.0
0 0.49572890625 0.0 0.70253953125 0.0 0.49572890625 0.0 0.70253953125 0.0
0 0.756730625 0.1359375 1.0 0.1359375 0.756730625 0.0 1.0 0.0
0 0.76003453125 0.0 1.0 0.0 0.76003453125 0.0 1.0 0.0
0 1.0 0.012359859374999971 1.0 0.012359859374999971 1.0 0.0 1.0 0.0
0 0.0 0.0 0.21162984375 0.0 0.0 0.0 0.21162984375 0.0
0 0.71871234375 0.0 0.9756829687499999 0.0 0.71871234375 0.0 0.9756829687499999 0.0
0 0.21810640625 0.0 0.3756878125 0.0 0.21810640625 0.0 0.3756878125 0.0
0 0.0 0.0 0.1434218125 0.0 0.0 0.0 0.1434218125 0.0
0 0.446981875 0.0 0.61457109375 0.0 0.446981875 0.0 0.61457109375 0.0
0 0.0 0.1359375 0.2366515625 0.1359375 0.0 0.08794898437499991 0.2366515625 0.08794898437499991
