0 0.2024434375 0.0 0.46643765625 0.0 0.2024434375 0.0 0.46643765625 0.0
0 0.9700946874999999 0.07465143750000003 1.0 0.07465143750000003 0.9700946874999999 0.0 1.0 0.0
0 1.0 0.1359375 1.0 0.1359375 1.0 0.11801146874999997 1.0 0.11801146874999997
0 1.0 0.06726206250000004 1.0 0.06726206250000004 1.0 0.0 1.0 0.0
0 1.0 0.1359375 1.0 0.1359375 1.0 0.046236031249999955 1.0 0.046236031249999955
0 0.029200999999999998 0.0 0.247155625 0.0 0.029200999999999998 0.0 0.247155625 0.0
0 0.7588259374999999 0.0 0.80436765625 0.0 0.7588259374999999 0.0 0.80436765625 0.0
0 0.22504906249999998 0.1359375 0.41036625000000004 0.1359375 0.22504906249999998 0.11474056249999993 0.41036625000000004 0.11474056249999993
0 0.9946964062499999 0.1359375 1.0 0.1359375 0.9946964062499999 0.0 1.0 0.0
0 0.0 0.1359375 0.09790845312499999 0.1359375 0.0 0.06302473437499997 0.09790845312499999 0.06302473437499997
0 0.18450828125000002 0.0 0.3607678125 0.0 0.18450828125000002 0.0 0.3607678125 0.0
0 0.704695625 0.0 0.97253546875 0.0 0.704695625 0.0 0.97253546875 0.0
0 0.9205403125 0.1359375 1.0 0.1359375 0.9205403125 0.0 1.0 0.0
0 0.9121570312499999 0.07407854687499996 1.0 0.07407854687499996 0.9121570312499999 0.0 1.0 0.0
0 1.0 0.1359375 1.0 0.1359375 1.0 0.06444729687499998 1.0 0.06444729687499998
0 0.0 0.1359375 0.17792546874999998 0.1359375 0.0 0.0 0.17792546874999998 0.0
0 0.0 0.0 0.35268734375 0.0 0.0 0.0 0.35268734375 0.0
0 0.68177109375 0.0 0.73847265625 0.0 0.68177109375 0.0 0.73847265625 0.0
0 0.27148203125000003 0.0 0.52908078125 0.0 0.27148203125000003 0.0 0.52908078125 0.0
0 0.091203 0.1359375 0.2201825 0.1359375 0.091203 0.08871651562499991 0.2201825 0.08871651562499991
0 0.141899078125 0.04255915624999993 0.35136765625 0.04255915624999993 0.141899078125 0.0 0.35136765625 0.0
0 0.78880609375 0.09559692187500009 1.0 0.09559692187500009 0.78880609375 0.0 1.0 0.0
0 1.0 0.1359375 1.0 0.1359375 1.0 0.12515863125000007 1.0 0.12515863125000007
