0 0.0 0.07465143750000003 0.1903978125 0.07465143750000003 0.0 0.0 0.1903978125 0.0
0 0.20156765624999995 0.0 0.44854578125 0.0 0.20156765624999995 0.0 0.44854578125 0.0
0 0.4419215625 0.0 0.8875140625 0.0 0.4419215625 0.0 0.8875140625 0.0
0 0.42944484374999997 0.1359375 0.6442812499999999 0.1359375 0.42944484374999997 0.11801146874999997 0.6442812499999999 0.11801146874999997
0 0.4857484375 0.06726206250000004 0.7149734375000001 0.06726206250000004 0.4857484375 0.0 0.7149734375000001 0.0
0 0.7200921874999999 0.1359375 1.0 0.1359375 0.7200921874999999 0.046236031249999955 1.0 0.046236031249999955
0 0.27826921875000005 0.0 0.7286781250000001 0.0 0.27826921875000005 0.0 0.7286781250000001 0.0
0 0.0 0.1359375 0.0 0.1359375 0.0 0.11474056249999993 0.0 0.11474056249999993
0 0.0 0.1359375 0.43653656250000006 0.1359375 0.0 0.0 0.43653656250000006 0.0
0 0.0 0.1359375 0.0 0.1359375 0.0 0.06302473437499997 0.0 0.06302473437499997
0 0.16894734375000003 0.0 0.43335296875000007 0.0 0.16894734375000003 0.0 0.43335296875000007 0.0
0 0.0 0.1359375 0.14745328124999996 0.1359375 0.0 0.0 0.14745328124999996 0.0
0 0.0 0.07407854687499996 0.10513234375000007 0.07407854687499996 0.0 0.0 0.10513234375000007 0.0
0 1.0 0.1359375 1.0 0.1359375 1.0 0.06444729687499998 1.0 0.06444729687499998
0 0.0 0.1359375 0.0 0.1359375 0.0 0.0 0.0 0.0
0 0.0 0.1359375 0.0 0.1359375 0.0 0.08871651562499991 0.0 0.08871651562499991
0 0.0 0.04255915624999993 0.0 0.04255915624999993 0.0 0.0 0.0 0.0
0 0.6197218750000001 0.0 0.9215312499999999 0.0 0.6197218750000001 0.0 0.9215312499999999 0.0
0 0.7051296874999998 0.0 1.0 0.0 0.7051296874999998 0.0 1.0 0.0
0 0.0 0.09559692187500009 0.07541093750000005 0.09559692187500009 0.0 0.0 0.07541093750000005 0.0
0 0.23726000000000003 0.0 0.31664703124999993 0.0 0.23726000000000003 0.0 0.31664703124999993 0.0
0 0.6990359375 0.1359375 0.8683015624999999 0.1359375 0.6990359375 0.12515863125000007 0.8683015624999999 0.12515863125000007
