0 0.0 0.07465143750000003 0.0 0.07465143750000003 0.0 0.0 0.0 0.0
0 0.0 0.1359375 0.0 0.1359375 0.0 0.11801146874999997 0.0 0.11801146874999997
0 0.0 0.06726206250000004 0.0 0.06726206250000004 0.0 0.0 0.0 0.0
0 0.0 0.1359375 0.01162031249999984 0.1359375 0.0 0.046236031249999955 0.01162031249999984 0.046236031249999955
0 0.0 0.1359375 0.0 0.1359375 0.0 0.11474056249999993 0.0 0.11474056249999993
0 0.0 0.1359375 0.0 0.1359375 0.0 0.0 0.0 0.0
0 0.0 0.1359375 0.0 0.1359375 0.0 0.06302473437499997 0.0 0.06302473437499997
0 0.243675 0.0 0.3171875 0.0 0.243675 0.0 0.3171875 0.0
0 0.0 0.1359375 0.0 0.1359375 0.0 0.0 0.0 0.0
0 0.0 0.07407854687499996 0.0 0.07407854687499996 0.0 0.0 0.0 0.0
0 0.031139062500000137 0.1359375 0.28329999999999983 0.1359375 0.031139062500000137 0.06444729687499998 0.28329999999999983 0.06444729687499998
0 0.0 0.1359375 0.0 0.1359375 0.0 0.0 0.0 0.0
0 0.0 0.1359375 0.0 0.1359375 0.0 0.08871651562499991 0.0 0.08871651562499991
0 0.0 0.04255915624999993 0.0 0.04255915624999993 0.0 0.0 0.0 0.0
0 0.0 0.0 0.1046875 0.0 0.0 0.0 0.1046875 0.0
0 0.0 0.09559692187500009 0.0 0.09559692187500009 0.0 0.0 0.0 0.0
0 0.0 0.1359375 0.0 0.1359375 0.0 0.12515863125000007 0.0 0.12515863125000007
