0 0.20500000000000007 0.1359375 0.3171875 0.1359375 0.20500000000000007 0.06759379687500004 0.3171875 0.06759379687500004
0 0.2748640625 0.10221664062499994 0.3171875 0.10221664062499994 0.2748640625 0.0 0.3171875 0.0
0 0.0 0.09709106250000002 0.0 0.09709106250000002 0.0 0.04567212499999993 0.0 0.04567212499999993
0 0.0 0.1359375 0.0 0.1359375 0.0 0.0 0.0 0.0
0 0.0 0.0 0.16151093749999995 0.0 0.0 0.0 0.16151093749999995 0.0
0 0.036115625000000054 0.0 0.3171875 0.0 0.036115625000000054 0.0 0.3171875 0.0
0 0.0 0.0362408125 0.0 0.0362408125 0.0 0.0 0.0 0.0
0 0.0 0.11055315624999995 0.0 0.11055315624999995 0.0 0.04473553125000009 0.0 0.04473553125000009
0 0.0 0.1359375 0.0 0.1359375 0.0 0.09287856249999997 0.0 0.09287856249999997
0 0.17441718749999993 0.0 0.3171875 0.0 0.17441718749999993 0.0 0.3171875 0.0
0 0.1873390624999999 0.0 0.3171875 0.0 0.1873390624999999 0.0 0.3171875 0.0
0 0.0 0.1359375 0.0 0.1359375 0.0 0.02747112499999993 0.0 0.02747112499999993
0 0.14398906250000004 0.0 0.2654531250000002 0.0 0.14398906250000004 0.0 0.2654531250000002 0.0
0 0.0 0.1359375 0.0 0.1359375 0.0 0.0 0.0 0.0
0 0.0 0.1359375 0.0 0.1359375 0.0 0.0 0.0 0.0
