0 0.85829546875 0.0 1.0 0.0 0.85829546875 0.0 1.0 0.0
0 0.34667671875 0.0 0.7415396875 0.0 0.34667671875 0.0 0.7415396875 0.0
0 0.48103468749999995 0.0 0.76932078125 0.0 0.48103468749999995 0.0 0.76932078125 0.0
0 0.93538953125 0.0 1.0 0.0 0.93538953125 0.0 1.0 0.0
0 1.0 0.1359375 1.0 0.1359375 1.0 0.0 1.0 0.0
0 0.0 0.1359375 0.184724375 0.1359375 0.0 0.10348985937500003 0.184724375 0.10348985937500003
0 1.0 0.1359375 1.0 0.1359375 1.0 0.11150545312499993 1.0 0.11150545312499993
0 0.46434625 0.0 0.7197564062499999 0.0 0.46434625 0.0 0.7197564062499999 0.0
0 0.60881453125 0.0 0.78181109375 0.0 0.60881453125 0.0 0.78181109375 0.0
0 1.0 0.08936296875000008 1.0 0.08936296875000008 1.0 0.03645778125000003 1.0 0.03645778125000003
0 0.41847015625 0.0 0.57609046875 0.0 0.41847015625 0.0 0.57609046875 0.0
0 0.9586221875 0.0 1.0 0.0 0.9586221875 0.0 1.0 0.0
0 0.96766734375 0.0 1.0 0.0 0.96766734375 0.0 1.0 0.0
0 0.2643478125 0.0 0.40673921875 0.0 0.2643478125 0.0 0.40673921875 0.0
