0 0.29852187500000016 0.1759301562499999 0.3171875 0.1759301562499999 0.29852187500000016 0.0 0.3171875 0.0
0 0.0 0.63029453125 0.0 0.63029453125 0.0 0.3992428125 0.0 0.3992428125
0 0.0 0.9277017187500001 0.0 0.9277017187500001 0.0 0.84902890625 0.0 0.84902890625
0 0.0 0.050510156250000014 0.0 0.050510156250000014 0.0 0.0 0.0 0.0
0 0.0 0.9471881249999999 0.0 0.9471881249999999 0.0 0.89135625 0.0 0.89135625
0 0.0 0.57226421875 0.0 0.57226421875 0.0 0.41498953125 0.0 0.41498953125
0 0.0 0.63601 0.0 0.63601 0.0 0.35337484375 0.0 0.35337484375
0 0.0 0.55477875 0.0 0.55477875 0.0 0.34132921875 0.0 0.34132921875
0 0.0 0.9297248437500001 0.0 0.9297248437500001 0.0 0.7141703125000001 0.0 0.7141703125000001
0 0.0 0.23724953124999998 0.0 0.23724953124999998 0.0 0.0 0.0 0.0
0 0.0 1.0 0.0 1.0 0.0 0.97012453125 0.0 0.97012453125
0 0.0 0.37794953124999997 0.0 0.37794953124999997 0.0 0.21185515625000004 0.0 0.21185515625000004
0 0.1297734375000001 0.8677721875 0.3003234375000002 0.8677721875 0.1297734375000001 0.697395 0.3003234375000002 0.697395
0 0.0 1.0 0.024390624999999843 1.0 0.0 1.0 0.024390624999999843 1.0
0 0.0 0.29662859375000006 0.0 0.29662859375000006 0.0 0.049353437499999944 0.0 0.049353437499999944
0 0.0 0.7894015624999999 0.0 0.7894015624999999 0.0 0.6171254687500001 0.0 0.6171254687500001
0 0.0 0.86375328125 0.0 0.86375328125 0.0 0.6992009375 0.0 0.6992009375
0 0.0 0.265898125 0.0 0.265898125 0.0 0.0011793750000000714 0.0 0.0011793750000000714
0 0.0 0.8505204687500001 0.0 0.8505204687500001 0.0 0.5873284375 0.0 0.5873284375
0 0.0 0.79627984375 0.0 0.79627984375 0.0 0.54135984375 0.0 0.54135984375
0 0.0 0.1414415625 0.0 0.1414415625 0.0 0.0 0.0 0.0
0 0.0 0.18774999999999994 0.0 0.18774999999999994 0.0 0.027522187499999972 0.0 0.027522187499999972
