0 0.03397187499999994 0.46080265625 0.1961046875000001 0.46080265625 0.03397187499999994 0.2892140625 0.1961046875000001 0.2892140625
0 0.0 0.8735412499999999 0.0 0.8735412499999999 0.0 0.7036134374999999 0.0 0.7036134374999999
0 0.0 0.8214553125 0.0 0.8214553125 0.0 0.5735040625 0.0 0.5735040625
0 0.0 0.38765328125 0.0 0.38765328125 0.0 0.09306390624999991 0.0 0.09306390624999991
0 0.0 0.9659026562499999 0.0 0.9659026562499999 0.0 0.7884778125 0.0 0.7884778125
0 0.0 0.38186046874999996 0.0 0.38186046874999996 0.0 0.1536196875 0.0 0.1536196875
0 0.0 0.63007703125 0.0 0.63007703125 0.0 0.37865140625000004 0.0 0.37865140625000004
0 0.0 1.0 0.13745312500000004 1.0 0.0 0.8673243750000001 0.13745312500000004 0.8673243750000001
0 0.0 0.672666875 0.0 0.672666875 0.0 0.50868078125 0.0 0.50868078125
0 0.0 0.39478359375 0.0415156249999999 0.39478359375 0.0 0.12105515624999992 0.0415156249999999 0.12105515624999992
0 0.0 1.0 0.0 1.0 0.0 0.8876121874999999 0.0 0.8876121874999999
0 0.0 0.2966629687499999 0.07294687499999988 0.2966629687499999 0.0 0.06426656249999993 0.07294687499999988 0.06426656249999993
0 0.0 0.65199265625 0.0 0.65199265625 0.0 0.35149984375 0.0 0.35149984375
0 0.0 0.27545390624999994 0.0 0.27545390624999994 0.0 0.13653828125 0.0 0.13653828125
0 0.006296874999999957 1.0 0.27300312499999996 1.0 0.006296874999999957 1.0 0.27300312499999996 1.0
0 0.0 0.8601840624999999 0.0 0.8601840624999999 0.0 0.56570125 0.0 0.56570125
0 0.09705468750000001 0.37990890625 0.2745531249999999 0.37990890625 0.09705468750000001 0.2028334375 0.2745531249999999 0.2028334375
0 0.0 0.9162687500000001 0.09301250000000003 0.9162687500000001 0.0 0.6880690625 0.09301250000000003 0.6880690625
0 0.0 1.0 0.0 1.0 0.0 0.7199340624999999 0.0 0.7199340624999999
0 0.0 0.94127984375 0.0 0.94127984375 0.0 0.65705140625 0.0 0.65705140625
0 0.0 0.56586265625 0.0 0.56586265625 0.0 0.3894478125 0.0 0.3894478125
