0 0.0 0.1359375 0.0 0.1359375 0.0 0.020039749999999933 0.0 0.020039749999999933
0 0.03397187499999994 0.0 0.1961046875000001 0.0 0.03397187499999994 0.0 0.1961046875000001 0.0
0 0.0 0.1359375 0.0 0.1359375 0.0 0.015000031249999957 0.0 0.015000031249999957
0 0.0 0.1359375 0.13745312500000004 0.1359375 0.0 0.0 0.13745312500000004 0.0
0 0.0 0.0 0.0415156249999999 0.0 0.0 0.0 0.0415156249999999 0.0
0 0.0 0.1359375 0.0 0.1359375 0.0 0.0 0.0 0.0
0 0.0 0.0 0.07294687499999988 0.0 0.0 0.0 0.07294687499999988 0.0
0 0.006296874999999957 0.1359375 0.27300312499999996 0.1359375 0.006296874999999957 0.0056941718750000096 0.27300312499999996 0.0056941718750000096
0 0.09705468750000001 0.0 0.2745531249999999 0.0 0.09705468750000001 0.0 0.2745531249999999 0.0
0 0.0 0.1359375 0.0 0.1359375 0.0 0.020607109374999943 0.0 0.020607109374999943
0 0.0 0.0 0.09301250000000003 0.0 0.0 0.0 0.09301250000000003 0.0
0 0.0 0.1359375 0.0 0.1359375 0.0 0.06889671874999995 0.0 0.06889671874999995
0 0.0 0.02878884374999995 0.0 0.02878884374999995 0.0 0.0 0.0 0.0
