0 0.0 0.0 0.2911190625 0.0 0.0 0.0 0.2911190625 0.0
0 0.9574468749999999 0.0 1.0 0.0 0.9574468749999999 0.0 1.0 0.0
0 0.79171875 0.022303828125 1.0 0.022303828125 0.79171875 0.0 1.0 0.0
0 0.5645115625 0.0 0.86693890625 0.0 0.5645115625 0.0 0.86693890625 0.0
0 0.4461478125 0.1359375 0.8955359375 0.1359375 0.4461478125 0.0 0.8955359375 0.0
0 0.0 0.0 0.28961000000000003 0.0 0.0 0.0 0.28961000000000003 0.0
0 0.0 0.0 0.053459984375000005 0.0 0.0 0.0 0.053459984375000005 0.0
0 1.0 0.1359375 1.0 0.1359375 1.0 0.0 1.0 0.0
0 0.0 0.0 0.038121265625 0.0 0.0 0.0 0.038121265625 0.0
0 0.339908125 0.0 0.6384559375000001 0.0 0.339908125 0.0 0.6384559375000001 0.0
0 0.148519234375 0.0 0.18787890625 0.0 0.148519234375 0.0 0.18787890625 0.0
0 0.9407612500000001 0.0 1.0 0.0 0.9407612500000001 0.0 1.0 0.0
0 0.40981453125 0.0 0.5543812499999999 0.0 0.40981453125 0.0 0.5543812499999999 0.0
0 0.14591414062500002 0.0 0.44485125 0.0 0.14591414062500002 0.0 0.44485125 0.0
0 0.844226875 0.0 1.0 0.0 0.844226875 0.0 1.0 0.0
0 0.5072996875 0.0 0.7740065625 0.0 0.5072996875 0.0 0.7740065625 0.0
0 0.44810109374999996 0.1359375 0.8699520312500001 0.1359375 0.44810109374999996 0.0 0.8699520312500001 0.0
0 1.0 0.1359375 1.0 0.1359375 1.0 0.06013284374999994 1.0 0.06013284374999994
0 1.0 0.1359375 1.0 0.1359375 1.0 0.03427784374999998 1.0 0.03427784374999998
0 0.44248468750000003 0.0 0.6696139062500001 0.0 0.44248468750000003 0.0 0.6696139062500001 0.0
0 0.0692250625 0.0 0.302060625 0.0 0.0692250625 0.0 0.302060625 0.0
