0 0.21808281250000014 0.0 0.3171875 0.0 0.21808281250000014 0.0 0.3171875 0.0
0 0.0 0.10530028125000009 0.0 0.10530028125000009 0.0 0.0 0.0 0.0
0 0.0 0.0 0.10236718750000015 0.0 0.0 0.0 0.10236718750000015 0.0
0 0.31517187500000005 0.0 0.3171875 0.0 0.31517187500000005 0.0 0.3171875 0.0
0 0.0 0.10524718750000002 0.0 0.10524718750000002 0.0 0.0 0.0 0.0
0 0.18664843749999988 0.0 0.3171875 0.0 0.18664843749999988 0.0 0.3171875 0.0
0 0.0 0.13188175781249994 0.0 0.13188175781249994 0.0 0.0 0.0 0.0
0 0.0 0.1359375 0.0 0.1359375 0.0 0.031149031250000014 0.0 0.031149031250000014
0 0.12210781249999983 0.0 0.3171875 0.0 0.12210781249999983 0.0 0.3171875 0.0
0 0.31717031250000005 0.02722681250000001 0.3171875 0.02722681250000001 0.31717031250000005 0.0 0.3171875 0.0
0 0.0 0.0 0.21905937500000014 0.0 0.0 0.0 0.21905937500000014 0.0
0 0.04110781249999995 0.0 0.20275468749999986 0.0 0.04110781249999995 0.0 0.20275468749999986 0.0
0 0.0 0.0 0.06225312500000015 0.0 0.0 0.0 0.06225312500000015 0.0
0 0.0 0.12157567656250005 0.0 0.12157567656250005 0.0 0.04700276562500001 0.0 0.04700276562500001
0 0.24128281250000008 0.0 0.2907937499999999 0.0 0.24128281250000008 0.0 0.2907937499999999 0.0
