0 1.0 0.779274375 1.0 0.779274375 1.0 0.33427671875 1.0 0.33427671875
0 0.0 0.57092421875 0.0 0.57092421875 0.0 0.37481687499999994 0.0 0.37481687499999994
0 0.0 1.0 0.0 1.0 0.0 0.89808 0.0 0.89808
0 0.0 0.17010000000000006 0.0 0.17010000000000006 0.0 0.0 0.0 0.0
0 0.9828640624999998 0.9183828125 1.0 0.9183828125 0.9828640624999998 0.7870532812500001 1.0 0.7870532812500001
0 0.0 0.24898249999999997 0.0 0.24898249999999997 0.0 0.0 0.0 0.0
0 1.0 0.0006104687500000594 1.0 0.0006104687500000594 1.0 0.0 1.0 0.0
0 0.0 0.9067995312499999 0.0 0.9067995312499999 0.0 0.7164578125000001 0.0 0.7164578125000001
0 0.0 1.0 0.0 1.0 0.0 0.73514984375 0.0 0.73514984375
0 1.0 0.6640962499999999 1.0 0.6640962499999999 1.0 0.3324887500000001 1.0 0.3324887500000001
0 0.0 0.8360865625 0.0 0.8360865625 0.0 0.5951028125 0.0 0.5951028125
0 0.22687609374999998 1.0 0.44352125000000003 1.0 0.22687609374999998 0.94506578125 0.44352125000000003 0.94506578125
0 0.0 1.0 0.09620796874999993 1.0 0.0 1.0 0.09620796874999993 1.0
0 0.0 0.81422140625 0.0 0.81422140625 0.0 0.3732884375 0.0 0.3732884375
0 0.8355796874999999 0.015010468750000071 0.908640625 0.015010468750000071 0.8355796874999999 0.0 0.908640625 0.0
0 0.3665871875000001 0.438238125 0.7060671875000001 0.438238125 0.3665871875000001 0.11379484375000004 0.7060671875000001 0.11379484375000004
0 1.0 0.89917765625 1.0 0.89917765625 1.0 0.58903859375 1.0 0.58903859375
0 1.0 1.0 1.0 1.0 1.0 0.75730265625 1.0 0.75730265625
0 0.0 0.44744796875 0.0 0.44744796875 0.0 0.15412453124999992 0.0 0.15412453124999992
0 0.0 0.81700078125 0.0 0.81700078125 0.0 0.6800278125 0.0 0.6800278125
0 0.36454734375 0.937380625 0.5971171875 0.937380625 0.36454734375 0.70498578125 0.5971171875 0.70498578125
0 0.0 0.12440140624999999 0.0 0.12440140624999999 0.0 0.0 0.0 0.0
0 0.8058828125000002 0.6601809375000001 0.9574781250000001 0.6601809375000001 0.8058828125000002 0.49409484375 0.9574781250000001 0.49409484375
0 0.0 0.616205 0.0 0.616205 0.0 0.34891734375 0.0 0.34891734375
0 0.0 0.4856859375 0.0 0.4856859375 0.0 0.31685515624999994 0.0 0.31685515624999994
0 0.0 0.69467375 0.0 0.69467375 0.0 0.6155275 0.0 0.6155275
0 0.9129562499999999 0.8641701562499999 1.0 0.8641701562499999 0.9129562499999999 0.566471875 1.0 0.566471875
0 0.0 0.5099246875000001 0.0 0.5099246875000001 0.0 0.33650640625 0.0 0.33650640625
0 0.0 0.47976359375 0.0 0.47976359375 0.0 0.20297468750000008 0.0 0.20297468750000008
0 1.0 0.47468640625 1.0 0.47468640625 1.0 0.3304265624999999 1.0 0.3304265624999999
0 0.6688875 0.559650625 1.0 0.559650625 0.6688875 0.15626250000000005 1.0 0.15626250000000005
0 0.0 0.89125796875 0.0 0.89125796875 0.0 0.6875253125 0.0 0.6875253125
0 1.0 0.10217124999999996 1.0 0.10217124999999996 1.0 0.051107343750000034 1.0 0.051107343750000034
0 0.0 0.6736528125000001 0.0 0.6736528125000001 0.0 0.4393878125 0.0 0.4393878125
0 0.0 0.09607546874999998 0.0 0.09607546874999998 0.0 0.0 0.0 0.0
