0 0.21808281250000014 0.779274375 0.3171875 0.779274375 0.21808281250000014 0.33427671875 0.3171875 0.33427671875
0 0.0 0.57092421875 0.0 0.57092421875 0.0 0.37481687499999994 0.0 0.37481687499999994
0 0.0 1.0 0.0 1.0 0.0 0.89808 0.0 0.89808
0 0.0 0.17010000000000006 0.0 0.17010000000000006 0.0 0.0 0.0 0.0
0 0.0 0.9183828125 0.10236718750000015 0.9183828125 0.0 0.7870532812500001 0.10236718750000015 0.7870532812500001
0 0.0 0.24898249999999997 0.0 0.24898249999999997 0.0 0.0 0.0 0.0
0 0.31517187500000005 0.0006104687500000594 0.3171875 0.0006104687500000594 0.31517187500000005 0.0 0.3171875 0.0
0 0.0 0.9067995312499999 0.0 0.9067995312499999 0.0 0.7164578125000001 0.0 0.7164578125000001
0 0.0 1.0 0.0 1.0 0.0 0.73514984375 0.0 0.73514984375
0 0.18664843749999988 0.6640962499999999 0.3171875 0.6640962499999999 0.18664843749999988 0.3324887500000001 0.3171875 0.3324887500000001
0 0.0 0.8360865625 0.0 0.8360865625 0.0 0.5951028125 0.0 0.5951028125
0 0.0 1.0 0.0 1.0 0.0 0.94506578125 0.0 0.94506578125
0 0.0 0.81422140625 0.0 0.81422140625 0.0 0.3732884375 0.0 0.3732884375
0 0.0 0.015010468750000071 0.0 0.015010468750000071 0.0 0.0 0.0 0.0
0 0.0 0.438238125 0.0 0.438238125 0.0 0.11379484375000004 0.0 0.11379484375000004
0 0.12210781249999983 0.89917765625 0.3171875 0.89917765625 0.12210781249999983 0.58903859375 0.3171875 0.58903859375
0 0.31717031250000005 1.0 0.3171875 1.0 0.31717031250000005 0.75730265625 0.3171875 0.75730265625
0 0.0 0.44744796875 0.0 0.44744796875 0.0 0.15412453124999992 0.0 0.15412453124999992
0 0.0 0.81700078125 0.0 0.81700078125 0.0 0.6800278125 0.0 0.6800278125
0 0.0 0.937380625 0.0 0.937380625 0.0 0.70498578125 0.0 0.70498578125
0 0.0 0.12440140624999999 0.0 0.12440140624999999 0.0 0.0 0.0 0.0
0 0.0 0.6601809375000001 0.0 0.6601809375000001 0.0 0.49409484375 0.0 0.49409484375
0 0.0 0.616205 0.0 0.616205 0.0 0.34891734375 0.0 0.34891734375
0 0.0 0.4856859375 0.0 0.4856859375 0.0 0.31685515624999994 0.0 0.31685515624999994
0 0.0 0.69467375 0.0 0.69467375 0.0 0.6155275 0.0 0.6155275
0 0.0 0.8641701562499999 0.21905937500000014 0.8641701562499999 0.0 0.566471875 0.21905937500000014 0.566471875
0 0.0 0.5099246875000001 0.0 0.5099246875000001 0.0 0.33650640625 0.0 0.33650640625
0 0.0 0.47976359375 0.0 0.47976359375 0.0 0.20297468750000008 0.0 0.20297468750000008
0 0.04110781249999995 0.47468640625 0.20275468749999986 0.47468640625 0.04110781249999995 0.3304265624999999 0.20275468749999986 0.3304265624999999
0 0.0 0.559650625 0.06225312500000015 0.559650625 0.0 0.15626250000000005 0.06225312500000015 0.15626250000000005
0 0.0 0.89125796875 0.0 0.89125796875 0.0 0.6875253125 0.0 0.6875253125
0 0.24128281250000008 0.10217124999999996 0.2907937499999999 0.10217124999999996 0.24128281250000008 0.051107343750000034 0.2907937499999999 0.051107343750000034
0 0.0 0.6736528125000001 0.0 0.6736528125000001 0.0 0.4393878125 0.0 0.4393878125
0 0.0 0.09607546874999998 0.0 0.09607546874999998 0.0 0.0 0.0 0.0
