0 1.0 0.779274375 1.0 0.779274375 1.0 0.33427671875 1.0 0.33427671875
0 0.46713421874999994 0.57092421875 0.6753242187499999 0.57092421875 0.46713421874999994 0.37481687499999994 0.6753242187499999 0.37481687499999994
0 0.24983624999999998 1.0 0.45716203125000004 1.0 0.24983624999999998 0.89808 0.45716203125000004 0.89808
0 0.58755984375 0.17010000000000006 0.8289546874999999 0.17010000000000006 0.58755984375 0.0 0.8289546874999999 0.0
0 1.0 0.9183828125 1.0 0.9183828125 1.0 0.7870532812500001 1.0 0.7870532812500001
0 0.50660421875 0.24898249999999997 0.776536875 0.24898249999999997 0.50660421875 0.0 0.776536875 0.0
0 1.0 0.0006104687500000594 1.0 0.0006104687500000594 1.0 0.0 1.0 0.0
0 0.08382854687499999 0.9067995312499999 0.28434484375 0.9067995312499999 0.08382854687499999 0.7164578125000001 0.28434484375 0.7164578125000001
0 0.07392748437499999 1.0 0.43132921875 1.0 0.07392748437499999 0.73514984375 0.43132921875 0.73514984375
0 1.0 0.6640962499999999 1.0 0.6640962499999999 1.0 0.3324887500000001 1.0 0.3324887500000001
0 0.66262421875 0.8360865625 0.903295 0.8360865625 0.66262421875 0.5951028125 0.903295 0.5951028125
0 1.0 1.0 1.0 1.0 1.0 0.94506578125 1.0 0.94506578125
0 0.8983526562499999 1.0 1.0 1.0 0.8983526562499999 1.0 1.0 1.0
0 0.0 0.81422140625 0.1870975 0.81422140625 0.0 0.3732884375 0.1870975 0.3732884375
0 1.0 0.015010468750000071 1.0 0.015010468750000071 1.0 0.0 1.0 0.0
0 1.0 0.438238125 1.0 0.438238125 1.0 0.11379484375000004 1.0 0.11379484375000004
0 1.0 0.89917765625 1.0 0.89917765625 1.0 0.58903859375 1.0 0.58903859375
0 1.0 1.0 1.0 1.0 1.0 0.75730265625 1.0 0.75730265625
0 0.64635390625 0.44744796875 0.9430554687500001 0.44744796875 0.64635390625 0.15412453124999992 0.9430554687500001 0.15412453124999992
0 0.5350368750000001 0.81700078125 0.6917128124999999 0.81700078125 0.5350368750000001 0.6800278125 0.6917128124999999 0.6800278125
0 1.0 0.937380625 1.0 0.937380625 1.0 0.70498578125 1.0 0.70498578125
0 0.7575925 0.12440140624999999 0.9153109374999999 0.12440140624999999 0.7575925 0.0 0.9153109374999999 0.0
0 1.0 0.6601809375000001 1.0 0.6601809375000001 1.0 0.49409484375 1.0 0.49409484375
0 0.0 0.616205 0.058100937500000005 0.616205 0.0 0.34891734375 0.058100937500000005 0.34891734375
0 0.7333096875 0.4856859375 0.88974609375 0.4856859375 0.7333096875 0.31685515624999994 0.88974609375 0.31685515624999994
0 0.586495625 0.69467375 0.66549265625 0.69467375 0.586495625 0.6155275 0.66549265625 0.6155275
0 1.0 0.8641701562499999 1.0 0.8641701562499999 1.0 0.566471875 1.0 0.566471875
0 0.7705576562500001 0.5099246875000001 0.9384071875 0.5099246875000001 0.7705576562500001 0.33650640625 0.9384071875 0.33650640625
0 0.28309734375 0.47976359375 0.55484953125 0.47976359375 0.28309734375 0.20297468750000008 0.55484953125 0.20297468750000008
0 1.0 0.47468640625 1.0 0.47468640625 1.0 0.3304265624999999 1.0 0.3304265624999999
0 1.0 0.559650625 1.0 0.559650625 1.0 0.15626250000000005 1.0 0.15626250000000005
0 0.71029953125 1.0 0.7841775 1.0 0.71029953125 1.0 0.7841775 1.0
0 0.13600075 0.89125796875 0.35075781250000004 0.89125796875 0.13600075 0.6875253125 0.35075781250000004 0.6875253125
0 1.0 0.10217124999999996 1.0 0.10217124999999996 1.0 0.051107343750000034 1.0 0.051107343750000034
0 0.20123921875 0.6736528125000001 0.4547265625 0.6736528125000001 0.20123921875 0.4393878125 0.4547265625 0.4393878125
0 0.38853624999999997 0.09607546874999998 0.666179375 0.09607546874999998 0.38853624999999997 0.0 0.666179375 0.0
