0 0.24831874999999998 0.0 0.4133856249999999 0.0 0.24831874999999998 0.0 0.4133856249999999 0.0
0 1.0 0.031010109374999928 1.0 0.031010109374999928 1.0 0.0 1.0 0.0
0 0.0 0.0 0.04473687500000008 0.0 0.0 0.0 0.04473687500000008 0.0
0 0.20932109375000002 0.028172546875000037 0.4740103124999999 0.028172546875000037 0.20932109375000002 0.0 0.4740103124999999 0.0
0 0.23151171875000004 0.0 0.28283640625000006 0.0 0.23151171875000004 0.0 0.28283640625000006 0.0
0 0.0 0.0 0.12040140625000006 0.0 0.0 0.0 0.12040140625000006 0.0
0 0.08263031250000008 0.06918121875000001 0.30162421874999995 0.06918121875000001 0.08263031250000008 0.0 0.30162421874999995 0.0
0 0.18671281250000007 0.0 0.23191218750000003 0.0 0.18671281250000007 0.0 0.23191218750000003 0.0
0 0.2561271874999999 0.0 0.492610625 0.0 0.2561271874999999 0.0 0.492610625 0.0
0 0.8954546874999998 0.0 0.9481015625000001 0.0 0.8954546874999998 0.0 0.9481015625000001 0.0
0 0.9806359375 0.0 1.0 0.0 0.9806359375 0.0 1.0 0.0
0 0.6895140625 0.0003269375000000352 0.9011515625000002 0.0003269375000000352 0.6895140625 0.0 0.9011515625000002 0.0
0 0.0 0.08761132812499994 0.0 0.08761132812499994 0.0 0.0 0.0 0.0
0 0.7719046875 0.0 1.0 0.0 0.7719046875 0.0 1.0 0.0
0 0.7313953125000001 0.0 0.9431562499999998 0.0 0.7313953125000001 0.0 0.9431562499999998 0.0
0 0.0 0.0 0.20991015624999995 0.0 0.0 0.0 0.20991015624999995 0.0
0 0.9452921875000001 0.0 1.0 0.0 0.9452921875000001 0.0 1.0 0.0
0 0.0 0.015256328124999996 0.0 0.015256328124999996 0.0 0.0 0.0 0.0
0 0.15916015624999993 0.1359375 0.4694268750000001 0.1359375 0.15916015624999993 0.09331350000000001 0.4694268750000001 0.09331350000000001
0 0.0 0.1359375 0.33819999999999995 0.1359375 0.0 0.0 0.33819999999999995 0.0
0 0.6346531250000002 0.0 0.8751234374999999 0.0 0.6346531250000002 0.0 0.8751234374999999 0.0
0 0.6683046874999998 0.0 0.935234375 0.0 0.6683046874999998 0.0 0.935234375 0.0
0 0.6295625000000001 0.0 0.8882703124999999 0.0 0.6295625000000001 0.0 0.8882703124999999 0.0
0 0.7951125000000001 0.1359375 1.0 0.1359375 0.7951125000000001 0.049761015624999946 1.0 0.049761015624999946
