0 0.0 0.75014953125 0.0 0.75014953125 0.0 0.5447143750000001 0.0 0.5447143750000001
0 0.0 0.21044203125000002 0.0 0.21044203125000002 0.0 0.03018234374999995 0.0 0.03018234374999995
0 0.2410499999999999 1.0 0.3171875 1.0 0.2410499999999999 0.86909609375 0.3171875 0.86909609375
0 0.0 0.3329759375 0.0 0.3329759375 0.0 0.08899703124999991 0.0 0.08899703124999991
0 0.0 1.0 0.0 1.0 0.0 0.76468265625 0.0 0.76468265625
0 0.0 0.03407453124999993 0.0 0.03407453124999993 0.0 0.0 0.0 0.0
0 0.0 0.28437375 0.0 0.28437375 0.0 0.048210312500000005 0.0 0.048210312500000005
0 0.0 0.48616125 0.0 0.48616125 0.0 0.26717421874999997 0.0 0.26717421874999997
0 0.0 1.0 0.0 1.0 0.0 0.8795245312500001 0.0 0.8795245312500001
0 0.19789375000000006 0.434141875 0.3171875 0.434141875 0.19789375000000006 0.2008198437500001 0.3171875 0.2008198437500001
0 0.0 0.16036265625000007 0.0 0.16036265625000007 0.0 0.11734890624999998 0.0 0.11734890624999998
0 0.0 0.57596921875 0.0 0.57596921875 0.0 0.36044734375000004 0.0 0.36044734375000004
0 0.0 0.8678795312500001 0.0 0.8678795312500001 0.0 0.625230625 0.0 0.625230625
0 0.0 0.21739109375000004 0.0 0.21739109375000004 0.0 0.166160625 0.0 0.166160625
0 0.0 0.9020546875000001 0.0 0.9020546875000001 0.0 0.6448699999999999 0.0 0.6448699999999999
0 0.0 0.6881425 0.0 0.6881425 0.0 0.4552940625 0.0 0.4552940625
0 0.0 0.81673015625 0.25094062500000014 0.81673015625 0.0 0.54856671875 0.25094062500000014 0.54856671875
0 0.0 1.0 0.0 1.0 0.0 0.7639528125 0.0 0.7639528125
0 0.0 1.0 0.0 1.0 0.0 0.79256828125 0.0 0.79256828125
0 0.0 0.8321504687499999 0.07905781249999996 0.8321504687499999 0.0 0.5326153125 0.07905781249999996 0.5326153125
0 0.0 0.49555875 0.0 0.49555875 0.0 0.25865718750000005 0.0 0.25865718750000005
0 0.0 0.4836003125 0.0 0.4836003125 0.0 0.24866546874999998 0.0 0.24866546874999998
0 0.0 0.330125625 0.3171875 0.330125625 0.0 0.0 0.3171875 0.0
0 0.0 1.0 0.0 1.0 0.0 0.76178625 0.0 0.76178625
0 0.0 0.019923437499999964 0.0 0.019923437499999964 0.0 0.0 0.0 0.0
0 0.0 1.0 0.0 1.0 0.0 0.9624082812499999 0.0 0.9624082812499999
0 0.0 0.13123062500000007 0.0 0.13123062500000007 0.0 0.0 0.0 0.0
0 0.0 0.49175703125 0.0 0.49175703125 0.0 0.27517765625 0.0 0.27517765625
0 0.1156140624999999 0.8597510937500001 0.19463749999999996 0.8597510937500001 0.1156140624999999 0.78058515625 0.19463749999999996 0.78058515625
0 0.0 0.27474875 0.0 0.27474875 0.0 0.0 0.0 0.0
0 0.0 0.61946953125 0.0 0.61946953125 0.0 0.34914562499999996 0.0 0.34914562499999996
0 0.0 0.9599421875 0.0 0.9599421875 0.0 0.68299421875 0.0 0.68299421875
0 0.0 1.0 0.021954687499999893 1.0 0.0 1.0 0.021954687499999893 1.0
