0 0.7199953125 0.0 1.0 0.0 0.7199953125 0.0 1.0 0.0
0 0.39482171874999994 0.061995718750000074 0.6116531250000001 0.061995718750000074 0.39482171874999994 0.0 0.6116531250000001 0.0
0 0.74864375 0.1359375 1.0 0.1359375 0.74864375 0.0 1.0 0.0
0 0.6028296874999999 0.1359375 0.8726406250000001 0.1359375 0.6028296874999999 0.023659312500000064 0.8726406250000001 0.023659312500000064
0 0.0 0.08120115625000005 0.0 0.08120115625000005 0.0 0.0 0.0 0.0
0 0.6728765625000002 0.0 0.870809375 0.0 0.6728765625000002 0.0 0.870809375 0.0
0 0.39708406249999995 0.0 0.6992265625000001 0.0 0.39708406249999995 0.0 0.6992265625000001 0.0
0 0.019810156249999978 0.0 0.32996656249999995 0.0 0.019810156249999978 0.0 0.32996656249999995 0.0
0 0.41964046874999994 0.1359375 0.6710437500000002 0.1359375 0.41964046874999994 0.04115773437500003 0.6710437500000002 0.04115773437500003
0 0.0 0.12273768437499992 0.0 0.12273768437499992 0.0 0.05394443750000004 0.0 0.05394443750000004
0 1.0 0.09517459375000001 1.0 0.09517459375000001 1.0 0.0 1.0 0.0
0 0.16236250000000005 0.0 0.4311045312499999 0.0 0.16236250000000005 0.0 0.4311045312499999 0.0
0 0.4890854687499999 0.0 0.602853125 0.0 0.4890854687499999 0.0 0.602853125 0.0
0 0.0 0.09359989062499992 0.0 0.09359989062499992 0.0 0.014920000000000044 0.0 0.014920000000000044
0 0.49230812499999993 0.06376745312499991 0.7465109375000001 0.06376745312499991 0.49230812499999993 0.0 0.7465109375000001 0.0
0 0.44923578124999997 0.0 0.7464124999999999 0.0 0.44923578124999997 0.0 0.7464124999999999 0.0
0 0.6926390625 0.0 0.9802890625 0.0 0.6926390625 0.0 0.9802890625 0.0
0 0.21591031249999998 0.0 0.5653234375 0.0 0.21591031249999998 0.0 0.5653234375 0.0
0 0.0 0.0 0.25552875 0.0 0.0 0.0 0.25552875 0.0
0 0.4174496875000001 0.0 0.57865 0.0 0.4174496875000001 0.0 0.57865 0.0
0 0.9846374999999998 0.0 1.0 0.0 0.9846374999999998 0.0 1.0 0.0
0 0.0 0.0 0.15513281249999994 0.0 0.0 0.0 0.15513281249999994 0.0
0 0.31488156249999993 0.0 0.5709515625 0.0 0.31488156249999993 0.0 0.5709515625 0.0
