0 0.06617284375 0.0 0.1128263125 0.0 0.06617284375 0.0 0.1128263125 0.0
0 1.0 0.061995718750000074 1.0 0.061995718750000074 1.0 0.0 1.0 0.0
0 1.0 0.1359375 1.0 0.1359375 1.0 0.0 1.0 0.0
0 0.3824828125 0.0 0.5631665625 0.0 0.3824828125 0.0 0.5631665625 0.0
0 1.0 0.1359375 1.0 0.1359375 1.0 0.023659312500000064 1.0 0.023659312500000064
0 0.55601109375 0.0 0.9316150000000001 0.0 0.55601109375 0.0 0.9316150000000001 0.0
0 0.033431015625 0.08120115625000005 0.20199625000000002 0.08120115625000005 0.033431015625 0.0 0.20199625000000002 0.0
0 1.0 0.1359375 1.0 0.1359375 1.0 0.04115773437500003 1.0 0.04115773437500003
0 0.0 0.0 0.22979625 0.0 0.0 0.0 0.22979625 0.0
0 0.33241375 0.12273768437499992 0.402276875 0.12273768437499992 0.33241375 0.05394443750000004 0.402276875 0.05394443750000004
0 1.0 0.09517459375000001 1.0 0.09517459375000001 1.0 0.0 1.0 0.0
0 0.734855 0.09359989062499992 0.81327546875 0.09359989062499992 0.734855 0.014920000000000044 0.81327546875 0.014920000000000044
0 0.3866775 0.0 0.61536765625 0.0 0.3866775 0.0 0.61536765625 0.0
0 1.0 0.06376745312499991 1.0 0.06376745312499991 1.0 0.0 1.0 0.0
0 0.95057078125 0.0 1.0 0.0 0.95057078125 0.0 1.0 0.0
0 0.6740675 0.0 0.716774375 0.0 0.6740675 0.0 0.716774375 0.0
0 0.9614198437500001 0.0 1.0 0.0 0.9614198437500001 0.0 1.0 0.0
