0 1.0 0.10037089062500008 1.0 0.10037089062500008 1.0 0.04404281250000004 1.0 0.04404281250000004
0 1.0 0.06741162500000009 1.0 0.06741162500000009 1.0 0.0 1.0 0.0
0 1.0 0.1359375 1.0 0.1359375 1.0 0.0 1.0 0.0
0 0.087766875 0.0 0.26661546875000003 0.0 0.087766875 0.0 0.26661546875000003 0.0
0 0.2937859375 0.0 0.5189123437500001 0.0 0.2937859375 0.0 0.5189123437500001 0.0
0 1.0 0.035349328124999954 1.0 0.035349328124999954 1.0 0.0 1.0 0.0
0 0.9159651562500001 0.0 1.0 0.0 0.9159651562500001 0.0 1.0 0.0
0 0.50769046875 0.0 0.8141596874999999 0.0 0.50769046875 0.0 0.8141596874999999 0.0
0 0.044925312499999995 0.0 0.42193828125 0.0 0.044925312499999995 0.0 0.42193828125 0.0
0 0.0 0.0 0.135921984375 0.0 0.0 0.0 0.135921984375 0.0
0 1.0 0.05670678124999995 1.0 0.05670678124999995 1.0 0.0 1.0 0.0
0 0.7484209374999999 0.0 1.0 0.0 0.7484209374999999 0.0 1.0 0.0
0 0.3865090625 0.0 0.69644984375 0.0 0.3865090625 0.0 0.69644984375 0.0
0 1.0 0.003464859374999918 1.0 0.003464859374999918 1.0 0.0 1.0 0.0
0 0.369956875 0.0 0.7093875 0.0 0.369956875 0.0 0.7093875 0.0
0 0.18964875 0.1359375 0.46126750000000005 0.1359375 0.18964875 0.0 0.46126750000000005 0.0
0 0.6743859375000001 0.0 0.74217390625 0.0 0.6743859375000001 0.0 0.74217390625 0.0
0 0.731646875 0.0 0.7774639062500001 0.0 0.731646875 0.0 0.7774639062500001 0.0
0 0.7368267187499999 0.0 0.93959890625 0.0 0.7368267187499999 0.0 0.93959890625 0.0
0 0.510105625 0.0 0.738613125 0.0 0.510105625 0.0 0.738613125 0.0
0 0.9928748437499999 0.1359375 1.0 0.1359375 0.9928748437499999 0.0 1.0 0.0
0 1.0 0.020156312499999985 1.0 0.020156312499999985 1.0 0.0 1.0 0.0
0 0.42705187499999997 0.0 0.6358896875 0.0 0.42705187499999997 0.0 0.6358896875 0.0
