0 0.9354671875000001 0.10037089062500008 0.9913062499999998 0.10037089062500008 0.9354671875000001 0.04404281250000004 0.9913062499999998 0.04404281250000004
0 0.3911528125 0.06741162500000009 0.6094234374999999 0.06741162500000009 0.3911528125 0.0 0.6094234374999999 0.0
0 0.814471875 0.0 1.0 0.0 0.814471875 0.0 1.0 0.0
0 0.810290625 0.0 1.0 0.0 0.810290625 0.0 1.0 0.0
0 1.0 0.1359375 1.0 0.1359375 1.0 0.0 1.0 0.0
0 0.5705578125 0.035349328124999954 0.6182906249999999 0.035349328124999954 0.5705578125 0.0 0.6182906249999999 0.0
0 0.0 0.0 0.15628375000000005 0.0 0.0 0.0 0.15628375000000005 0.0
0 0.9998625000000001 0.05670678124999995 1.0 0.05670678124999995 0.9998625000000001 0.0 1.0 0.0
0 0.0 0.0 0.049112500000000024 0.0 0.0 0.0 0.049112500000000024 0.0
0 0.3246537500000001 0.0 0.7600140625000001 0.0 0.3246537500000001 0.0 0.7600140625000001 0.0
0 0.20375171875000006 0.0 0.45303671874999996 0.0 0.20375171875000006 0.0 0.45303671874999996 0.0
0 0.8311234375000002 0.0 1.0 0.0 0.8311234375000002 0.0 1.0 0.0
0 0.16037265625000002 0.0 0.3817565625 0.0 0.16037265625000002 0.0 0.3817565625 0.0
0 0.6065265624999998 0.0 0.8424140625 0.0 0.6065265624999998 0.0 0.8424140625 0.0
0 0.07050343750000003 0.003464859374999918 0.29239046875 0.003464859374999918 0.07050343750000003 0.0 0.29239046875 0.0
0 0.0 0.1359375 0.0 0.1359375 0.0 0.0 0.0 0.0
0 0.8402484375 0.0 0.9061406250000001 0.0 0.8402484375 0.0 0.9061406250000001 0.0
0 0.8602046874999999 0.0 0.9715375000000002 0.0 0.8602046874999999 0.0 0.9715375000000002 0.0
0 0.6454578125000001 0.0 0.8564343749999999 0.0 0.6454578125000001 0.0 0.8564343749999999 0.0
0 0.07297015625000007 0.0 0.13316656249999995 0.0 0.07297015625000007 0.0 0.13316656249999995 0.0
0 0.0 0.1359375 0.2970665625000001 0.1359375 0.0 0.0 0.2970665625000001 0.0
0 0.10753687500000009 0.020156312499999985 0.52395390625 0.020156312499999985 0.10753687500000009 0.0 0.52395390625 0.0
