0 0.0 0.0 0.13147046875000007 0.0 0.0 0.0 0.13147046875000007 0.0
0 0.29905718750000004 0.0 0.5245439062499999 0.0 0.29905718750000004 0.0 0.5245439062499999 0.0
0 0.038085156250000016 0.0 0.32475015625000003 0.0 0.038085156250000016 0.0 0.32475015625000003 0.0
0 0.0 0.07092993750000005 0.0 0.07092993750000005 0.0 0.0 0.0 0.0
0 0.0 0.10769973437499995 0.21458765624999998 0.10769973437499995 0.0 0.0 0.21458765624999998 0.0
0 0.0 0.10071526562499997 0.2609503125 0.10071526562499997 0.0 0.0 0.2609503125 0.0
0 0.6183515624999998 0.1359375 0.8695437500000001 0.1359375 0.6183515624999998 0.11028837500000002 0.8695437500000001 0.11028837500000002
0 0.8161999999999999 0.0 0.8612312500000001 0.0 0.8161999999999999 0.0 0.8612312500000001 0.0
0 0.46664828125 0.1359375 0.7514843750000001 0.1359375 0.46664828125 0.0 0.7514843750000001 0.0
0 0.42243640624999995 0.0 0.6860671875000002 0.0 0.42243640624999995 0.0 0.6860671875000002 0.0
0 0.0 0.1359375 0.0 0.1359375 0.0 0.0 0.0 0.0
0 0.7575312499999999 0.1359375 1.0 0.1359375 0.7575312499999999 0.11500851562500003 1.0 0.11500851562500003
0 0.010052031250000048 0.0 0.2003442187499999 0.0 0.010052031250000048 0.0 0.2003442187499999 0.0
0 0.0 0.009621265624999964 0.0 0.009621265624999964 0.0 0.0 0.0 0.0
0 0.0 0.1359375 0.0 0.1359375 0.0 0.0 0.0 0.0
0 0.22150609375000005 0.1359375 0.6723593749999999 0.1359375 0.22150609375000005 0.07223034375000008 0.6723593749999999 0.07223034375000008
0 0.0 0.0 0.14162109375000007 0.0 0.0 0.0 0.14162109375000007 0.0
0 0.0 0.031832390625000075 0.0 0.031832390625000075 0.0 0.0 0.0 0.0
0 0.55826984375 0.0 0.7957625 0.0 0.55826984375 0.0 0.7957625 0.0
0 0.0 0.10433599999999998 0.0 0.10433599999999998 0.0 0.0 0.0 0.0
0 0.10003343749999996 0.0 0.2853326562499999 0.0 0.10003343749999996 0.0 0.2853326562499999 0.0
0 0.0 0.1359375 0.0 0.1359375 0.0 0.011616578125000032 0.0 0.011616578125000032
0 0.1484604687499999 0.0 0.49695234374999997 0.0 0.1484604687499999 0.0 0.49695234374999997 0.0
0 0.41400640625000007 0.0 0.6845140624999999 0.0 0.41400640625000007 0.0 0.6845140624999999 0.0
0 0.0 0.09791968749999995 0.0 0.09791968749999995 0.0 0.0 0.0 0.0
