0 0.0 0.27698062500000004 0.0 0.27698062500000004 0.0 0.029491875000000077 0.0 0.029491875000000077
0 0.0 0.540199375 0.0 0.540199375 0.0 0.3269103125000001 0.0 0.3269103125000001
0 0.0 0.01984703124999996 0.0 0.01984703124999996 0.0 0.0 0.0 0.0
0 0.0 0.9220146875000002 0.0 0.9220146875000002 0.0 0.61220390625 0.0 0.61220390625
0 0.25731874999999993 0.16293000000000007 0.3171875 0.16293000000000007 0.25731874999999993 0.0 0.3171875 0.0
0 0.0 0.15625703125 0.0 0.15625703125 0.0 0.0 0.0 0.0
0 0.0 1.0 0.0 1.0 0.0 0.8639028124999999 0.0 0.8639028124999999
0 0.0 0.5793115625 0.0 0.5793115625 0.0 0.3691065625 0.0 0.3691065625
0 0.0 0.99032803125 0.0 0.99032803125 0.0 0.68379171875 0.0 0.68379171875
0 0.0 0.4198328125 0.0 0.4198328125 0.0 0.18356109375000002 0.0 0.18356109375000002
0 0.0 0.19341375000000002 0.0 0.19341375000000002 0.0 0.0 0.0 0.0
0 0.1219906250000001 0.647563125 0.2683890625 0.647563125 0.1219906250000001 0.5114496875000001 0.2683890625 0.5114496875000001
0 0.0 0.6643320312500001 0.0 0.6643320312500001 0.0 0.44309359375 0.0 0.44309359375
0 0.0 0.2615054687500001 0.0 0.2615054687500001 0.0 0.04083828124999993 0.0 0.04083828124999993
0 0.0 0.55108265625 0.0 0.55108265625 0.0 0.3195121875 0.0 0.3195121875
0 0.0 1.0 0.0 1.0 0.0 0.98194475 0.0 0.98194475
0 0.0 0.026064531249999946 0.0 0.026064531249999946 0.0 0.0 0.0 0.0
0 0.0 0.15530187499999998 0.0 0.15530187499999998 0.0 0.0 0.0 0.0
0 0.2737375 0.51905953125 0.3171875 0.51905953125 0.2737375 0.27545703125000004 0.3171875 0.27545703125000004
0 0.0 0.47155125 0.0 0.47155125 0.0 0.20524890624999995 0.0 0.20524890624999995
0 0.0 0.31318375 0.0 0.31318375 0.0 0.0 0.0 0.0
0 0.0 0.26716796874999993 0.0 0.26716796874999993 0.0 0.0 0.0 0.0
0 0.0 0.5783765625 0.0 0.5783765625 0.0 0.36260812500000006 0.0 0.36260812500000006
0 0.19717656249999999 0.7172609375000001 0.3171875 0.7172609375000001 0.19717656249999999 0.2673249999999999 0.3171875 0.2673249999999999
0 0.0 0.29295609375 0.0 0.29295609375 0.0 0.08062453124999998 0.0 0.08062453124999998
0 0.0 0.8720275000000001 0.0 0.8720275000000001 0.0 0.57359046875 0.0 0.57359046875
0 0.0 0.59746078125 0.0 0.59746078125 0.0 0.29082765624999996 0.0 0.29082765624999996
0 0.0 0.98586753125 0.0 0.98586753125 0.0 0.77323625 0.0 0.77323625
0 0.0 0.23823218750000005 0.0 0.23823218750000005 0.0 0.0 0.0 0.0
0 0.0 0.74187625 0.0 0.74187625 0.0 0.5252035937499999 0.0 0.5252035937499999
0 0.0 0.57469625 0.0 0.57469625 0.0 0.40335515624999996 0.0 0.40335515624999996
0 0.0 0.64605703125 0.0 0.64605703125 0.0 0.47301390625 0.0 0.47301390625
0 0.0 0.88766609375 0.0 0.88766609375 0.0 0.66530375 0.0 0.66530375
0 0.0 0.04613578124999993 0.0 0.04613578124999993 0.0 0.0 0.0 0.0
