0 0.7251234375 0.08634000000000004 0.900721875 0.08634000000000004 0.7251234375 0.0 0.900721875 0.0
0 0.7790484374999999 0.9426115625 1.0 0.9426115625 0.7790484374999999 0.69228640625 1.0 0.69228640625
0 1.0 0.41443109375000003 1.0 0.41443109375000003 1.0 0.34959656250000004 1.0 0.34959656250000004
0 0.7033375 1.0 1.0 1.0 0.7033375 0.97118796875 1.0 0.97118796875
0 0.0 0.80413671875 0.0 0.80413671875 0.0 0.6024443749999999 0.0 0.6024443749999999
0 0.0 0.44347328125 0.0 0.44347328125 0.0 0.27028703125 0.0 0.27028703125
0 0.16538000000000003 0.988583234375 0.4063076562499999 0.988583234375 0.16538000000000003 0.74989578125 0.4063076562499999 0.74989578125
0 0.06334921874999999 0.7957146875 0.11707796874999996 0.7957146875 0.06334921874999999 0.743231875 0.11707796874999996 0.743231875
0 0.1986459375000001 0.504159375 0.4996596875 0.504159375 0.1986459375000001 0.20580625000000002 0.4996596875 0.20580625000000002
0 0.0 0.870381875 0.0 0.870381875 0.0 0.7911134375 0.0 0.7911134375
0 0.0 0.8481462499999999 0.0 0.8481462499999999 0.0 0.6072509375 0.0 0.6072509375
0 1.0 0.12278734374999996 1.0 0.12278734374999996 1.0 0.0 1.0 0.0
0 0.0 0.15412046875000004 0.0 0.15412046875000004 0.0 0.0 0.0 0.0
0 0.0 0.3354353124999999 0.0 0.3354353124999999 0.0 0.0 0.0 0.0
0 0.0 1.0 0.0 1.0 0.0 0.91830859375 0.0 0.91830859375
0 0.0011439062499999154 1.0 0.30599171875 1.0 0.0011439062499999154 1.0 0.30599171875 1.0
0 0.0 0.85978984375 0.0 0.85978984375 0.0 0.62693 0.0 0.62693
0 0.12994359375000003 0.73868078125 0.26509499999999997 0.73868078125 0.12994359375000003 0.583469375 0.26509499999999997 0.583469375
0 0.0 0.53530484375 0.0 0.53530484375 0.0 0.29402765624999994 0.0 0.29402765624999994
0 1.0 0.47793171875 1.0 0.47793171875 1.0 0.16908218749999993 1.0 0.16908218749999993
0 0.0 0.23674874999999992 0.0 0.23674874999999992 0.0 0.0006364062499999434 0.0 0.0006364062499999434
0 0.0 0.4237459375 0.0 0.4237459375 0.0 0.15376765624999997 0.0 0.15376765624999997
0 0.35331109375 0.27948171874999994 0.6322265625 0.27948171874999994 0.35331109375 0.01876781249999997 0.6322265625 0.01876781249999997
0 0.854415625 0.14235546874999994 1.0 0.14235546874999994 0.854415625 0.0 1.0 0.0
0 0.07220718749999992 1.0 0.3512918750000001 1.0 0.07220718749999992 1.0 0.3512918750000001 1.0
0 0.0 0.38587859375000005 0.0 0.38587859375000005 0.0 0.08488984375000008 0.0 0.08488984375000008
0 0.05814859375000001 0.2886029687500001 0.27698640625 0.2886029687500001 0.05814859375000001 0.04548375 0.27698640625 0.04548375
0 0.669921875 0.42827562500000005 0.9763421874999999 0.42827562500000005 0.669921875 0.12184281250000009 0.9763421874999999 0.12184281250000009
0 1.0 0.39670562499999995 1.0 0.39670562499999995 1.0 0.16852640624999998 1.0 0.16852640624999998
0 0.0 1.0 0.13313046874999995 1.0 0.0 0.9393268750000001 0.13313046874999995 0.9393268750000001
0 1.0 0.06701312500000008 1.0 0.06701312500000008 1.0 0.0 1.0 0.0
0 0.0 0.3429146875 0.0 0.3429146875 0.0 0.0798778125 0.0 0.0798778125
0 0.84506875 0.007917187500000011 1.0 0.007917187500000011 0.84506875 0.0 1.0 0.0
