0 0.0 0.08634000000000004 0.0 0.08634000000000004 0.0 0.0 0.0 0.0
0 0.0 0.9426115625 0.03733593749999997 0.9426115625 0.0 0.69228640625 0.03733593749999997 0.69228640625
0 0.02735156250000017 0.41443109375000003 0.09099843750000006 0.41443109375000003 0.02735156250000017 0.34959656250000004 0.09099843750000006 0.34959656250000004
0 0.0 1.0 0.015887499999999832 1.0 0.0 0.97118796875 0.015887499999999832 0.97118796875
0 0.0 0.80413671875 0.0 0.80413671875 0.0 0.6024443749999999 0.0 0.6024443749999999
0 0.0 0.44347328125 0.0 0.44347328125 0.0 0.27028703125 0.0 0.27028703125
0 0.0 0.988583234375 0.0 0.988583234375 0.0 0.74989578125 0.0 0.74989578125
0 0.0 0.7957146875 0.0 0.7957146875 0.0 0.743231875 0.0 0.743231875
0 0.0 0.504159375 0.0 0.504159375 0.0 0.20580625000000002 0.0 0.20580625000000002
0 0.0 0.870381875 0.0 0.870381875 0.0 0.7911134375 0.0 0.7911134375
0 0.0 0.8481462499999999 0.0 0.8481462499999999 0.0 0.6072509375 0.0 0.6072509375
0 0.2523656249999998 0.12278734374999996 0.3171875 0.12278734374999996 0.2523656249999998 0.0 0.3171875 0.0
0 0.0 0.15412046875000004 0.0 0.15412046875000004 0.0 0.0 0.0 0.0
0 0.0 0.3354353124999999 0.0 0.3354353124999999 0.0 0.0 0.0 0.0
0 0.0 1.0 0.0 1.0 0.0 0.91830859375 0.0 0.91830859375
0 0.0 0.85978984375 0.0 0.85978984375 0.0 0.62693 0.0 0.62693
0 0.0 0.73868078125 0.0 0.73868078125 0.0 0.583469375 0.0 0.583469375
0 0.0 0.53530484375 0.0 0.53530484375 0.0 0.29402765624999994 0.0 0.29402765624999994
0 0.15762343749999985 1.0 0.3132734374999998 1.0 0.15762343749999985 1.0 0.3132734374999998 1.0
0 0.1653500000000001 0.47793171875 0.3171875 0.47793171875 0.1653500000000001 0.16908218749999993 0.3171875 0.16908218749999993
0 0.0 0.23674874999999992 0.0 0.23674874999999992 0.0 0.0006364062499999434 0.0 0.0006364062499999434
0 0.0 0.4237459375 0.0 0.4237459375 0.0 0.15376765624999997 0.0 0.15376765624999997
0 0.0 0.27948171874999994 0.0 0.27948171874999994 0.0 0.01876781249999997 0.0 0.01876781249999997
0 0.0 0.14235546874999994 0.26525937500000013 0.14235546874999994 0.0 0.0 0.26525937500000013 0.0
0 0.0 0.38587859375000005 0.0 0.38587859375000005 0.0 0.08488984375000008 0.0 0.08488984375000008
0 0.0 0.2886029687500001 0.0 0.2886029687500001 0.0 0.04548375 0.0 0.04548375
0 0.0 0.42827562500000005 0.0 0.42827562500000005 0.0 0.12184281250000009 0.0 0.12184281250000009
0 0.12570468750000002 0.39670562499999995 0.3171875 0.39670562499999995 0.12570468750000002 0.16852640624999998 0.3171875 0.16852640624999998
0 0.12549687499999998 1.0 0.3171875 1.0 0.12549687499999998 1.0 0.3171875 1.0
0 0.0 1.0 0.0 1.0 0.0 0.9393268750000001 0.0 0.9393268750000001
0 0.2856937500000001 0.06701312500000008 0.3171875 0.06701312500000008 0.2856937500000001 0.0 0.3171875 0.0
0 0.0 0.3429146875 0.0 0.3429146875 0.0 0.0798778125 0.0 0.0798778125
0 0.0 0.007917187500000011 0.022681250000000118 0.007917187500000011 0.0 0.0 0.022681250000000118 0.0
