0 0.0 0.07830821874999998 0.0 0.07830821874999998 0.0 0.0 0.0 0.0
0 0.1316296874999999 0.0 0.3171875 0.0 0.1316296874999999 0.0 0.3171875 0.0
0 0.0 0.1359375 0.0 0.1359375 0.0 0.0 0.0 0.0
0 0.3062796875 0.0 0.3171875 0.0 0.3062796875 0.0 0.3171875 0.0
0 0.28436249999999996 0.0 0.3171875 0.0 0.28436249999999996 0.0 0.3171875 0.0
0 0.05214687500000004 0.0 0.28805781249999995 0.0 0.05214687500000004 0.0 0.28805781249999995 0.0
0 0.2709187499999999 0.0 0.3171875 0.0 0.2709187499999999 0.0 0.3171875 0.0
0 0.006700000000000017 0.0 0.23711093749999995 0.0 0.006700000000000017 0.0 0.23711093749999995 0.0
0 0.1861171875 0.06598318750000001 0.3171875 0.06598318750000001 0.1861171875 0.0 0.3171875 0.0
0 0.0 0.1359375 0.0 0.1359375 0.0 0.05030853124999997 0.0 0.05030853124999997
0 0.0 0.1359375 0.0 0.1359375 0.0 0.003681562499999913 0.0 0.003681562499999913
0 0.0 0.0 0.04865937500000008 0.0 0.0 0.0 0.04865937500000008 0.0
