0 0.0 1.0 0.0 1.0 0.0 0.8234557812500001 0.0 0.8234557812500001
0 0.0 0.48867328125 0.0 0.48867328125 0.0 0.22677328125000001 0.0 0.22677328125000001
0 0.0 0.7592432812500001 0.0 0.7592432812500001 0.0 0.36360328124999997 0.0 0.36360328124999997
0 0.1316296874999999 0.8469303125 0.3171875 0.8469303125 0.1316296874999999 0.64324859375 0.3171875 0.64324859375
0 0.0 0.707564375 0.0 0.707564375 0.0 0.6388475 0.0 0.6388475
0 0.0 0.20760640625000004 0.0 0.20760640625000004 0.0 0.0 0.0 0.0
0 0.0 0.5545059375 0.0 0.5545059375 0.0 0.50010921875 0.0 0.50010921875
0 0.0 1.0 0.0 1.0 0.0 0.91636109375 0.0 0.91636109375
0 0.0 0.95546484375 0.0 0.95546484375 0.0 0.70122390625 0.0 0.70122390625
0 0.0 0.4376903125 0.0 0.4376903125 0.0 0.20707421875000004 0.0 0.20707421875000004
0 0.3062796875 0.9192504687499999 0.3171875 0.9192504687499999 0.3062796875 0.655750625 0.3171875 0.655750625
0 0.28436249999999996 0.26299781249999993 0.3171875 0.26299781249999993 0.28436249999999996 0.01191343749999998 0.3171875 0.01191343749999998
0 0.05214687500000004 0.61333515625 0.28805781249999995 0.61333515625 0.05214687500000004 0.37758281250000003 0.28805781249999995 0.37758281250000003
0 0.0 0.030296562500000058 0.0 0.030296562500000058 0.0 0.0 0.0 0.0
0 0.0 0.7491670312500001 0.0 0.7491670312500001 0.0 0.67274984375 0.0 0.67274984375
0 0.0 0.3854228125 0.0 0.3854228125 0.0 0.08416999999999994 0.0 0.08416999999999994
0 0.2709187499999999 0.71604671875 0.3171875 0.71604671875 0.2709187499999999 0.57005359375 0.3171875 0.57005359375
0 0.0 0.8038267187500001 0.0 0.8038267187500001 0.0 0.5397279687500001 0.0 0.5397279687500001
0 0.006700000000000017 0.12448046875000003 0.23711093749999995 0.12448046875000003 0.006700000000000017 0.0 0.23711093749999995 0.0
0 0.1861171875 1.0 0.3171875 1.0 0.1861171875 0.8393035937500001 0.3171875 0.8393035937500001
0 0.0 0.3452746875 0.0 0.3452746875 0.0 0.10909515625000007 0.0 0.10909515625000007
0 0.0 0.26991390625000006 0.0 0.26991390625000006 0.0 0.09641984375000004 0.0 0.09641984375000004
0 0.0 0.97726421875 0.0 0.97726421875 0.0 0.82147515625 0.0 0.82147515625
0 0.0 0.44736234374999995 0.04865937500000008 0.44736234374999995 0.0 0.24718999999999997 0.04865937500000008 0.24718999999999997
0 0.0 0.54977734375 0.0 0.54977734375 0.0 0.31957218750000005 0.0 0.31957218750000005
0 0.0 0.10470281250000006 0.0 0.10470281250000006 0.0 0.0 0.0 0.0
0 0.0 0.8755139062499999 0.0 0.8755139062499999 0.0 0.64705078125 0.0 0.64705078125
0 0.0 0.07427124999999997 0.0 0.07427124999999997 0.0 0.0 0.0 0.0
