0 0.0 1.0 0.0 1.0 0.0 0.6879607812499999 0.0 0.6879607812499999
0 0.10713906249999994 1.0 0.3171875 1.0 0.10713906249999994 0.99922184375 0.3171875 0.99922184375
0 0.0 0.5287821875 0.0 0.5287821875 0.0 0.40431968749999997 0.0 0.40431968749999997
0 0.0 1.0 0.0 1.0 0.0 0.9005765625000001 0.0 0.9005765625000001
0 0.0 0.899566875 0.0 0.899566875 0.0 0.5998521875 0.0 0.5998521875
0 0.14675781249999992 0.88424875 0.2904140625 0.88424875 0.14675781249999992 0.72317734375 0.2904140625 0.72317734375
0 0.0 0.003212968749999945 0.0 0.003212968749999945 0.0 0.0 0.0 0.0
0 0.0 1.0 0.0 1.0 0.0 0.86714203125 0.0 0.86714203125
0 0.0 0.7777478125 0.0 0.7777478125 0.0 0.55325796875 0.0 0.55325796875
0 0.12860312500000007 0.31140406249999997 0.3171875 0.31140406249999997 0.12860312500000007 0.0 0.3171875 0.0
0 0.0 0.24456093750000002 0.0 0.24456093750000002 0.0 0.026302500000000072 0.0 0.026302500000000072
0 0.0 1.0 0.0 1.0 0.0 0.8611676562499999 0.0 0.8611676562499999
0 0.0035640624999999206 1.0 0.3050218749999999 1.0 0.0035640624999999206 0.8944040624999999 0.3050218749999999 0.8944040624999999
0 0.0 0.89377046875 0.0 0.89377046875 0.0 0.5941296875 0.0 0.5941296875
0 0.0 1.0 0.0 1.0 0.0 0.72547546875 0.0 0.72547546875
0 0.0 0.2606576562500001 0.0 0.2606576562500001 0.0 0.027157031249999974 0.0 0.027157031249999974
0 0.0 0.04165968749999997 0.0 0.04165968749999997 0.0 0.0 0.0 0.0
0 0.0 0.5224659375 0.0 0.5224659375 0.0 0.07591062500000004 0.0 0.07591062500000004
0 0.01824218749999993 0.84627921875 0.07532031249999989 0.84627921875 0.01824218749999993 0.79071703125 0.07532031249999989 0.79071703125
0 0.0 1.0 0.0 1.0 0.0 0.7161453125 0.0 0.7161453125
