0 0.0 0.08515984374999999 0.0 0.08515984374999999 0.0 0.0 0.0 0.0
0 1.0 0.1359375 1.0 0.1359375 1.0 0.0 1.0 0.0
0 0.0 0.110087515625 0.0 0.110087515625 0.0 0.0 0.0 0.0
0 0.0 0.02164351562500002 0.0 0.02164351562500002 0.0 0.0 0.0 0.0
0 0.7741171874999999 0.0 0.9898375000000001 0.0 0.7741171874999999 0.0 0.9898375000000001 0.0
0 0.0 0.1359375 0.0 0.1359375 0.0 0.07382237499999995 0.0 0.07382237499999995
0 0.011344375000000007 0.1359375 0.1708626562499999 0.1359375 0.011344375000000007 0.09698515625000007 0.1708626562499999 0.09698515625000007
0 0.0 0.10410485937500003 0.0 0.10410485937500003 0.0 0.0 0.0 0.0
0 1.0 0.1359375 1.0 0.1359375 1.0 0.0 1.0 0.0
0 0.0 0.01791331249999999 0.0 0.01791331249999999 0.0 0.0 0.0 0.0
0 0.0 0.1359375 0.04420109374999992 0.1359375 0.0 0.0 0.04420109374999992 0.0
0 0.018795937500000016 0.1359375 0.08363499999999995 0.1359375 0.018795937500000016 0.09410304687500001 0.08363499999999995 0.09410304687500001
0 0.0 0.1359375 0.02050031249999993 0.1359375 0.0 0.12644861874999994 0.02050031249999993 0.12644861874999994
