0 0.34129062499999996 0.0 0.51019546875 0.0 0.34129062499999996 0.0 0.51019546875 0.0
0 0.8015014062500001 0.0 1.0 0.0 0.8015014062500001 0.0 1.0 0.0
0 0.5532171875 0.0 0.98051484375 0.0 0.5532171875 0.0 0.98051484375 0.0
0 0.81571640625 0.0 1.0 0.0 0.81571640625 0.0 1.0 0.0
0 1.0 0.1359375 1.0 0.1359375 1.0 0.0 1.0 0.0
0 0.45564984375 0.1359375 0.90668328125 0.1359375 0.45564984375 0.04880626562499994 0.90668328125 0.04880626562499994
0 0.75949171875 0.0 0.8334684375 0.0 0.75949171875 0.0 0.8334684375 0.0
0 0.38649609375 0.0 0.6038353125 0.0 0.38649609375 0.0 0.6038353125 0.0
0 0.0 0.1359375 0.122045046875 0.1359375 0.0 0.029668828125000067 0.122045046875 0.029668828125000067
0 1.0 0.11595235937500004 1.0 0.11595235937500004 1.0 0.0 1.0 0.0
0 1.0 0.013606578125000013 1.0 0.013606578125000013 1.0 0.0 1.0 0.0
0 0.1877490625 0.0 0.40324125000000005 0.0 0.1877490625 0.0 0.40324125000000005 0.0
0 0.0 0.08355826562500006 0.20312468749999998 0.08355826562500006 0.0 0.0 0.20312468749999998 0.0
0 0.8354559374999999 0.1359375 1.0 0.1359375 0.8354559374999999 0.0 1.0 0.0
0 1.0 0.1359375 1.0 0.1359375 1.0 0.04643306250000005 1.0 0.04643306250000005
0 0.0 0.0 0.25195500000000004 0.0 0.0 0.0 0.25195500000000004 0.0
0 0.1818203125 0.0 0.49377890625000004 0.0 0.1818203125 0.0 0.49377890625000004 0.0
0 0.0 0.0 0.41533859375000004 0.0 0.0 0.0 0.41533859375000004 0.0
