0 0.0 0.0 0.05506859375000008 0.0 0.0 0.0 0.05506859375000008 0.0
0 0.0 0.08588729687499992 0.0 0.08588729687499992 0.0 0.0 0.0 0.0
0 0.0 0.06145539062500003 0.0 0.06145539062500003 0.0 0.0 0.0 0.0
0 0.0 0.1359375 0.03680578125 0.1359375 0.0 0.10399551562500005 0.03680578125 0.10399551562500005
0 0.1966729687500001 0.0 0.33351968749999994 0.0 0.1966729687500001 0.0 0.33351968749999994 0.0
0 0.0 0.0 0.02966328125000004 0.0 0.0 0.0 0.02966328125000004 0.0
0 0.0 0.1359375 0.0 0.1359375 0.0 0.0 0.0 0.0
0 0.7622921874999999 0.0 0.9576437500000001 0.0 0.7622921874999999 0.0 0.9576437500000001 0.0
0 0.0 0.1359375 0.28385156249999993 0.1359375 0.0 0.0 0.28385156249999993 0.0
0 0.25924218749999994 0.0 0.4299406250000001 0.0 0.25924218749999994 0.0 0.4299406250000001 0.0
0 0.6562890625000002 0.0 0.9629249999999999 0.0 0.6562890625000002 0.0 0.9629249999999999 0.0
0 0.0 0.0 0.24242000000000008 0.0 0.0 0.0 0.24242000000000008 0.0
0 0.0 0.1359375 0.0 0.1359375 0.0 0.06891599999999994 0.0 0.06891599999999994
0 0.20137874999999994 0.0 0.40937750000000006 0.0 0.20137874999999994 0.0 0.40937750000000006 0.0
0 0.03200734374999996 0.0 0.3446985937499999 0.0 0.03200734374999996 0.0 0.3446985937499999 0.0
0 0.23392234374999993 0.0 0.54409140625 0.0 0.23392234374999993 0.0 0.54409140625 0.0
0 0.03103015624999994 0.0 0.31197015624999996 0.0 0.03103015624999994 0.0 0.31197015624999996 0.0
0 0.5717765625 0.0 0.806140625 0.0 0.5717765625 0.0 0.806140625 0.0
0 0.4966184374999999 0.1359375 0.7850593750000001 0.1359375 0.4966184374999999 0.0 0.7850593750000001 0.0
0 1.0 0.1359375 1.0 0.1359375 1.0 0.0 1.0 0.0
0 0.1794868749999999 0.0 0.3352812500000001 0.0 0.1794868749999999 0.0 0.3352812500000001 0.0
