0 0.86252890625 0.13282859375000006 0.94146921875 0.13282859375000006 0.86252890625 0.05372546875000008 0.94146921875 0.05372546875000008
0 0.817661875 0.69939890625 1.0 0.69939890625 0.817661875 0.45492109375 1.0 0.45492109375
0 0.0049313921875 0.7871803125 0.278283125 0.7871803125 0.0049313921875 0.5089128125 0.278283125 0.5089128125
0 0.7538540625000001 0.6717548437499999 0.9609659374999999 0.6717548437499999 0.7538540625000001 0.49631703125 0.9609659374999999 0.49631703125
0 0.0 1.0 0.183945 1.0 0.0 0.6522529687499999 0.183945 0.6522529687499999
0 0.67112171875 0.62945171875 0.8483509375 0.62945171875 0.67112171875 0.45419515625000006 0.8483509375 0.45419515625000006
0 0.30003140625 0.36527234374999995 0.4453103125 0.36527234374999995 0.30003140625 0.23042546875000003 0.4453103125 0.23042546875000003
0 0.01914640625 1.0 0.44829656250000005 1.0 0.01914640625 0.62623640625 0.44829656250000005 0.62623640625
0 0.734964375 1.0 1.0 1.0 0.734964375 1.0 1.0 1.0
0 1.0 0.0359990625 1.0 0.0359990625 1.0 0.0 1.0 0.0
0 0.0 0.2810465625000001 0.03689846875 0.2810465625000001 0.0 0.20638187499999994 0.03689846875 0.20638187499999994
0 1.0 0.49697859375000003 1.0 0.49697859375000003 1.0 0.20733156249999993 1.0 0.20733156249999993
0 1.0 0.5669928125 1.0 0.5669928125 1.0 0.42013249999999996 1.0 0.42013249999999996
0 0.774116875 0.6742678125 1.0 0.6742678125 0.774116875 0.4268484375 1.0 0.4268484375
0 0.2630678125 1.0 0.56968765625 1.0 0.2630678125 0.86123875 0.56968765625 0.86123875
0 1.0 0.5179756249999999 1.0 0.5179756249999999 1.0 0.294579375 1.0 0.294579375
0 0.33245749999999996 0.7151804687500001 0.514759375 0.7151804687500001 0.33245749999999996 0.5025465625 0.514759375 0.5025465625
0 0.86701453125 1.0 1.0 1.0 0.86701453125 0.90146640625 1.0 0.90146640625
0 1.0 0.2945046874999999 1.0 0.2945046874999999 1.0 0.12097265625000002 1.0 0.12097265625000002
0 0.044649953125 0.03342656250000005 0.274620625 0.03342656250000005 0.044649953125 0.0 0.274620625 0.0
0 1.0 0.15509109374999994 1.0 0.15509109374999994 1.0 0.0 1.0 0.0
0 0.983025625 0.47753875 1.0 0.47753875 0.983025625 0.24023890624999994 1.0 0.24023890624999994
0 0.5755725 1.0 0.743638125 1.0 0.5755725 1.0 0.743638125 1.0
0 1.0 0.50068484375 1.0 0.50068484375 1.0 0.28394765624999996 1.0 0.28394765624999996
0 0.691635625 0.66008796875 0.7429421875 0.66008796875 0.691635625 0.60744125 0.7429421875 0.60744125
0 1.0 0.06569078125000001 1.0 0.06569078125000001 1.0 0.0 1.0 0.0
0 1.0 0.14814375000000002 1.0 0.14814375000000002 1.0 0.0 1.0 0.0
0 0.45119999999999993 0.11527078124999993 0.66348765625 0.11527078124999993 0.45119999999999993 0.0 0.66348765625 0.0
0 1.0 0.27978000000000003 1.0 0.27978000000000003 1.0 0.0 1.0 0.0
0 1.0 0.6536850000000001 1.0 0.6536850000000001 1.0 0.34722515625000006 1.0 0.34722515625000006
0 0.72587765625 0.7893004687499999 0.7804946875 0.7893004687499999 0.72587765625 0.7338790625 0.7804946875 0.7338790625
0 1.0 0.9076507812500001 1.0 0.9076507812500001 1.0 0.6330421875 1.0 0.6330421875
0 1.0 0.076455625 1.0 0.076455625 1.0 0.0 1.0 0.0
0 1.0 1.0 1.0 1.0 1.0 0.8903917187499999 1.0 0.8903917187499999
0 0.0 0.04609578125000002 0.21936125 0.04609578125000002 0.0 0.0 0.21936125 0.0
0 1.0 1.0 1.0 1.0 1.0 0.9238787500000001 1.0 0.9238787500000001
0 1.0 0.04002687500000004 1.0 0.04002687500000004 1.0 0.0 1.0 0.0
