0 0.0 0.08588729687499992 0.0 0.08588729687499992 0.0 0.0 0.0 0.0
0 0.0 0.06145539062500003 0.0 0.06145539062500003 0.0 0.0 0.0 0.0
0 0.0 0.1359375 0.0 0.1359375 0.0 0.10399551562500005 0.0 0.10399551562500005
0 0.014785937499999947 0.0 0.3171875 0.0 0.014785937499999947 0.0 0.3171875 0.0
0 0.22023906249999997 0.0 0.3171875 0.0 0.22023906249999997 0.0 0.3171875 0.0
0 0.0 0.1359375 0.0 0.1359375 0.0 0.0 0.0 0.0
0 0.0 0.1359375 0.0 0.1359375 0.0 0.0 0.0 0.0
0 0.0 0.1359375 0.0 0.1359375 0.0 0.06891599999999994 0.0 0.06891599999999994
0 0.08166249999999983 0.0 0.3106984375 0.0 0.08166249999999983 0.0 0.3106984375 0.0
0 0.2274640625 0.0 0.3171875 0.0 0.2274640625 0.0 0.3171875 0.0
0 0.0 0.1359375 0.0 0.1359375 0.0 0.0 0.0 0.0
0 0.06372656250000013 0.1359375 0.3171875 0.1359375 0.06372656250000013 0.0 0.3171875 0.0
