0 0.0 0.13282859375000006 0.0 0.13282859375000006 0.0 0.05372546875000008 0.0 0.05372546875000008
0 0.0 0.69939890625 0.0 0.69939890625 0.0 0.45492109375 0.0 0.45492109375
0 0.0 0.7871803125 0.0 0.7871803125 0.0 0.5089128125 0.0 0.5089128125
0 0.0 0.6717548437499999 0.0 0.6717548437499999 0.0 0.49631703125 0.0 0.49631703125
0 0.0 1.0 0.0 1.0 0.0 0.6522529687499999 0.0 0.6522529687499999
0 0.0 0.62945171875 0.0 0.62945171875 0.0 0.45419515625000006 0.0 0.45419515625000006
0 0.0 0.36527234374999995 0.0 0.36527234374999995 0.0 0.23042546875000003 0.0 0.23042546875000003
0 0.0 1.0 0.0 1.0 0.0 0.62623640625 0.0 0.62623640625
0 0.014785937499999947 0.0359990625 0.3171875 0.0359990625 0.014785937499999947 0.0 0.3171875 0.0
0 0.0 0.2810465625000001 0.0 0.2810465625000001 0.0 0.20638187499999994 0.0 0.20638187499999994
0 0.22023906249999997 0.49697859375000003 0.3171875 0.49697859375000003 0.22023906249999997 0.20733156249999993 0.3171875 0.20733156249999993
0 0.0 0.5669928125 0.0 0.5669928125 0.0 0.42013249999999996 0.0 0.42013249999999996
0 0.0 0.6742678125 0.0 0.6742678125 0.0 0.4268484375 0.0 0.4268484375
0 0.0 1.0 0.0 1.0 0.0 0.86123875 0.0 0.86123875
0 0.0 0.5179756249999999 0.0 0.5179756249999999 0.0 0.294579375 0.0 0.294579375
0 0.0 0.7151804687500001 0.0 0.7151804687500001 0.0 0.5025465625 0.0 0.5025465625
0 0.0 1.0 0.0 1.0 0.0 0.90146640625 0.0 0.90146640625
0 0.0 0.2945046874999999 0.0 0.2945046874999999 0.0 0.12097265625000002 0.0 0.12097265625000002
0 0.0 0.03342656250000005 0.0 0.03342656250000005 0.0 0.0 0.0 0.0
0 0.0 0.15509109374999994 0.0 0.15509109374999994 0.0 0.0 0.0 0.0
0 0.0 0.47753875 0.0 0.47753875 0.0 0.24023890624999994 0.0 0.24023890624999994
0 0.0 0.50068484375 0.0 0.50068484375 0.0 0.28394765624999996 0.0 0.28394765624999996
0 0.0 0.66008796875 0.0 0.66008796875 0.0 0.60744125 0.0 0.60744125
0 0.08166249999999983 0.06569078125000001 0.3106984375 0.06569078125000001 0.08166249999999983 0.0 0.3106984375 0.0
0 0.2274640625 0.14814375000000002 0.3171875 0.14814375000000002 0.2274640625 0.0 0.3171875 0.0
0 0.0 0.11527078124999993 0.0 0.11527078124999993 0.0 0.0 0.0 0.0
0 0.0 0.27978000000000003 0.0 0.27978000000000003 0.0 0.0 0.0 0.0
0 0.0 0.6536850000000001 0.0 0.6536850000000001 0.0 0.34722515625000006 0.0 0.34722515625000006
0 0.0 0.7893004687499999 0.0 0.7893004687499999 0.0 0.7338790625 0.0 0.7338790625
0 0.0 0.9076507812500001 0.0 0.9076507812500001 0.0 0.6330421875 0.0 0.6330421875
0 0.0 0.076455625 0.0 0.076455625 0.0 0.0 0.0 0.0
0 0.0 1.0 0.0 1.0 0.0 0.8903917187499999 0.0 0.8903917187499999
0 0.0 0.04609578125000002 0.0 0.04609578125000002 0.0 0.0 0.0 0.0
0 0.06372656250000013 1.0 0.3171875 1.0 0.06372656250000013 0.9238787500000001 0.3171875 0.9238787500000001
0 0.0 0.04002687500000004 0.0 0.04002687500000004 0.0 0.0 0.0 0.0
