0 0.0 0.85246890625 0.0 0.85246890625 0.0 0.40432484375 0.0 0.40432484375
0 0.0 0.97244984375 0.0 0.97244984375 0.0 0.71370015625 0.0 0.71370015625
0 0.0 0.3521240625 0.0 0.3521240625 0.0 0.17705390624999992 0.0 0.17705390624999992
0 0.0 1.0 0.0 1.0 0.0 0.9086042187500001 0.0 0.9086042187500001
0 0.3135703124999999 1.0 0.3171875 1.0 0.3135703124999999 0.71192421875 0.3171875 0.71192421875
0 0.0 0.43864828125 0.0 0.43864828125 0.0 0.2736389062500001 0.0 0.2736389062500001
0 0.0 1.0 0.0 1.0 0.0 0.9014925 0.0 0.9014925
0 0.0 0.68504234375 0.17940000000000006 0.68504234375 0.0 0.29642828125000004 0.17940000000000006 0.29642828125000004
0 0.0 0.25721687499999996 0.0 0.25721687499999996 0.0 0.0 0.0 0.0
0 0.0 0.74585484375 0.0 0.74585484375 0.0 0.67549640625 0.0 0.67549640625
0 0.0 0.9021634374999999 0.0 0.9021634374999999 0.0 0.50941640625 0.0 0.50941640625
0 0.0 0.32371640625 0.0 0.32371640625 0.0 0.09965203124999995 0.0 0.09965203124999995
0 0.0 0.8636159375 0.0 0.8636159375 0.0 0.56242640625 0.0 0.56242640625
0 0.0 0.79910203125 0.0 0.79910203125 0.0 0.58751 0.0 0.58751
0 0.1156437499999999 0.42974328125000005 0.3171875 0.42974328125000005 0.1156437499999999 0.2064078125 0.3171875 0.2064078125
0 0.0 1.0 0.0 1.0 0.0 0.87255234375 0.0 0.87255234375
0 0.0 1.0 0.0 1.0 0.0 0.883915625 0.0 0.883915625
0 0.0 0.42444218749999996 0.0 0.42444218749999996 0.0 0.11950828125000008 0.0 0.11950828125000008
0 0.0 0.31593374999999996 0.01087656250000002 0.31593374999999996 0.0 0.18513828125000006 0.01087656250000002 0.18513828125000006
0 0.0 0.457855625 0.0 0.457855625 0.0 0.33741140625000005 0.0 0.33741140625000005
0 0.0 0.32840609374999996 0.0 0.32840609374999996 0.0 0.2784381249999999 0.0 0.2784381249999999
0 0.0 0.07061406249999998 0.0 0.07061406249999998 0.0 0.019184843749999913 0.0 0.019184843749999913
0 0.0 0.2684834374999999 0.0 0.2684834374999999 0.0 0.19320531249999995 0.0 0.19320531249999995
0 0.0 0.34864281249999995 0.0 0.34864281249999995 0.0 0.18451562500000004 0.0 0.18451562500000004
0 0.0 0.24187953125000003 0.0 0.24187953125000003 0.0 0.16798812499999993 0.0 0.16798812499999993
0 0.0 0.3767871875 0.10685000000000003 0.3767871875 0.0 0.1739912500000001 0.10685000000000003 0.1739912500000001
0 0.0 0.36740859375 0.0 0.36740859375 0.0 0.0 0.0 0.0
0 0.0 0.881115 0.0 0.881115 0.0 0.66162890625 0.0 0.66162890625
0 0.0 0.57605125 0.0 0.57605125 0.0 0.18832218750000002 0.0 0.18832218750000002
0 0.0 0.012280625 0.0 0.012280625 0.0 0.0 0.0 0.0
0 0.0 1.0 0.0 1.0 0.0 0.80433921875 0.0 0.80433921875
