0 0.0 0.0 0.33439 0.0 0.0 0.0 0.33439 0.0
0 0.5688192187500001 0.12322538749999996 0.8077840625 0.12322538749999996 0.5688192187500001 0.0 0.8077840625 0.0
0 1.0 0.015645015624999915 1.0 0.015645015624999915 1.0 0.0 1.0 0.0
0 0.5149753125000001 0.0 0.6731592187500001 0.0 0.5149753125000001 0.0 0.6731592187500001 0.0
0 1.0 0.1359375 1.0 0.1359375 1.0 0.08193873437499999 1.0 0.08193873437499999
0 0.0 0.1359375 0.2917084375 0.1359375 0.0 0.0 0.2917084375 0.0
0 0.0 0.0 0.27410843749999997 0.0 0.0 0.0 0.27410843749999997 0.0
0 0.8545446875 0.0 0.92395609375 0.0 0.8545446875 0.0 0.92395609375 0.0
0 0.0 0.0 0.0192715625 0.0 0.0 0.0 0.0192715625 0.0
0 0.0 0.1359375 0.076539953125 0.1359375 0.0 0.045200250000000074 0.076539953125 0.045200250000000074
0 0.0 0.0 0.134384453125 0.0 0.0 0.0 0.134384453125 0.0
0 1.0 0.12785335312499999 1.0 0.12785335312499999 1.0 0.0 1.0 0.0
0 0.29653921875 0.13371292343750002 0.5601446875 0.13371292343750002 0.29653921875 0.0 0.5601446875 0.0
0 0.949118125 0.0 1.0 0.0 0.949118125 0.0 1.0 0.0
0 0.0 0.0 0.06943509375 0.0 0.0 0.0 0.06943509375 0.0
0 0.46265999999999996 0.0 0.9015664062500001 0.0 0.46265999999999996 0.0 0.9015664062500001 0.0
0 0.45252187499999996 0.0 0.66349171875 0.0 0.45252187499999996 0.0 0.66349171875 0.0
0 0.0 0.0 0.24603296874999997 0.0 0.0 0.0 0.24603296874999997 0.0
0 0.14726378125 0.1359375 0.3858678125 0.1359375 0.14726378125 0.004917640624999997 0.3858678125 0.004917640624999997
0 1.0 0.1359375 1.0 0.1359375 1.0 0.10920757812499993 1.0 0.10920757812499993
0 1.0 0.11305135937500008 1.0 0.11305135937500008 1.0 0.0 1.0 0.0
