0 1.0 0.24404249999999994 1.0 0.24404249999999994 1.0 0.03419296875000004 1.0 0.03419296875000004
0 0.6219781249999999 0.9366167187500001 0.8572918749999999 0.9366167187500001 0.6219781249999999 0.70145828125 0.8572918749999999 0.70145828125
0 0.0 0.390205 0.26785296875000003 0.390205 0.0 0.0 0.26785296875000003 0.0
0 0.97592375 0.06594578124999995 1.0 0.06594578124999995 0.97592375 0.0 1.0 0.0
0 1.0 1.0 1.0 1.0 1.0 0.996122390625 1.0 0.996122390625
0 0.38407468749999996 0.6372971875 0.6526978125 0.6372971875 0.38407468749999996 0.3778015625 0.6526978125 0.3778015625
0 1.0 1.0 1.0 1.0 1.0 0.77937609375 1.0 0.77937609375
0 1.0 0.76025625 1.0 0.76025625 1.0 0.702989375 1.0 0.702989375
0 1.0 0.42886765625 1.0 0.42886765625 1.0 0.2848634375 1.0 0.2848634375
0 1.0 1.0 1.0 1.0 1.0 0.7693515625 1.0 0.7693515625
0 1.0 0.44923437499999996 1.0 0.44923437499999996 1.0 0.21613046874999994 1.0 0.21613046874999994
0 1.0 0.9720584375 1.0 0.9720584375 1.0 0.7464640625 1.0 0.7464640625
0 0.38454781250000003 0.23347609375000006 0.60244 0.23347609375000006 0.38454781250000003 0.04515406249999998 0.60244 0.04515406249999998
0 0.72409390625 1.0 1.0 1.0 0.72409390625 0.9087209375 1.0 0.9087209375
0 0.770835 0.6452865625 0.99829125 0.6452865625 0.770835 0.4179659375 0.99829125 0.4179659375
0 1.0 0.19546812500000002 1.0 0.19546812500000002 1.0 0.0009079687499999878 1.0 0.0009079687499999878
0 1.0 0.32010453125 1.0 0.32010453125 1.0 0.08007015625000005 1.0 0.08007015625000005
0 0.42014140624999996 1.0 0.66761578125 1.0 0.42014140624999996 1.0 0.66761578125 1.0
0 0.0 0.77779640625 0.07675396875 0.77779640625 0.0 0.620759375 0.07675396875 0.620759375
0 0.3831434375 0.30804265624999994 0.62826125 0.30804265624999994 0.3831434375 0.06912109374999993 0.62826125 0.06912109374999993
0 1.0 0.19543062500000002 1.0 0.19543062500000002 1.0 0.0 1.0 0.0
0 1.0 0.61514625 1.0 0.61514625 1.0 0.48582468749999996 1.0 0.48582468749999996
0 1.0 0.012531249999999971 1.0 0.012531249999999971 1.0 0.0 1.0 0.0
0 1.0 0.10456140625000003 1.0 0.10456140625000003 1.0 0.0 1.0 0.0
0 1.0 0.6975409375 1.0 0.6975409375 1.0 0.64466984375 1.0 0.64466984375
0 1.0 0.84972109375 1.0 0.84972109375 1.0 0.64830109375 1.0 0.64830109375
0 1.0 0.03353734374999995 1.0 0.03353734374999995 1.0 0.0 1.0 0.0
0 0.35315093750000004 1.0 0.652690625 1.0 0.35315093750000004 0.9669657812500001 0.652690625 0.9669657812500001
0 0.49197703125 0.90708703125 0.7259065625 0.90708703125 0.49197703125 0.6810578125 0.7259065625 0.6810578125
0 1.0 0.8090746875000001 1.0 0.8090746875000001 1.0 0.57649625 1.0 0.57649625
0 1.0 0.1417448437499999 1.0 0.1417448437499999 1.0 0.0 1.0 0.0
