0 0.0 1.0 0.0 1.0 0.0 0.85713453125 0.0 0.85713453125
0 0.0 0.35934906250000004 0.0 0.35934906250000004 0.0 0.18219859374999992 0.0 0.18219859374999992
0 0.0 0.35434109375 0.0 0.35434109375 0.0 0.06704484374999993 0.0 0.06704484374999993
0 0.0 0.044107968750000025 0.0 0.044107968750000025 0.0 0.0 0.0 0.0
0 0.0 0.83498875 0.0 0.83498875 0.0 0.5705628125 0.0 0.5705628125
0 0.0 0.04701296875000001 0.0 0.04701296875000001 0.0 0.0 0.0 0.0
0 0.0 0.012577187499999986 0.0 0.012577187499999986 0.0 0.0 0.0 0.0
0 0.0 0.10414890625000002 0.0 0.10414890625000002 0.0 0.0 0.0 0.0
0 0.0 0.014970156250000066 0.0 0.014970156250000066 0.0 0.0 0.0 0.0
0 0.0 1.0 0.0 1.0 0.0 0.83904546875 0.0 0.83904546875
0 0.0 0.08719031249999994 0.0 0.08719031249999994 0.0 0.0 0.0 0.0
0 0.0 0.10173390624999996 0.0 0.10173390624999996 0.0 0.0 0.0 0.0
0 0.0 0.8255543750000001 0.0 0.8255543750000001 0.0 0.4288428125 0.0 0.4288428125
0 0.0 0.6845085937500001 0.0 0.6845085937500001 0.0 0.2342104687499999 0.0 0.2342104687499999
0 0.0 0.5922134375 0.0 0.5922134375 0.0 0.542353125 0.0 0.542353125
0 0.0 0.13054265624999992 0.0 0.13054265624999992 0.0 0.0 0.0 0.0
0 0.0 0.046924843749999924 0.0 0.046924843749999924 0.0 0.0 0.0 0.0
0 0.0 0.16191312500000005 0.0 0.16191312500000005 0.0 0.05253281249999997 0.0 0.05253281249999997
0 0.0 0.1858174999999999 0.0 0.1858174999999999 0.0 0.13747812499999998 0.0 0.13747812499999998
0 0.0 0.99214784375 0.0 0.99214784375 0.0 0.8184179687500001 0.0 0.8184179687500001
0 0.0 0.2688721875000001 0.0 0.2688721875000001 0.0 0.0 0.0 0.0
0 0.0 1.0 0.0 1.0 0.0 0.85737109375 0.0 0.85737109375
