0 0.0 0.1359375 0.0 0.1359375 0.0 0.04969385937500004 0.0 0.04969385937500004
0 0.0 0.11575909375000001 0.0 0.11575909375000001 0.0 0.0 0.0 0.0
0 0.0 0.010002500000000048 0.0 0.010002500000000048 0.0 0.0 0.0 0.0
0 0.0 0.1359375 0.0 0.1359375 0.0 0.0 0.0 0.0
0 0.29774062500000015 0.0 0.3171875 0.0 0.29774062500000015 0.0 0.3171875 0.0
0 0.1804796875000001 0.0 0.3171875 0.0 0.1804796875000001 0.0 0.3171875 0.0
0 0.2694875 0.1359375 0.3171875 0.1359375 0.2694875 0.0 0.3171875 0.0
0 0.0 0.1359375 0.0 0.1359375 0.0 0.025741843750000014 0.0 0.025741843750000014
0 0.0 0.08716710937500008 0.0 0.08716710937500008 0.0 0.03519798437499997 0.0 0.03519798437499997
0 0.0 0.1359375 0.14328749999999993 0.1359375 0.0 0.06670970312499999 0.14328749999999993 0.06670970312499999
0 0.0 0.0 0.17590937500000017 0.0 0.0 0.0 0.17590937500000017 0.0
0 0.0 0.0 0.1327421874999999 0.0 0.0 0.0 0.1327421874999999 0.0
0 0.3159749999999999 0.0 0.3171875 0.0 0.3159749999999999 0.0 0.3171875 0.0
0 0.012220312499999863 0.0 0.18151718750000007 0.0 0.012220312499999863 0.0 0.18151718750000007 0.0
0 0.0 0.10486096875000009 0.0 0.10486096875000009 0.0 0.028345578124999982 0.0 0.028345578124999982
