0 0.5024646875000001 0.1359375 0.6426375 0.1359375 0.5024646875000001 0.04969385937500004 0.6426375 0.04969385937500004
0 0.32464328125 0.0 0.4808353125 0.0 0.32464328125 0.0 0.4808353125 0.0
0 0.6374171874999999 0.0 0.8383437499999999 0.0 0.6374171874999999 0.0 0.8383437499999999 0.0
0 0.5063459375000001 0.0 0.7485546875000001 0.0 0.5063459375000001 0.0 0.7485546875000001 0.0
0 0.0 0.11575909375000001 0.0 0.11575909375000001 0.0 0.0 0.0 0.0
0 0.3522718749999999 0.0 0.6573531249999999 0.0 0.3522718749999999 0.0 0.6573531249999999 0.0
0 0.0 0.010002500000000048 0.0 0.010002500000000048 0.0 0.0 0.0 0.0
0 0.0 0.1359375 0.0 0.1359375 0.0 0.0 0.0 0.0
0 0.02218640624999999 0.0 0.23764015624999998 0.0 0.02218640624999999 0.0 0.23764015624999998 0.0
0 0.0 0.0 0.10718312500000007 0.0 0.0 0.0 0.10718312500000007 0.0
0 0.18260843750000005 0.0 0.23911796874999994 0.0 0.18260843750000005 0.0 0.23911796874999994 0.0
0 0.26102875000000003 0.0 0.43462281249999996 0.0 0.26102875000000003 0.0 0.43462281249999996 0.0
0 0.0 0.0 0.002132968749999975 0.0 0.0 0.0 0.002132968749999975 0.0
0 1.0 0.1359375 1.0 0.1359375 1.0 0.0 1.0 0.0
0 0.0 0.1359375 0.0 0.1359375 0.0 0.025741843750000014 0.0 0.025741843750000014
0 0.0 0.0 0.11248984375000007 0.0 0.0 0.0 0.11248984375000007 0.0
0 0.7431437500000001 0.0 0.9413546875000002 0.0 0.7431437500000001 0.0 0.9413546875000002 0.0
0 0.7042421874999999 0.08716710937500008 0.7575312499999999 0.08716710937500008 0.7042421874999999 0.03519798437499997 0.7575312499999999 0.03519798437499997
0 0.8338390624999998 0.1359375 1.0 0.1359375 0.8338390624999998 0.06670970312499999 1.0 0.06670970312499999
0 0.5060842187500001 0.0 0.5648828124999999 0.0 0.5060842187500001 0.0 0.5648828124999999 0.0
0 0.9612312500000002 0.0 1.0 0.0 0.9612312500000002 0.0 1.0 0.0
0 0.8430390625000002 0.0 1.0 0.0 0.8430390625000002 0.0 1.0 0.0
0 0.0 0.10486096875000009 0.008651718750000014 0.10486096875000009 0.0 0.028345578124999982 0.008651718750000014 0.028345578124999982
