0 1.0 0.1359375 1.0 0.1359375 1.0 0.04969385937500004 1.0 0.04969385937500004
0 0.56517234375 0.0 0.8072818749999999 0.0 0.56517234375 0.0 0.8072818749999999 0.0
0 0.0 0.0 0.12500306249999998 0.0 0.0 0.0 0.12500306249999998 0.0
0 0.0 0.0 0.14903446874999998 0.0 0.0 0.0 0.14903446874999998 0.0
0 0.24643921875000002 0.11575909375000001 0.47053515625 0.11575909375000001 0.24643921875000002 0.0 0.47053515625 0.0
0 0.31040671875000003 0.0 0.4811565625 0.0 0.31040671875000003 0.0 0.4811565625 0.0
0 0.5711059374999999 0.010002500000000048 0.8055679687499999 0.010002500000000048 0.5711059374999999 0.0 0.8055679687499999 0.0
0 0.25845609375 0.1359375 0.48532015624999997 0.1359375 0.25845609375 0.0 0.48532015624999997 0.0
0 0.88553203125 0.0 1.0 0.0 0.88553203125 0.0 1.0 0.0
0 0.0 0.0 0.0103379375 0.0 0.0 0.0 0.0103379375 0.0
0 0.36220015625 0.0 0.5345678125 0.0 0.36220015625 0.0 0.5345678125 0.0
0 0.8181106249999999 0.0 1.0 0.0 0.8181106249999999 0.0 1.0 0.0
0 0.23666203125 0.0 0.466484375 0.0 0.23666203125 0.0 0.466484375 0.0
0 1.0 0.1359375 1.0 0.1359375 1.0 0.0 1.0 0.0
0 0.22651328125 0.1359375 0.3637065625 0.1359375 0.22651328125 0.025741843750000014 0.3637065625 0.025741843750000014
0 0.87568859375 0.0 1.0 0.0 0.87568859375 0.0 1.0 0.0
0 0.21256406249999998 0.0 0.2913309375 0.0 0.21256406249999998 0.0 0.2913309375 0.0
0 1.0 0.08716710937500008 1.0 0.08716710937500008 1.0 0.03519798437499997 1.0 0.03519798437499997
0 0.0 0.0 0.05703303125 0.0 0.0 0.0 0.05703303125 0.0
0 1.0 0.1359375 1.0 0.1359375 1.0 0.06670970312499999 1.0 0.06670970312499999
0 0.9315482812500001 0.10486096875000009 1.0 0.10486096875000009 0.9315482812500001 0.028345578124999982 1.0 0.028345578124999982
0 0.73746390625 0.0 0.9997526562499999 0.0 0.73746390625 0.0 0.9997526562499999 0.0
0 0.58736703125 0.0 0.6566534374999999 0.0 0.58736703125 0.0 0.6566534374999999 0.0
