0 0.0 0.6441553125 0.0 0.6441553125 0.0 0.47545578125 0.0 0.47545578125
0 0.0 0.7270726562500001 0.0 0.7270726562500001 0.0 0.49382546875 0.0 0.49382546875
0 0.0 0.4334140625 0.0 0.4334140625 0.0 0.22132468749999995 0.0 0.22132468749999995
0 0.0 0.5098646875 0.0 0.5098646875 0.0 0.2751790625 0.0 0.2751790625
0 0.0 0.32110374999999997 0.0 0.32110374999999997 0.0 0.16682437500000002 0.0 0.16682437500000002
0 0.0 0.6617954687500001 0.0 0.6617954687500001 0.0 0.39880562499999994 0.0 0.39880562499999994
0 0.0 1.0 0.0 1.0 0.0 0.8699034375 0.0 0.8699034375
0 0.0 0.13830984374999994 0.0 0.13830984374999994 0.0 0.0 0.0 0.0
0 0.0 0.71137796875 0.0 0.71137796875 0.0 0.5461365625 0.0 0.5461365625
0 0.0 1.0 0.0 1.0 0.0 0.8011625 0.0 0.8011625
0 0.0 1.0 0.0 1.0 0.0 0.98977846875 0.0 0.98977846875
0 0.0 0.03397625000000008 0.0 0.03397625000000008 0.0 0.0 0.0 0.0
0 0.0 0.6167275 0.0 0.6167275 0.0 0.38749609375 0.0 0.38749609375
0 0.0 0.08794874999999998 0.0 0.08794874999999998 0.0 0.032267500000000025 0.0 0.032267500000000025
0 0.0 0.36835625 0.0 0.36835625 0.0 0.31233984375000007 0.0 0.31233984375000007
0 0.0 0.8390882812499999 0.0 0.8390882812499999 0.0 0.6754142187500001 0.0 0.6754142187500001
0 0.0 0.12897562499999998 0.0 0.12897562499999998 0.0 0.0 0.0 0.0
0 0.29774062500000015 0.2946690625 0.3171875 0.2946690625 0.29774062500000015 0.06641515625000008 0.3171875 0.06641515625000008
0 0.0 0.8224373437500001 0.0 0.8224373437500001 0.0 0.65348296875 0.0 0.65348296875
0 0.1804796875000001 0.09095921874999995 0.3171875 0.09095921874999995 0.1804796875000001 0.0 0.3171875 0.0
0 0.0 0.67521359375 0.0 0.67521359375 0.0 0.43851640625000005 0.0 0.43851640625000005
0 0.2694875 1.0 0.3171875 1.0 0.2694875 0.79172015625 0.3171875 0.79172015625
0 0.0 0.2475115625000001 0.0 0.2475115625000001 0.0 0.007677968750000019 0.0 0.007677968750000019
0 0.0 0.504275 0.0 0.504275 0.0 0.2945237499999999 0.0 0.2945237499999999
0 0.0 0.6204917187500001 0.0 0.6204917187500001 0.0 0.5415259375 0.0 0.5415259375
0 0.0 0.005302656249999949 0.0 0.005302656249999949 0.0 0.0 0.0 0.0
0 0.0 1.0 0.14328749999999993 1.0 0.0 1.0 0.14328749999999993 1.0
0 0.0 0.21958671874999994 0.0 0.21958671874999994 0.0 0.1594418750000001 0.0 0.1594418750000001
0 0.0 0.68724875 0.17590937500000017 0.68724875 0.0 0.46434375 0.17590937500000017 0.46434375
0 0.0 0.686045625 0.1327421874999999 0.686045625 0.0 0.40059015625 0.1327421874999999 0.40059015625
0 0.3159749999999999 0.9572687500000001 0.3171875 0.9572687500000001 0.3159749999999999 0.74001109375 0.3171875 0.74001109375
0 0.012220312499999863 0.9298596874999999 0.18151718750000007 0.9298596874999999 0.012220312499999863 0.76652171875 0.18151718750000007 0.76652171875
0 0.0 0.70602796875 0.0 0.70602796875 0.0 0.44641921875 0.0 0.44641921875
0 0.0 0.19160093749999998 0.0 0.19160093749999998 0.0 0.12341125000000001 0.0 0.12341125000000001
