0 1.0 0.6441553125 1.0 0.6441553125 1.0 0.47545578125 1.0 0.47545578125
0 0.56517234375 0.7270726562500001 0.8072818749999999 0.7270726562500001 0.56517234375 0.49382546875 0.8072818749999999 0.49382546875
0 1.0 0.4334140625 1.0 0.4334140625 1.0 0.22132468749999995 1.0 0.22132468749999995
0 1.0 0.5098646875 1.0 0.5098646875 1.0 0.2751790625 1.0 0.2751790625
0 0.0 0.32110374999999997 0.12500306249999998 0.32110374999999997 0.0 0.16682437500000002 0.12500306249999998 0.16682437500000002
0 0.0 0.6617954687500001 0.14903446874999998 0.6617954687500001 0.0 0.39880562499999994 0.14903446874999998 0.39880562499999994
0 0.24643921875000002 1.0 0.47053515625 1.0 0.24643921875000002 0.8699034375 0.47053515625 0.8699034375
0 1.0 0.13830984374999994 1.0 0.13830984374999994 1.0 0.0 1.0 0.0
0 0.31040671875000003 0.71137796875 0.4811565625 0.71137796875 0.31040671875000003 0.5461365625 0.4811565625 0.5461365625
0 0.5711059374999999 1.0 0.8055679687499999 1.0 0.5711059374999999 0.8011625 0.8055679687499999 0.8011625
0 0.25845609375 1.0 0.48532015624999997 1.0 0.25845609375 0.98977846875 0.48532015624999997 0.98977846875
0 1.0 0.03397625000000008 1.0 0.03397625000000008 1.0 0.0 1.0 0.0
0 0.88553203125 0.6167275 1.0 0.6167275 0.88553203125 0.38749609375 1.0 0.38749609375
0 0.0 0.08794874999999998 0.0103379375 0.08794874999999998 0.0 0.032267500000000025 0.0103379375 0.032267500000000025
0 1.0 0.36835625 1.0 0.36835625 1.0 0.31233984375000007 1.0 0.31233984375000007
0 0.36220015625 0.8390882812499999 0.5345678125 0.8390882812499999 0.36220015625 0.6754142187500001 0.5345678125 0.6754142187500001
0 1.0 0.12897562499999998 1.0 0.12897562499999998 1.0 0.0 1.0 0.0
0 1.0 0.2946690625 1.0 0.2946690625 1.0 0.06641515625000008 1.0 0.06641515625000008
0 0.8181106249999999 0.8224373437500001 1.0 0.8224373437500001 0.8181106249999999 0.65348296875 1.0 0.65348296875
0 1.0 0.09095921874999995 1.0 0.09095921874999995 1.0 0.0 1.0 0.0
0 0.23666203125 0.67521359375 0.466484375 0.67521359375 0.23666203125 0.43851640625000005 0.466484375 0.43851640625000005
0 1.0 1.0 1.0 1.0 1.0 0.79172015625 1.0 0.79172015625
0 0.22651328125 1.0 0.3637065625 1.0 0.22651328125 1.0 0.3637065625 1.0
0 0.87568859375 0.2475115625000001 1.0 0.2475115625000001 0.87568859375 0.007677968750000019 1.0 0.007677968750000019
0 1.0 0.504275 1.0 0.504275 1.0 0.2945237499999999 1.0 0.2945237499999999
0 0.21256406249999998 0.6204917187500001 0.2913309375 0.6204917187500001 0.21256406249999998 0.5415259375 0.2913309375 0.5415259375
0 0.0 0.005302656249999949 0.05703303125 0.005302656249999949 0.0 0.0 0.05703303125 0.0
0 1.0 0.21958671874999994 1.0 0.21958671874999994 1.0 0.1594418750000001 1.0 0.1594418750000001
0 1.0 0.68724875 1.0 0.68724875 1.0 0.46434375 1.0 0.46434375
0 1.0 0.686045625 1.0 0.686045625 1.0 0.40059015625 1.0 0.40059015625
0 1.0 0.9572687500000001 1.0 0.9572687500000001 1.0 0.74001109375 1.0 0.74001109375
0 1.0 0.9298596874999999 1.0 0.9298596874999999 1.0 0.76652171875 1.0 0.76652171875
0 0.9315482812500001 1.0 1.0 1.0 0.9315482812500001 1.0 1.0 1.0
0 0.73746390625 0.70602796875 0.9997526562499999 0.70602796875 0.73746390625 0.44641921875 0.9997526562499999 0.44641921875
0 0.58736703125 0.19160093749999998 0.6566534374999999 0.19160093749999998 0.58736703125 0.12341125000000001 0.6566534374999999 0.12341125000000001
