0 0.94227734375 0.0 1.0 0.0 0.94227734375 0.0 1.0 0.0
0 0.0 0.0 0.1798384375 0.0 0.0 0.0 0.1798384375 0.0
0 0.76903484375 0.0 0.9869895312500001 0.0 0.76903484375 0.0 0.9869895312500001 0.0
0 1.0 0.003197437500000078 1.0 0.003197437500000078 1.0 0.0 1.0 0.0
0 0.18288875 0.1359375 0.38420078125 0.1359375 0.18288875 0.0 0.38420078125 0.0
0 0.12084509375000001 0.0 0.41895078124999996 0.0 0.12084509375000001 0.0 0.41895078124999996 0.0
0 0.9243420312499999 0.0 1.0 0.0 0.9243420312499999 0.0 1.0 0.0
0 1.0 0.1359375 1.0 0.1359375 1.0 0.04600596874999994 1.0 0.04600596874999994
0 1.0 0.05732521874999996 1.0 0.05732521874999996 1.0 0.0 1.0 0.0
0 0.6959421875 0.0 1.0 0.0 0.6959421875 0.0 1.0 0.0
0 1.0 0.09611328125000007 1.0 0.09611328125000007 1.0 0.0 1.0 0.0
0 0.0 0.038479781250000046 0.23480718750000001 0.038479781250000046 0.0 0.0 0.23480718750000001 0.0
0 0.0 0.1359375 0.09845809375 0.1359375 0.0 0.07887026562500007 0.09845809375 0.07887026562500007
0 1.0 0.1359375 1.0 0.1359375 1.0 0.06899709375 1.0 0.06899709375
