0 0.0 0.0 0.20627156249999992 0.0 0.0 0.0 0.20627156249999992 0.0
0 0.9414015625000001 0.0 1.0 0.0 0.9414015625000001 0.0 1.0 0.0
0 1.0 0.003197437500000078 1.0 0.003197437500000078 1.0 0.0 1.0 0.0
0 0.0 0.1359375 0.0 0.1359375 0.0 0.0 0.0 0.0
0 0.27029250000000005 0.0 0.7205999999999999 0.0 0.27029250000000005 0.0 0.7205999999999999 0.0
0 0.0 0.0 0.10060171874999994 0.0 0.0 0.0 0.10060171874999994 0.0
0 0.44452953125000005 0.1359375 0.7123687499999999 0.1359375 0.44452953125000005 0.04600596874999994 0.7123687499999999 0.04600596874999994
0 0.9087812499999999 0.05732521874999996 1.0 0.05732521874999996 0.9087812499999999 0.0 1.0 0.0
0 0.0 0.0 0.09252109374999992 0.0 0.0 0.0 0.09252109374999992 0.0
0 0.011315781250000078 0.09611328125000007 0.2689146875 0.09611328125000007 0.011315781250000078 0.0 0.2689146875 0.0
0 0.0 0.038479781250000046 0.0 0.038479781250000046 0.0 0.0 0.0 0.0
0 0.0 0.1359375 0.0 0.1359375 0.0 0.07887026562500007 0.0 0.07887026562500007
0 0.9770937499999999 0.1359375 1.0 0.1359375 0.9770937499999999 0.06899709375 1.0 0.06899709375
