0 0.0 0.6187507812499999 0.0 0.6187507812499999 0.0 0.33753171875000004 0.0 0.33753171875000004
0 0.0 0.59431375 0.0 0.59431375 0.0 0.324009375 0.0 0.324009375
0 0.0 0.8394115624999999 0.18837968750000017 0.8394115624999999 0.0 0.5983725 0.18837968750000017 0.5983725
0 0.18175468750000015 0.89900140625 0.3171875 0.89900140625 0.18175468750000015 0.45053890625 0.3171875 0.45053890625
0 0.0 0.96439296875 0.0 0.96439296875 0.0 0.74661984375 0.0 0.74661984375
0 0.01810312500000002 1.0 0.3171875 1.0 0.01810312500000002 0.5517204687499999 0.3171875 0.5517204687499999
0 0.0 1.0 0.0 1.0 0.0 0.9964979375 0.0 0.9964979375
0 0.0 0.5473082812500001 0.0 0.5473082812500001 0.0 0.24688312499999993 0.0 0.24688312499999993
0 0.0 0.392366875 0.0 0.392366875 0.0 0.0 0.0 0.0
0 0.0 0.87927640625 0.0 0.87927640625 0.0 0.7059784375 0.0 0.7059784375
0 0.0 1.0 0.17318749999999988 1.0 0.0 0.79443140625 0.17318749999999988 0.79443140625
0 0.0 0.4216865625 0.0 0.4216865625 0.0 0.015368593750000058 0.0 0.015368593750000058
0 0.0 1.0 0.0 1.0 0.0 0.8609140625 0.0 0.8609140625
0 0.0 1.0 0.0 1.0 0.0 0.7794825 0.0 0.7794825
0 0.0 1.0 0.05648124999999986 1.0 0.0 1.0 0.05648124999999986 1.0
