0 0.48970296874999997 1.0 0.748 1.0 0.48970296874999997 0.76996703125 0.748 0.76996703125
0 0.7245515625 1.0 1.0 1.0 0.7245515625 0.74365140625 1.0 0.74365140625
0 0.0 0.6694675 0.0 0.6694675 0.0 0.24439484374999995 0.0 0.24439484374999995
0 0.8780046875 0.3092260937500001 1.0 0.3092260937500001 0.8780046875 0.0 1.0 0.0
0 0.0 0.51755859375 0.0 0.51755859375 0.0 0.3774775 0.0 0.3774775
0 0.7630203125000001 0.844949375 1.0 0.844949375 0.7630203125000001 0.40044140625 1.0 0.40044140625
0 0.12508218749999997 0.8771659375 0.43329796875 0.8771659375 0.12508218749999997 0.5671834375 0.43329796875 0.5671834375
0 0.0 0.36240937500000003 0.0 0.36240937500000003 0.0 0.0 0.0 0.0
0 0.22640062499999997 0.9024053125 0.47628843750000005 0.9024053125 0.22640062499999997 0.64814828125 0.47628843750000005 0.64814828125
0 0.9752359375000001 0.10698187499999996 1.0 0.10698187499999996 0.9752359375000001 0.0 1.0 0.0
0 0.0 0.22507406250000006 0.0 0.22507406250000006 0.0 0.10855843749999998 0.0 0.10855843749999998
0 0.31587046875 0.9708346875 0.37103734374999997 0.9708346875 0.31587046875 0.9166231249999999 0.37103734374999997 0.9166231249999999
0 0.49022921875000003 0.6222814062500001 0.7847593750000001 0.6222814062500001 0.49022921875000003 0.33272312500000006 0.7847593750000001 0.33272312500000006
0 1.0 0.5640171875 1.0 0.5640171875 1.0 0.31562312499999995 1.0 0.31562312499999995
0 0.0 0.5253759375 0.0 0.5253759375 0.0 0.21917671875 0.0 0.21917671875
0 1.0 0.4871921875 1.0 0.4871921875 1.0 0.24862874999999995 1.0 0.24862874999999995
0 0.9993187500000001 1.0 1.0 1.0 0.9993187500000001 1.0 1.0 1.0
0 0.06370500000000004 0.18112140624999995 0.14309984374999996 0.18112140624999995 0.06370500000000004 0.10170953125000004 0.14309984374999996 0.10170953125000004
0 0.0 0.15568765624999995 0.0 0.15568765624999995 0.0 0.0 0.0 0.0
0 0.0 0.50564609375 0.0 0.50564609375 0.0 0.07725265624999995 0.0 0.07725265624999995
0 0.0 0.50320609375 0.0 0.50320609375 0.0 0.23605234374999995 0.0 0.23605234374999995
0 0.28078921875 0.693649375 0.7081499999999998 0.693649375 0.28078921875 0.25996109375 0.7081499999999998 0.25996109375
0 0.0 1.0 0.0 1.0 0.0 0.89365328125 0.0 0.89365328125
0 0.0 0.08892062500000009 0.07850984375000003 0.08892062500000009 0.0 0.0 0.07850984375000003 0.0
0 0.0 0.6144684375 0.0 0.6144684375 0.0 0.16417546875000005 0.0 0.16417546875000005
0 0.0 0.76419921875 0.0 0.76419921875 0.0 0.59470953125 0.0 0.59470953125
0 0.0 1.0 0.025026093750000023 1.0 0.0 0.97225546875 0.025026093750000023 0.97225546875
0 1.0 1.0 1.0 1.0 1.0 0.8155284375 1.0 0.8155284375
0 0.98554375 0.51627578125 1.0 0.51627578125 0.98554375 0.29363828124999997 1.0 0.29363828124999997
0 0.8950250000000001 0.70055125 1.0 0.70055125 0.8950250000000001 0.39188999999999996 1.0 0.39188999999999996
0 1.0 0.6893067187499999 1.0 0.6893067187499999 1.0 0.31185171875 1.0 0.31185171875
0 0.3303928125000001 0.9040395312499999 0.6403328125000002 0.9040395312499999 0.3303928125000001 0.596376875 0.6403328125000002 0.596376875
