0 1.0 1.0 1.0 1.0 1.0 0.76996703125 1.0 0.76996703125
0 1.0 1.0 1.0 1.0 1.0 0.74365140625 1.0 0.74365140625
0 0.021703078125 0.6694675 0.43917578125 0.6694675 0.021703078125 0.24439484374999995 0.43917578125 0.24439484374999995
0 1.0 0.3092260937500001 1.0 0.3092260937500001 1.0 0.0 1.0 0.0
0 0.04856334375 1.0 0.1278788125 1.0 0.04856334375 1.0 0.1278788125 1.0
0 0.5079984375000001 0.51755859375 0.6230690625 0.51755859375 0.5079984375000001 0.3774775 0.6230690625 0.3774775
0 1.0 0.844949375 1.0 0.844949375 1.0 0.40044140625 1.0 0.40044140625
0 1.0 0.8771659375 1.0 0.8771659375 1.0 0.5671834375 1.0 0.5671834375
0 0.0 0.36240937500000003 0.3261128125 0.36240937500000003 0.0 0.0 0.3261128125 0.0
0 1.0 0.9024053125 1.0 0.9024053125 1.0 0.64814828125 1.0 0.64814828125
0 1.0 0.10698187499999996 1.0 0.10698187499999996 1.0 0.0 1.0 0.0
0 0.74664140625 0.22507406250000006 0.8880190625 0.22507406250000006 0.74664140625 0.10855843749999998 0.8880190625 0.10855843749999998
0 0.5250803125 1.0 0.66249890625 1.0 0.5250803125 1.0 0.66249890625 1.0
0 1.0 0.9708346875 1.0 0.9708346875 1.0 0.9166231249999999 1.0 0.9166231249999999
0 1.0 0.6222814062500001 1.0 0.6222814062500001 1.0 0.33272312500000006 1.0 0.33272312500000006
0 1.0 0.5640171875 1.0 0.5640171875 1.0 0.31562312499999995 1.0 0.31562312499999995
0 0.6709276562500001 0.5253759375 0.981031875 0.5253759375 0.6709276562500001 0.21917671875 0.981031875 0.21917671875
0 1.0 0.4871921875 1.0 0.4871921875 1.0 0.24862874999999995 1.0 0.24862874999999995
0 1.0 0.18112140624999995 1.0 0.18112140624999995 1.0 0.10170953125000004 1.0 0.10170953125000004
0 0.058399140625 1.0 0.32075906249999997 1.0 0.058399140625 1.0 0.32075906249999997 1.0
0 0.0 0.15568765624999995 0.08021546874999999 0.15568765624999995 0.0 0.0 0.08021546874999999 0.0
0 0.126445359375 0.50564609375 0.56157203125 0.50564609375 0.126445359375 0.07725265624999995 0.56157203125 0.07725265624999995
0 0.0 0.50320609375 0.110105328125 0.50320609375 0.0 0.23605234374999995 0.110105328125 0.23605234374999995
0 1.0 0.693649375 1.0 0.693649375 1.0 0.25996109375 1.0 0.25996109375
0 0.66682796875 1.0 0.8547475 1.0 0.66682796875 0.89365328125 0.8547475 0.89365328125
0 0.8541056250000001 0.08892062500000009 1.0 0.08892062500000009 0.8541056250000001 0.0 1.0 0.0
0 0.0 0.6144684375 0.20730515624999998 0.6144684375 0.0 0.16417546875000005 0.20730515624999998 0.16417546875000005
0 0.66610875 0.76419921875 0.85061640625 0.76419921875 0.66610875 0.59470953125 0.85061640625 0.59470953125
0 0.58732421875 1.0 1.0 1.0 0.58732421875 0.97225546875 1.0 0.97225546875
0 0.59901609375 1.0 0.7771343749999999 1.0 0.59901609375 1.0 0.7771343749999999 1.0
0 1.0 1.0 1.0 1.0 1.0 0.8155284375 1.0 0.8155284375
0 1.0 0.51627578125 1.0 0.51627578125 1.0 0.29363828124999997 1.0 0.29363828124999997
0 1.0 0.70055125 1.0 0.70055125 1.0 0.39188999999999996 1.0 0.39188999999999996
0 1.0 0.6893067187499999 1.0 0.6893067187499999 1.0 0.31185171875 1.0 0.31185171875
0 1.0 0.9040395312499999 1.0 0.9040395312499999 1.0 0.596376875 1.0 0.596376875
