0 0.5925890624999999 0.0 0.837034375 0.0 0.5925890624999999 0.0 0.837034375 0.0
0 0.0 0.1359375 0.021048906250000065 0.1359375 0.0 0.12595370937499997 0.021048906250000065 0.12595370937499997
0 0.0 0.102834421875 0.09953062500000005 0.102834421875 0.0 0.0 0.09953062500000005 0.0
0 0.27874796874999996 0.1359375 0.6309953125 0.1359375 0.27874796874999996 0.0 0.6309953125 0.0
0 0.3079621875000001 0.0 0.54797671875 0.0 0.3079621875000001 0.0 0.54797671875 0.0
0 0.18064625000000004 0.0 0.3965990625 0.0 0.18064625000000004 0.0 0.3965990625 0.0
0 0.5964859375 0.0 0.8364390624999999 0.0 0.5964859375 0.0 0.8364390624999999 0.0
0 0.13912718749999992 0.0 0.36004531249999994 0.0 0.13912718749999992 0.0 0.36004531249999994 0.0
0 0.8559625000000001 0.1359375 1.0 0.1359375 0.8559625000000001 0.0 1.0 0.0
0 0.56039890625 0.0 0.7328328124999999 0.0 0.56039890625 0.0 0.7328328124999999 0.0
0 1.0 0.1359375 1.0 0.1359375 1.0 0.0 1.0 0.0
0 0.12044171875000007 0.0 0.4297546875 0.0 0.12044171875000007 0.0 0.4297546875 0.0
0 0.026033281249999974 0.06203599999999998 0.3269456249999999 0.06203599999999998 0.026033281249999974 0.0 0.3269456249999999 0.0
0 0.0 0.1359375 0.0 0.1359375 0.0 0.021603234374999936 0.0 0.021603234374999936
0 0.27894328124999995 0.0 0.4912495312500001 0.0 0.27894328124999995 0.0 0.4912495312500001 0.0
0 0.2637445312500001 0.0 0.7130781249999998 0.0 0.2637445312500001 0.0 0.7130781249999998 0.0
0 0.6942281250000001 0.1359375 0.9458609375000002 0.1359375 0.6942281250000001 0.08698334375000005 0.9458609375000002 0.08698334375000005
0 0.39287156250000005 0.0 0.6322906249999999 0.0 0.39287156250000005 0.0 0.6322906249999999 0.0
0 0.04084562500000004 0.0 0.30082296875000003 0.0 0.04084562500000004 0.0 0.30082296875000003 0.0
0 0.0 0.0 0.16040234375000004 0.0 0.0 0.0 0.16040234375000004 0.0
