0 1.0 0.37466906250000004 1.0 0.37466906250000004 1.0 0.20939437499999994 1.0 0.20939437499999994
0 0.6135496875 0.9471175000000001 0.8463262500000001 0.9471175000000001 0.6135496875 0.72365453125 0.8463262500000001 0.72365453125
0 1.0 0.08473328124999994 1.0 0.08473328124999994 1.0 0.0 1.0 0.0
0 0.7445971874999999 0.9170384374999999 1.0 0.9170384374999999 0.7445971874999999 0.6129095312499999 1.0 0.6129095312499999
0 1.0 1.0 1.0 1.0 1.0 0.9252784375 1.0 0.9252784375
0 1.0 1.0 1.0 1.0 1.0 0.8810925000000001 1.0 0.8810925000000001
0 1.0 1.0 1.0 1.0 1.0 0.8321775 1.0 0.8321775
0 0.6385453125 0.79505359375 0.87935421875 0.79505359375 0.6385453125 0.55668578125 0.87935421875 0.55668578125
0 0.69600171875 0.6936321875 0.8742764062499999 0.6936321875 0.69600171875 0.501446875 0.8742764062499999 0.501446875
0 0.0 0.8551815625 0.13912375 0.8551815625 0.0 0.68086078125 0.13912375 0.68086078125
0 0.41372734375000003 0.63337859375 0.59120609375 0.63337859375 0.41372734375000003 0.45737875 0.59120609375 0.45737875
0 0.54399625 0.17718796875000004 0.6210060937499999 0.17718796875000004 0.54399625 0.10077593749999991 0.6210060937499999 0.10077593749999991
0 0.1693653125 1.0 0.33593937500000004 1.0 0.1693653125 0.9430615625 0.33593937500000004 0.9430615625
0 1.0 1.0 1.0 1.0 1.0 0.8261073437500001 1.0 0.8261073437500001
0 1.0 0.77396109375 1.0 0.77396109375 1.0 0.5335615625 1.0 0.5335615625
0 1.0 0.04615562499999992 1.0 0.04615562499999992 1.0 0.0 1.0 0.0
0 0.99866390625 1.0 1.0 1.0 0.99866390625 0.68031984375 1.0 0.68031984375
0 0.67565734375 0.33724546875000005 1.0 0.33724546875000005 0.67565734375 0.0 1.0 0.0
0 0.676930625 1.0 0.94121796875 1.0 0.676930625 0.91799078125 0.94121796875 0.91799078125
0 0.080348765625 0.5133459375 0.37871375 0.5133459375 0.080348765625 0.22735625000000007 0.37871375 0.22735625000000007
0 0.0 1.0 0.139269515625 1.0 0.0 1.0 0.139269515625 1.0
0 0.28807015625 0.06918703125000007 0.47370124999999996 0.06918703125000007 0.28807015625 0.0 0.47370124999999996 0.0
0 1.0 1.0 1.0 1.0 1.0 0.9519421874999999 1.0 0.9519421874999999
0 1.0 1.0 1.0 1.0 1.0 0.7662864062500001 1.0 0.7662864062500001
0 0.38243921875 0.7717595312500001 0.56531109375 0.7717595312500001 0.38243921875 0.589064375 0.56531109375 0.589064375
0 1.0 0.84369078125 1.0 0.84369078125 1.0 0.40797515625 1.0 0.40797515625
0 0.0 0.67191359375 0.221444375 0.67191359375 0.0 0.40167109375 0.221444375 0.40167109375
0 1.0 0.19158921875000007 1.0 0.19158921875000007 1.0 0.14444328125000006 1.0 0.14444328125000006
0 0.48148515625000005 1.0 0.65451875 1.0 0.48148515625000005 0.8849740624999999 0.65451875 0.8849740624999999
0 1.0 0.04528671875000008 1.0 0.04528671875000008 1.0 0.0 1.0 0.0
0 1.0 0.63926828125 1.0 0.63926828125 1.0 0.5598584375 1.0 0.5598584375
0 0.0 0.6106790625 0.02358203125 0.6106790625 0.0 0.35313125 0.02358203125 0.35313125
