0 0.0 0.1359375 0.0 0.1359375 0.0 0.0 0.0 0.0
0 0.23759687499999985 0.0 0.3171875 0.0 0.23759687499999985 0.0 0.3171875 0.0
0 0.0 0.1359375 0.0 0.1359375 0.0 0.0 0.0 0.0
0 0.0 0.1359375 0.0 0.1359375 0.0 0.04998742187499996 0.0 0.04998742187499996
0 0.26445624999999995 0.011325484374999917 0.3171875 0.011325484374999917 0.26445624999999995 0.0 0.3171875 0.0
0 0.1279859375000001 0.0 0.3171875 0.0 0.1279859375000001 0.0 0.3171875 0.0
0 0.24072812500000004 0.0 0.3171875 0.0 0.24072812500000004 0.0 0.3171875 0.0
0 0.0 0.0 0.04932499999999997 0.0 0.0 0.0 0.04932499999999997 0.0
0 0.0 0.07513762499999999 0.0 0.07513762499999999 0.0 0.0 0.0 0.0
0 0.0 0.1359375 0.0 0.1359375 0.0 0.0 0.0 0.0
0 0.27429218750000006 0.1359375 0.3171875 0.1359375 0.27429218750000006 0.0039061249999999604 0.3171875 0.0039061249999999604
0 0.0 0.009830625000000027 0.0 0.009830625000000027 0.0 0.0 0.0 0.0
0 0.0 0.030836187499999924 0.0 0.030836187499999924 0.0 0.0 0.0 0.0
0 0.061618749999999875 0.0 0.296109375 0.0 0.061618749999999875 0.0 0.296109375 0.0
0 0.0 0.1359375 0.0 0.1359375 0.0 0.0 0.0 0.0
0 0.05550781250000014 0.0 0.3171875 0.0 0.05550781250000014 0.0 0.3171875 0.0
0 0.0 0.013401093749999936 0.0 0.013401093749999936 0.0 0.0 0.0 0.0
0 0.0 0.1359375 0.0 0.1359375 0.0 0.0 0.0 0.0
0 0.0 0.1359375 0.0 0.1359375 0.0 0.0 0.0 0.0
0 0.2876203125 0.0 0.3171875 0.0 0.2876203125 0.0 0.3171875 0.0
0 0.0 0.0 0.3171875 0.0 0.0 0.0 0.3171875 0.0
0 0.0 0.0 0.045498437499999864 0.0 0.0 0.0 0.045498437499999864 0.0
0 0.2751796875 0.0 0.3171875 0.0 0.2751796875 0.0 0.3171875 0.0
