0 1.0 0.04819828125000001 1.0 0.04819828125000001 1.0 0.0 1.0 0.0
0 1.0 1.0 1.0 1.0 1.0 0.837923125 1.0 0.837923125
0 0.6940339062499999 0.009698125000000068 0.9304537500000001 0.009698125000000068 0.6940339062499999 0.0 0.9304537500000001 0.0
0 0.0 0.46925015625000005 0.031588 0.46925015625000005 0.0 0.20823828125000005 0.031588 0.20823828125000005
0 1.0 0.06608078124999998 1.0 0.06608078124999998 1.0 0.0 1.0 0.0
0 1.0 0.039577031249999985 1.0 0.039577031249999985 1.0 0.0 1.0 0.0
0 0.008139885937499999 0.49136499999999994 0.31314359375 0.49136499999999994 0.008139885937499999 0.18192249999999993 0.31314359375 0.18192249999999993
0 1.0 1.0 1.0 1.0 1.0 0.7343540625 1.0 0.7343540625
0 0.046608828125 0.28322031249999996 0.486994375 0.28322031249999996 0.046608828125 0.0 0.486994375 0.0
0 1.0 0.6980262500000001 1.0 0.6980262500000001 1.0 0.41502234375 1.0 0.41502234375
0 1.0 0.73587171875 1.0 0.73587171875 1.0 0.4019609375 1.0 0.4019609375
0 1.0 1.0 1.0 1.0 1.0 0.88212328125 1.0 0.88212328125
0 0.6770528125 0.020335156249999996 0.7305287500000001 0.020335156249999996 0.6770528125 0.0 0.7305287500000001 0.0
0 1.0 0.03850281249999998 1.0 0.03850281249999998 1.0 0.0 1.0 0.0
0 0.0 0.06055234375000005 0.068347765625 0.06055234375000005 0.0 0.0 0.068347765625 0.0
0 0.54843296875 0.002288281250000068 0.80367671875 0.002288281250000068 0.54843296875 0.0 0.80367671875 0.0
0 0.66200859375 1.0 1.0 1.0 0.66200859375 0.96096890625 1.0 0.96096890625
0 1.0 0.09014734375 1.0 0.09014734375 1.0 0.0 1.0 0.0
0 0.66695359375 0.69527453125 0.8489084374999999 0.69527453125 0.66695359375 0.51339515625 0.8489084374999999 0.51339515625
0 0.133100765625 0.87647 0.31067015625 0.87647 0.133100765625 0.6999728125 0.31067015625 0.6999728125
0 0.6159109375 1.0 0.8396309375 1.0 0.6159109375 1.0 0.8396309375 1.0
0 1.0 0.09590999999999994 1.0 0.09590999999999994 1.0 0.0 1.0 0.0
0 0.70476734375 0.5228384375 1.0 0.5228384375 0.70476734375 0.22563781249999995 1.0 0.22563781249999995
0 1.0 0.5907859375 1.0 0.5907859375 1.0 0.36398265625 1.0 0.36398265625
0 0.1813546875 1.0 0.3985375 1.0 0.1813546875 0.89585703125 0.3985375 0.89585703125
0 0.282906875 0.77098390625 0.514639375 0.77098390625 0.282906875 0.53939609375 0.514639375 0.53939609375
0 0.35980671875 1.0 0.7122575 1.0 0.35980671875 1.0 0.7122575 1.0
0 0.0 1.0 0.08619865625 1.0 0.0 1.0 0.08619865625 1.0
0 1.0 0.9454092187500001 1.0 0.9454092187500001 1.0 0.73365953125 1.0 0.73365953125
0 1.0 1.0 1.0 1.0 1.0 0.75926 1.0 0.75926
0 0.36556515625 0.55009984375 0.666055 0.55009984375 0.36556515625 0.25379953125 0.666055 0.25379953125
0 1.0 0.77538625 1.0 0.77538625 1.0 0.47036765625 1.0 0.47036765625
0 0.75862984375 1.0 1.0 1.0 0.75862984375 0.6592617187500001 1.0 0.6592617187500001
0 1.0 0.2784109375 1.0 0.2784109375 1.0 0.10482640624999995 1.0 0.10482640624999995
0 0.17861328125 0.13882234375000008 0.48929687499999996 0.13882234375000008 0.17861328125 0.0 0.48929687499999996 0.0
0 0.457690625 0.12757781250000005 0.8469625000000001 0.12757781250000005 0.457690625 0.0 0.8469625000000001 0.0
