0 0.0 0.04819828125000001 0.0 0.04819828125000001 0.0 0.0 0.0 0.0
0 0.15227812500000013 1.0 0.3171875 1.0 0.15227812500000013 0.837923125 0.3171875 0.837923125
0 0.0 0.009698125000000068 0.0 0.009698125000000068 0.0 0.0 0.0 0.0
0 0.0 0.46925015625000005 0.0 0.46925015625000005 0.0 0.20823828125000005 0.0 0.20823828125000005
0 0.0 0.06608078124999998 0.0 0.06608078124999998 0.0 0.0 0.0 0.0
0 0.0 1.0 0.0881265625000001 1.0 0.0 1.0 0.0881265625000001 1.0
0 0.0 0.039577031249999985 0.0 0.039577031249999985 0.0 0.0 0.0 0.0
0 0.0 0.49136499999999994 0.0 0.49136499999999994 0.0 0.18192249999999993 0.0 0.18192249999999993
0 0.0 1.0 0.0 1.0 0.0 0.7343540625 0.0 0.7343540625
0 0.018748437500000038 1.0 0.1858921875 1.0 0.018748437500000038 1.0 0.1858921875 1.0
0 0.0 0.28322031249999996 0.0 0.28322031249999996 0.0 0.0 0.0 0.0
0 0.0 0.6980262500000001 0.20331093749999987 0.6980262500000001 0.0 0.41502234375 0.20331093749999987 0.41502234375
0 0.0 0.73587171875 0.0 0.73587171875 0.0 0.4019609375 0.0 0.4019609375
0 0.1975515625 1.0 0.3171875 1.0 0.1975515625 0.88212328125 0.3171875 0.88212328125
0 0.0 1.0 0.2156593749999999 1.0 0.0 1.0 0.2156593749999999 1.0
0 0.0 0.020335156249999996 0.0 0.020335156249999996 0.0 0.0 0.0 0.0
0 0.0 0.03850281249999998 0.2379359375 0.03850281249999998 0.0 0.0 0.2379359375 0.0
0 0.0 0.06055234375000005 0.0 0.06055234375000005 0.0 0.0 0.0 0.0
0 0.0 0.002288281250000068 0.0 0.002288281250000068 0.0 0.0 0.0 0.0
0 0.0 1.0 0.0 1.0 0.0 0.96096890625 0.0 0.96096890625
0 0.0 0.09014734375 0.0 0.09014734375 0.0 0.0 0.0 0.0
0 0.0 0.69527453125 0.0 0.69527453125 0.0 0.51339515625 0.0 0.51339515625
0 0.0 0.87647 0.0 0.87647 0.0 0.6999728125 0.0 0.6999728125
0 0.30474687500000003 0.09590999999999994 0.3171875 0.09590999999999994 0.30474687500000003 0.0 0.3171875 0.0
0 0.0 0.5228384375 0.0 0.5228384375 0.0 0.22563781249999995 0.0 0.22563781249999995
0 0.3068687499999999 0.5907859375 0.3171875 0.5907859375 0.3068687499999999 0.36398265625 0.3171875 0.36398265625
0 0.0 1.0 0.0 1.0 0.0 0.89585703125 0.0 0.89585703125
0 0.0 0.77098390625 0.0 0.77098390625 0.0 0.53939609375 0.0 0.53939609375
0 0.0 0.9454092187500001 0.0 0.9454092187500001 0.0 0.73365953125 0.0 0.73365953125
0 0.0 1.0 0.0 1.0 0.0 0.75926 0.0 0.75926
0 0.0 0.55009984375 0.0 0.55009984375 0.0 0.25379953125 0.0 0.25379953125
0 0.0 0.77538625 0.1873546874999999 0.77538625 0.0 0.47036765625 0.1873546874999999 0.47036765625
0 0.0 1.0 0.0 1.0 0.0 0.6592617187500001 0.0 0.6592617187500001
0 0.0 0.2784109375 0.0 0.2784109375 0.0 0.10482640624999995 0.0 0.10482640624999995
0 0.0 0.13882234375000008 0.0 0.13882234375000008 0.0 0.0 0.0 0.0
0 0.0 0.12757781250000005 0.0 0.12757781250000005 0.0 0.0 0.0 0.0
