0 0.15227812500000013 0.006413562500000048 0.3171875 0.006413562500000048 0.15227812500000013 0.0 0.3171875 0.0
0 0.0 0.1359375 0.0881265625000001 0.1359375 0.0 0.10444431250000008 0.0881265625000001 0.10444431250000008
0 0.0 0.1359375 0.0 0.1359375 0.0 0.0 0.0 0.0
0 0.018748437500000038 0.1359375 0.1858921875 0.1359375 0.018748437500000038 0.0065808750000000416 0.1858921875 0.0065808750000000416
0 0.0 0.0 0.20331093749999987 0.0 0.0 0.0 0.20331093749999987 0.0
0 0.1975515625 0.11423040624999992 0.3171875 0.11423040624999992 0.1975515625 0.0 0.3171875 0.0
0 0.0 0.1359375 0.2156593749999999 0.1359375 0.0 0.09410690625000004 0.2156593749999999 0.09410690625000004
0 0.0 0.0 0.2379359375 0.0 0.0 0.0 0.2379359375 0.0
0 0.0 0.1359375 0.0 0.1359375 0.0 0.0 0.0 0.0
0 0.0 0.1359375 0.0 0.1359375 0.0 0.03243073437500001 0.0 0.03243073437500001
0 0.30474687500000003 0.0 0.3171875 0.0 0.30474687500000003 0.0 0.3171875 0.0
0 0.3068687499999999 0.0 0.3171875 0.0 0.3068687499999999 0.0 0.3171875 0.0
0 0.0 0.10244715625000005 0.0 0.10244715625000005 0.0 0.0 0.0 0.0
0 0.0 0.1359375 0.0 0.1359375 0.0 0.023157078124999942 0.0 0.023157078124999942
0 0.0 0.1359375 0.0 0.1359375 0.0 0.06862006249999997 0.0 0.06862006249999997
0 0.0 0.04891534375000006 0.0 0.04891534375000006 0.0 0.0 0.0 0.0
0 0.0 0.0 0.1873546874999999 0.0 0.0 0.0 0.1873546874999999 0.0
0 0.0 0.007264499999999963 0.0 0.007264499999999963 0.0 0.0 0.0 0.0
