0 0.5618425 0.0 0.7336468750000001 0.0 0.5618425 0.0 0.7336468750000001 0.0
0 1.0 0.006413562500000048 1.0 0.006413562500000048 1.0 0.0 1.0 0.0
0 0.5267448437500001 0.0 0.8631718750000001 0.0 0.5267448437500001 0.0 0.8631718750000001 0.0
0 0.7979578125 0.1359375 1.0 0.1359375 0.7979578125 0.10444431250000008 1.0 0.10444431250000008
0 0.06840015625000007 0.0 0.11454281250000005 0.0 0.06840015625000007 0.0 0.11454281250000005 0.0
0 0.5331946875 0.1359375 0.9392906249999999 0.1359375 0.5331946875 0.0 0.9392906249999999 0.0
0 1.0 0.1359375 1.0 0.1359375 1.0 0.0065808750000000416 1.0 0.0065808750000000416
0 0.93708125 0.0 1.0 0.0 0.93708125 0.0 1.0 0.0
0 0.12104828125000004 0.0 0.4400971875 0.0 0.12104828125000004 0.0 0.4400971875 0.0
0 1.0 0.11423040624999992 1.0 0.11423040624999992 1.0 0.0 1.0 0.0
0 0.9587625 0.1359375 1.0 0.1359375 0.9587625 0.09410690625000004 1.0 0.09410690625000004
0 0.9618765625000002 0.0 1.0 0.0 0.9618765625000002 0.0 1.0 0.0
0 0.0 0.1359375 0.016031875000000008 0.1359375 0.0 0.0 0.016031875000000008 0.0
0 0.25694312499999994 0.0 0.47143218749999993 0.0 0.25694312499999994 0.0 0.47143218749999993 0.0
0 0.0 0.1359375 0.0 0.1359375 0.0 0.03243073437500001 0.0 0.03243073437500001
0 0.0 0.0 0.004809999999999981 0.0 0.0 0.0 0.004809999999999981 0.0
0 0.0 0.10244715625000005 0.0 0.10244715625000005 0.0 0.0 0.0 0.0
0 0.0 0.1359375 0.0 0.1359375 0.0 0.023157078124999942 0.0 0.023157078124999942
0 0.0 0.1359375 0.0 0.1359375 0.0 0.06862006249999997 0.0 0.06862006249999997
0 0.6191484375000001 0.0 0.8563312499999999 0.0 0.6191484375000001 0.0 0.8563312499999999 0.0
0 0.01231624999999994 0.04891534375000006 0.2981378125000001 0.04891534375000006 0.01231624999999994 0.0 0.2981378125000001 0.0
0 0.883471875 0.0 1.0 0.0 0.883471875 0.0 1.0 0.0
0 0.0 0.007264499999999963 0.12038734375000004 0.007264499999999963 0.0 0.0 0.12038734375000004 0.0
0 0.4726934375000001 0.0 0.6491125 0.0 0.4726934375000001 0.0 0.6491125 0.0
