0 0.0 0.0 0.21352656249999988 0.0 0.0 0.0 0.21352656249999988 0.0
0 0.0 0.0 0.26156250000000014 0.0 0.0 0.0 0.26156250000000014 0.0
0 0.18449375000000004 0.0 0.3171875 0.0 0.18449375000000004 0.0 0.3171875 0.0
0 0.0 0.047834749999999995 0.0 0.047834749999999995 0.0 0.0 0.0 0.0
0 0.0 0.1359375 0.0 0.1359375 0.0 0.11949928125000006 0.0 0.11949928125000006
0 0.029360937499999906 0.0 0.1884953124999999 0.0 0.029360937499999906 0.0 0.1884953124999999 0.0
0 0.0 0.0 0.025095312499999876 0.0 0.0 0.0 0.025095312499999876 0.0
0 0.0 0.12030379687499995 0.0 0.12030379687499995 0.0 0.0 0.0 0.0
0 0.0 0.0 0.02205624999999998 0.0 0.0 0.0 0.02205624999999998 0.0
0 0.0 0.02566426562499995 0.0 0.02566426562499995 0.0 0.0 0.0 0.0
0 0.22557656249999986 0.0 0.3171875 0.0 0.22557656249999986 0.0 0.3171875 0.0
0 0.23657812500000014 0.0 0.3171875 0.0 0.23657812500000014 0.0 0.3171875 0.0
0 0.0 0.0 0.26085312499999985 0.0 0.0 0.0 0.26085312499999985 0.0
