0 1.0 0.988606734375 1.0 0.988606734375 1.0 0.7449468749999999 1.0 0.7449468749999999
0 0.2916803125 1.0 0.6737346875 1.0 0.2916803125 1.0 0.6737346875 1.0
0 1.0 0.3173131250000001 1.0 0.3173131250000001 1.0 0.06294484375000006 1.0 0.06294484375000006
0 0.6578765625 0.29978187500000003 0.9667576562500001 0.29978187500000003 0.6578765625 0.0 0.9667576562500001 0.0
0 0.0 1.0 0.0035054921874999997 1.0 0.0 0.9389565624999999 0.0035054921874999997 0.9389565624999999
0 0.31444546875 0.51017796875 0.6074190625 0.51017796875 0.31444546875 0.21416484375000006 0.6074190625 0.21416484375000006
0 1.0 0.83211484375 1.0 0.83211484375 1.0 0.41729031250000004 1.0 0.41729031250000004
0 0.36606078124999997 0.5763825 0.41465874999999996 0.5763825 0.36606078124999997 0.52967765625 0.41465874999999996 0.52967765625
0 1.0 0.06716875000000008 1.0 0.06716875000000008 1.0 0.0 1.0 0.0
0 1.0 0.9619271875 1.0 0.9619271875 1.0 0.5832984375 1.0 0.5832984375
0 1.0 1.0 1.0 1.0 1.0 0.990520046875 1.0 0.990520046875
0 0.02865934375 0.06381781249999996 0.092925671875 0.06381781249999996 0.02865934375 0.0 0.092925671875 0.0
0 0.3823784375 0.61398796875 0.65587609375 0.61398796875 0.3823784375 0.3252820312500001 0.65587609375 0.3252820312500001
0 1.0 0.8705184375 1.0 0.8705184375 1.0 0.5250990625 1.0 0.5250990625
0 1.0 0.8845428125 1.0 0.8845428125 1.0 0.73061953125 1.0 0.73061953125
0 0.9084560937499999 1.0 1.0 1.0 0.9084560937499999 0.965348125 1.0 0.965348125
0 0.7703765625 0.10446796875000004 0.9389415624999999 0.10446796875000004 0.7703765625 0.0 0.9389415624999999 0.0
0 1.0 0.34261265625000004 1.0 0.34261265625000004 1.0 0.08595421875000006 1.0 0.08595421875000006
0 0.46574406249999994 0.99522540625 0.6299334375 0.99522540625 0.46574406249999994 0.8254784374999999 0.6299334375 0.8254784374999999
0 0.0 0.10814125000000008 0.19238640625 0.10814125000000008 0.0 0.0 0.19238640625 0.0
0 1.0 0.8400771875 1.0 0.8400771875 1.0 0.6267414062500001 1.0 0.6267414062500001
0 1.0 1.0 1.0 1.0 1.0 0.80847 1.0 0.80847
0 1.0 0.12560218750000002 1.0 0.12560218750000002 1.0 0.0 1.0 0.0
0 1.0 0.11696421874999992 1.0 0.11696421874999992 1.0 0.0 1.0 0.0
0 0.9476749999999999 0.23731265624999995 1.0 0.23731265624999995 0.9476749999999999 0.0 1.0 0.0
0 1.0 0.642675 1.0 0.642675 1.0 0.22794046874999996 1.0 0.22794046874999996
0 1.0 0.89414015625 1.0 0.89414015625 1.0 0.68386203125 1.0 0.68386203125
0 1.0 0.94776515625 1.0 0.94776515625 1.0 0.89744625 1.0 0.89744625
