0 0.0 0.1359375 0.0 0.1359375 0.0 0.0 0.0 0.0
0 0.0 0.1359375 0.0 0.1359375 0.0 0.0 0.0 0.0
0 0.0 0.0318976093749999 0.0 0.0318976093749999 0.0 0.0 0.0 0.0
0 0.0 0.0 0.10692812499999996 0.0 0.0 0.0 0.10692812499999996 0.0
0 0.3097468750000001 0.0 0.3171875 0.0 0.3097468750000001 0.0 0.3171875 0.0
0 0.0 0.0 0.31694062500000014 0.0 0.0 0.0 0.31694062500000014 0.0
0 0.0 0.059281484375000026 0.0 0.059281484375000026 0.0 0.0 0.0 0.0
0 0.0 0.1359375 0.0 0.1359375 0.0 0.0 0.0 0.0
0 0.0 0.10579567187500008 0.0 0.10579567187500008 0.0 0.0 0.0 0.0
0 0.15126093750000003 0.1359375 0.3171875 0.1359375 0.15126093750000003 0.0 0.3171875 0.0
0 0.0 0.1359375 0.0 0.1359375 0.0 0.0 0.0 0.0
0 0.0 0.0 0.04243906250000009 0.0 0.0 0.0 0.04243906250000009 0.0
0 0.05426093750000014 0.0 0.3171875 0.0 0.05426093750000014 0.0 0.3171875 0.0
0 0.0 0.0 0.022873437499999837 0.0 0.0 0.0 0.022873437499999837 0.0
