0 0.0 0.0 0.08155265625000005 0.0 0.0 0.0 0.08155265625000005 0.0
0 0.0 0.0 0.2178803125 0.0 0.0 0.0 0.2178803125 0.0
0 0.43381859375000004 0.0 0.72109375 0.0 0.43381859375000004 0.0 0.72109375 0.0
0 0.28529 0.0 0.47544703125000004 0.0 0.28529 0.0 0.47544703125000004 0.0
0 0.0 0.1359375 0.0 0.1359375 0.0 0.0 0.0 0.0
0 0.0 0.1359375 0.0 0.1359375 0.0 0.0 0.0 0.0
0 0.6771390624999999 0.0318976093749999 0.879059375 0.0318976093749999 0.6771390624999999 0.0 0.879059375 0.0
0 0.12458109375 0.0 0.2899998437500001 0.0 0.12458109375 0.0 0.2899998437500001 0.0
0 0.9712078125000001 0.0 1.0 0.0 0.9712078125000001 0.0 1.0 0.0
0 0.35937593749999996 0.0 0.4348353124999999 0.0 0.35937593749999996 0.0 0.4348353124999999 0.0
0 0.8087640624999999 0.0 0.8653953125000001 0.0 0.8087640624999999 0.0 0.8653953125000001 0.0
0 0.8333171875000002 0.0 0.9961109374999999 0.0 0.8333171875000002 0.0 0.9961109374999999 0.0
0 0.9442078124999999 0.0 1.0 0.0 0.9442078124999999 0.0 1.0 0.0
0 0.0 0.059281484375000026 0.0 0.059281484375000026 0.0 0.0 0.0 0.0
0 0.0 0.1359375 0.0 0.1359375 0.0 0.0 0.0 0.0
0 0.0 0.10579567187500008 0.08536937499999997 0.10579567187500008 0.0 0.0 0.08536937499999997 0.0
0 1.0 0.1359375 1.0 0.1359375 1.0 0.0 1.0 0.0
0 0.1471721875 0.0 0.29671421875000004 0.0 0.1471721875 0.0 0.29671421875000004 0.0
0 0.45696624999999996 0.1359375 0.7274750000000001 0.1359375 0.45696624999999996 0.0 0.7274750000000001 0.0
0 0.0 0.0 0.12160890625000001 0.0 0.0 0.0 0.12160890625000001 0.0
0 0.06511125 0.0 0.3289632812500001 0.0 0.06511125 0.0 0.3289632812500001 0.0
0 0.8813187500000002 0.0 1.0 0.0 0.8813187500000002 0.0 1.0 0.0
0 0.20094656250000006 0.0 0.43212124999999996 0.0 0.20094656250000006 0.0 0.43212124999999996 0.0
0 0.19915312499999996 0.0 0.27856171874999996 0.0 0.19915312499999996 0.0 0.27856171874999996 0.0
0 0.3887390625 0.0 0.6925875000000001 0.0 0.3887390625 0.0 0.6925875000000001 0.0
0 0.4265675 0.0 0.7287921874999999 0.0 0.4265675 0.0 0.7287921874999999 0.0
0 0.0 0.0 0.23267406249999995 0.0 0.0 0.0 0.23267406249999995 0.0
0 0.08137609374999996 0.0 0.3868828125 0.0 0.08137609374999996 0.0 0.3868828125 0.0
0 0.7864015625 0.0 1.0 0.0 0.7864015625 0.0 1.0 0.0
