0 0.0 0.0 0.0468190625 0.0 0.0 0.0 0.0468190625 0.0
0 0.7792246875 0.0 1.0 0.0 0.7792246875 0.0 1.0 0.0
0 0.9122159375000001 0.0 1.0 0.0 0.9122159375000001 0.0 1.0 0.0
0 0.1681821875 0.0 0.40457890625 0.0 0.1681821875 0.0 0.40457890625 0.0
0 0.23058640625 0.1359375 0.6754123437499999 0.1359375 0.23058640625 0.0 0.6754123437499999 0.0
0 0.29510890624999997 0.0 0.5172729687500001 0.0 0.29510890624999997 0.0 0.5172729687500001 0.0
0 0.158915625 0.1359375 0.447296875 0.1359375 0.158915625 0.0 0.447296875 0.0
0 0.0 0.0 0.236985 0.0 0.0 0.0 0.236985 0.0
0 1.0 0.0318976093749999 1.0 0.0318976093749999 1.0 0.0 1.0 0.0
0 0.1978390625 0.0 0.4621071875 0.0 0.1978390625 0.0 0.4621071875 0.0
0 0.0 0.059281484375000026 0.23917765625 0.059281484375000026 0.0 0.0 0.23917765625 0.0
0 0.0 0.0 0.047702656249999996 0.0 0.0 0.0 0.047702656249999996 0.0
0 0.0 0.1359375 0.07765803125000001 0.1359375 0.0 0.0 0.07765803125000001 0.0
0 0.8511274999999999 0.10579567187500008 1.0 0.10579567187500008 0.8511274999999999 0.0 1.0 0.0
0 1.0 0.1359375 1.0 0.1359375 1.0 0.0 1.0 0.0
0 1.0 0.1359375 1.0 0.1359375 1.0 0.0 1.0 0.0
0 0.92408234375 0.0 1.0 0.0 0.92408234375 0.0 1.0 0.0
0 0.0 0.0 0.01665325 0.0 0.0 0.0 0.01665325 0.0
0 0.51444859375 0.0 0.740550625 0.0 0.51444859375 0.0 0.740550625 0.0
0 0.97324234375 0.0 1.0 0.0 0.97324234375 0.0 1.0 0.0
0 0.39812859375 0.0 0.6263768749999999 0.0 0.39812859375 0.0 0.6263768749999999 0.0
