0 0.0 0.2960709375 0.0 0.2960709375 0.0 0.12070359375000006 0.0 0.12070359375000006
0 0.0 0.80267921875 0.0 0.80267921875 0.0 0.5027378125 0.0 0.5027378125
0 0.0 0.07363765625000003 0.0 0.07363765625000003 0.0 0.0 0.0 0.0
0 0.0 0.6043903125 0.0 0.6043903125 0.0 0.36815921874999996 0.0 0.36815921874999996
0 0.0 0.4497753125 0.0 0.4497753125 0.0 0.15084718749999998 0.0 0.15084718749999998
0 0.0 0.9180320312500001 0.0 0.9180320312500001 0.0 0.72795953125 0.0 0.72795953125
0 0.0 1.0 0.0 1.0 0.0 0.7738095312500001 0.0 0.7738095312500001
0 0.0 0.62179171875 0.0 0.62179171875 0.0 0.39215921875 0.0 0.39215921875
0 0.0 1.0 0.0 1.0 0.0 0.9360757812499999 0.0 0.9360757812499999
0 0.0 0.9527878125000001 0.0 0.9527878125000001 0.0 0.64274984375 0.0 0.64274984375
0 0.0 1.0 0.0 1.0 0.0 0.8300750000000001 0.0 0.8300750000000001
0 0.0 0.8865840625000001 0.0 0.8865840625000001 0.0 0.6218860937499999 0.0 0.6218860937499999
0 0.0 0.8851953124999999 0.0 0.8851953124999999 0.0 0.73500171875 0.0 0.73500171875
0 0.0 0.047574999999999965 0.10692812499999996 0.047574999999999965 0.0 0.0 0.10692812499999996 0.0
0 0.0 0.08253921875000003 0.0 0.08253921875000003 0.0 0.006501093750000031 0.0 0.006501093750000031
0 0.0 0.15722578125000003 0.0 0.15722578125000003 0.0 0.10046515624999994 0.0 0.10046515624999994
0 0.0 0.5276459375 0.0 0.5276459375 0.0 0.37242015625 0.0 0.37242015625
0 0.3097468750000001 0.66370375 0.3171875 0.66370375 0.3097468750000001 0.35384562500000005 0.3171875 0.35384562500000005
0 0.0 0.433185625 0.31694062500000014 0.433185625 0.0 0.048800312500000054 0.31694062500000014 0.048800312500000054
0 0.0 1.0 0.0 1.0 0.0 0.8122478125000001 0.0 0.8122478125000001
0 0.0 0.779811875 0.0 0.779811875 0.0 0.5429284375 0.0 0.5429284375
0 0.0 1.0 0.0 1.0 0.0 0.8859082812500001 0.0 0.8859082812500001
0 0.0 1.0 0.0 1.0 0.0 0.8717046875 0.0 0.8717046875
0 0.15126093750000003 1.0 0.3171875 1.0 0.15126093750000003 0.9804029062499999 0.3171875 0.9804029062499999
0 0.0 0.58630296875 0.0 0.58630296875 0.0 0.4591428125 0.0 0.4591428125
0 0.0 1.0 0.0 1.0 0.0 0.8763785937499999 0.0 0.8763785937499999
0 0.0 0.69973609375 0.0 0.69973609375 0.0 0.4905775 0.0 0.4905775
0 0.0 0.44356 0.0 0.44356 0.0 0.18252390624999998 0.0 0.18252390624999998
0 0.0 0.5779375 0.0 0.5779375 0.0 0.31336046875 0.0 0.31336046875
0 0.0 0.9271382812500001 0.0 0.9271382812500001 0.0 0.69379984375 0.0 0.69379984375
0 0.0 0.4119571875 0.04243906250000009 0.4119571875 0.0 0.2408099999999999 0.04243906250000009 0.2408099999999999
0 0.0 0.07798828125000004 0.0 0.07798828125000004 0.0 0.0 0.0 0.0
0 0.05426093750000014 0.5741339062499999 0.3171875 0.5741339062499999 0.05426093750000014 0.291155 0.3171875 0.291155
0 0.0 0.6738067187500001 0.0 0.6738067187500001 0.0 0.59457265625 0.0 0.59457265625
0 0.0 0.13390906250000006 0.0 0.13390906250000006 0.0 0.0 0.0 0.0
0 0.0 0.45424921874999996 0.0 0.45424921874999996 0.0 0.1544345312500001 0.0 0.1544345312500001
0 0.0 0.8727876562500001 0.0 0.8727876562500001 0.0 0.6169520312500001 0.0 0.6169520312500001
0 0.0 0.15443031250000008 0.0 0.15443031250000008 0.0 0.0 0.0 0.0
0 0.0 0.42094062499999996 0.0 0.42094062499999996 0.0 0.12423718749999998 0.0 0.12423718749999998
0 0.0 0.4717575 0.022873437499999837 0.4717575 0.0 0.23544828125000006 0.022873437499999837 0.23544828125000006
