0 0.0 0.10009531250000006 0.0 0.10009531250000006 0.0 0.0 0.0 0.0
0 0.0 0.31753687500000005 0.0 0.31753687500000005 0.0 0.25097749999999996 0.0 0.25097749999999996
0 0.2939140625 0.63236703125 0.3171875 0.63236703125 0.2939140625 0.27573718750000004 0.3171875 0.27573718750000004
0 0.0 0.058549374999999945 0.0 0.058549374999999945 0.0 0.0 0.0 0.0
0 0.0 0.63401703125 0.0 0.63401703125 0.0 0.46547234375 0.0 0.46547234375
0 0.0 0.017314687500000047 0.0 0.017314687500000047 0.0 0.0 0.0 0.0
0 0.0 0.72322828125 0.0 0.72322828125 0.0 0.48799578125 0.0 0.48799578125
0 0.0 0.3975225 0.0 0.3975225 0.0 0.08614906250000001 0.0 0.08614906250000001
0 0.0 1.0 0.0 1.0 0.0 0.8184278125000001 0.0 0.8184278125000001
0 0.0 0.566855 0.0 0.566855 0.0 0.34875640625 0.0 0.34875640625
0 0.0 0.40399828125 0.0 0.40399828125 0.0 0.14908296875 0.0 0.14908296875
0 0.0 0.2545846875000001 0.0 0.2545846875000001 0.0 0.020376718750000043 0.0 0.020376718750000043
0 0.0 0.67725140625 0.0 0.67725140625 0.0 0.5986084375 0.0 0.5986084375
0 0.0 0.40812625 0.0 0.40812625 0.0 0.24150296875000005 0.0 0.24150296875000005
0 0.0 1.0 0.0 1.0 0.0 0.8273739062499998 0.0 0.8273739062499998
0 0.0 0.30455375 0.0 0.30455375 0.0 0.0009221874999999713 0.0 0.0009221874999999713
0 0.0 0.975288125 0.0 0.975288125 0.0 0.8055026562500001 0.0 0.8055026562500001
0 0.0 0.05770468750000006 0.0 0.05770468750000006 0.0 0.0 0.0 0.0
0 0.0 1.0 0.14923437499999997 1.0 0.0 0.7865554687499999 0.14923437499999997 0.7865554687499999
0 0.0 0.9340682812499999 0.0 0.9340682812499999 0.0 0.8546639062500001 0.0 0.8546639062500001
0 0.28448906250000017 0.971563125 0.3171875 0.971563125 0.28448906250000017 0.77001140625 0.3171875 0.77001140625
0 0.0 0.34230499999999997 0.0 0.34230499999999997 0.0 0.03506984375000002 0.0 0.03506984375000002
0 0.15475625000000015 0.7004915625 0.3171875 0.7004915625 0.15475625000000015 0.47614984375 0.3171875 0.47614984375
0 0.0 0.52759734375 0.0 0.52759734375 0.0 0.07580046874999997 0.0 0.07580046874999997
0 0.0 1.0 0.1368578124999999 1.0 0.0 1.0 0.1368578124999999 1.0
0 0.0 1.0 0.0 1.0 0.0 0.9635753125000001 0.0 0.9635753125000001
0 0.0 0.048489218749999986 0.0 0.048489218749999986 0.0 0.0 0.0 0.0
0 0.0 0.70585296875 0.0 0.70585296875 0.0 0.62657515625 0.0 0.62657515625
