0 1.0 0.1359375 1.0 0.1359375 1.0 0.03180370312500003 1.0 0.03180370312500003
0 0.6179734374999999 0.1359375 0.8642656250000001 0.1359375 0.6179734374999999 0.03098776562500003 0.8642656250000001 0.03098776562500003
0 0.0 0.1359375 0.0 0.1359375 0.0 0.10455249999999996 0.0 0.10455249999999996
0 0.2818778125 0.11128054687500004 0.5250279687500001 0.11128054687500004 0.2818778125 0.0 0.5250279687500001 0.0
0 0.55050828125 0.1359375 0.8529796874999999 0.1359375 0.55050828125 0.0 0.8529796874999999 0.0
0 0.758471875 0.0 0.8372640624999999 0.0 0.758471875 0.0 0.8372640624999999 0.0
0 0.9143984374999998 0.0 1.0 0.0 0.9143984374999998 0.0 1.0 0.0
0 0.0 0.064260203125 0.1138778125 0.064260203125 0.0 0.0 0.1138778125 0.0
0 0.0 0.0 0.35291046875000004 0.0 0.0 0.0 0.35291046875000004 0.0
0 0.51092125 0.0 0.7773812499999998 0.0 0.51092125 0.0 0.7773812499999998 0.0
0 0.13175749999999997 0.0 0.3046203125 0.0 0.13175749999999997 0.0 0.3046203125 0.0
0 0.03170156249999998 0.0 0.3240275 0.0 0.03170156249999998 0.0 0.3240275 0.0
0 0.03236109374999998 0.0 0.29455859375000004 0.0 0.03236109374999998 0.0 0.29455859375000004 0.0
0 0.0 0.1359375 0.0 0.1359375 0.0 0.1342903609375 0.0 0.1342903609375
0 0.7902015625000001 0.09035270312500003 1.0 0.09035270312500003 0.7902015625000001 0.0 1.0 0.0
0 0.7594171875000001 0.010365203125000022 1.0 0.010365203125000022 0.7594171875000001 0.0 1.0 0.0
0 0.8839312499999998 0.1359375 1.0 0.1359375 0.8839312499999998 0.0 1.0 0.0
0 0.14370999999999992 0.0 0.39087312500000004 0.0 0.14370999999999992 0.0 0.39087312500000004 0.0
0 0.9779578125 0.1359375 1.0 0.1359375 0.9779578125 0.09272928124999993 1.0 0.09272928124999993
0 0.40408578125000005 0.0 0.7788499999999999 0.0 0.40408578125000005 0.0 0.7788499999999999 0.0
0 0.0 0.1359375 0.0 0.1359375 0.0 0.08476185937499991 0.0 0.08476185937499991
