0 0.0 0.1359375 0.0 0.1359375 0.0 0.0 0.0 0.0
0 0.0 0.06054534374999996 0.0 0.06054534374999996 0.0 0.0 0.0 0.0
0 0.0 0.07783190624999996 0.0 0.07783190624999996 0.0 0.0 0.0 0.0
0 0.0 0.0 0.031367187500000074 0.0 0.0 0.0 0.031367187500000074 0.0
0 0.0 0.0 0.06109062499999993 0.0 0.0 0.0 0.06109062499999993 0.0
0 0.25040312500000006 0.0 0.3171875 0.0 0.25040312500000006 0.0 0.3171875 0.0
0 0.06477187499999992 0.1359375 0.3171875 0.1359375 0.06477187499999992 0.12262268125000002 0.3171875 0.12262268125000002
0 0.0 0.018220484375000012 0.0 0.018220484375000012 0.0 0.0 0.0 0.0
0 0.2893984374999999 0.11526834375000003 0.3171875 0.11526834375000003 0.2893984374999999 0.0 0.3171875 0.0
0 0.19898124999999994 0.1359375 0.3171875 0.1359375 0.19898124999999994 0.12833385468749992 0.3171875 0.12833385468749992
0 0.0 0.00936393750000004 0.050037499999999825 0.00936393750000004 0.0 0.0 0.050037499999999825 0.0
0 0.0 0.014545515624999972 0.0 0.014545515624999972 0.0 0.0 0.0 0.0
0 0.0 0.0 0.08359062500000007 0.0 0.0 0.0 0.08359062500000007 0.0
0 0.0 0.0 0.20986093749999987 0.0 0.0 0.0 0.20986093749999987 0.0
0 0.0 0.1359375 0.0 0.1359375 0.0 0.006479656249999977 0.0 0.006479656249999977
0 0.19574687500000004 0.0 0.3171875 0.0 0.19574687500000004 0.0 0.3171875 0.0
