0 0.61966828125 0.1359375 1.0 0.1359375 0.61966828125 0.0 1.0 0.0
0 0.1941025 0.0 0.25089140625 0.0 0.1941025 0.0 0.25089140625 0.0
0 0.59773125 0.06054534374999996 0.90724015625 0.06054534374999996 0.59773125 0.0 0.90724015625 0.0
0 1.0 0.07783190624999996 1.0 0.07783190624999996 1.0 0.0 1.0 0.0
0 0.8236740625 0.0 1.0 0.0 0.8236740625 0.0 1.0 0.0
0 1.0 0.1359375 1.0 0.1359375 1.0 0.12262268125000002 1.0 0.12262268125000002
0 0.35873453125 0.0 0.582741875 0.0 0.35873453125 0.0 0.582741875 0.0
0 0.2302775 0.018220484375000012 0.52889703125 0.018220484375000012 0.2302775 0.0 0.52889703125 0.0
0 1.0 0.11526834375000003 1.0 0.11526834375000003 1.0 0.0 1.0 0.0
0 0.4969625 0.0 0.73817953125 0.0 0.4969625 0.0 0.73817953125 0.0
0 0.59702234375 0.0 0.824465625 0.0 0.59702234375 0.0 0.824465625 0.0
0 0.6346731250000001 0.0 0.898805 0.0 0.6346731250000001 0.0 0.898805 0.0
0 1.0 0.1359375 1.0 0.1359375 1.0 0.12833385468749992 1.0 0.12833385468749992
0 1.0 0.00936393750000004 1.0 0.00936393750000004 1.0 0.0 1.0 0.0
0 0.0002186559375 0.014545515624999972 0.31050515624999997 0.014545515624999972 0.0002186559375 0.0 0.31050515624999997 0.0
0 0.23908984375000003 0.0 0.6887523437499999 0.0 0.23908984375000003 0.0 0.6887523437499999 0.0
0 0.45944765624999995 0.0 0.681576875 0.0 0.45944765624999995 0.0 0.681576875 0.0
0 0.3107328125 0.0 0.6131932812499999 0.0 0.3107328125 0.0 0.6131932812499999 0.0
0 0.0 0.0 0.20450609375 0.0 0.0 0.0 0.20450609375 0.0
0 1.0 0.1359375 1.0 0.1359375 1.0 0.006479656249999977 1.0 0.006479656249999977
