0 0.63685484375 1.0 0.77299875 1.0 0.63685484375 1.0 0.77299875 1.0
0 0.0 0.58961765625 0.01728203125 0.58961765625 0.0 0.5343549999999999 0.01728203125 0.5343549999999999
0 0.77681046875 0.9136898437500001 0.95367828125 0.9136898437500001 0.77681046875 0.7362415625000001 0.95367828125 0.7362415625000001
0 0.37641671875 0.22943015624999993 0.551786875 0.22943015624999993 0.37641671875 0.05755359374999998 0.551786875 0.05755359374999998
0 0.33934171874999997 0.60132546875 0.58298984375 0.60132546875 0.33934171874999997 0.38216515624999997 0.58298984375 0.38216515624999997
0 0.0038117890625 0.22473140624999993 0.23823859375 0.22473140624999993 0.0038117890625 0.0 0.23823859375 0.0
0 0.0 0.39955656250000005 0.022173125 0.39955656250000005 0.0 0.11736531249999996 0.022173125 0.11736531249999996
0 1.0 0.60457234375 1.0 0.60457234375 1.0 0.237510625 1.0 0.237510625
0 1.0 0.36629921875000004 1.0 0.36629921875000004 1.0 0.23155578124999998 1.0 0.23155578124999998
0 1.0 0.56679375 1.0 0.56679375 1.0 0.41865765625 1.0 0.41865765625
0 0.46247953124999996 1.0 0.6946596875 1.0 0.46247953124999996 0.9910673125 0.6946596875 0.9910673125
0 0.49542984375000004 0.627365 0.56200546875 0.627365 0.49542984375000004 0.5597015625 0.56200546875 0.5597015625
0 0.15748328125 0.49664 0.3591171875 0.49664 0.15748328125 0.26813546875000005 0.3591171875 0.26813546875000005
0 0.76472765625 0.16076843749999997 0.95361703125 0.16076843749999997 0.76472765625 0.0 0.95361703125 0.0
0 0.89590015625 1.0 1.0 1.0 0.89590015625 1.0 1.0 1.0
0 1.0 1.0 1.0 1.0 1.0 0.805489375 1.0 0.805489375
0 0.54326015625 0.09005953125000002 0.7215276562499999 0.09005953125000002 0.54326015625 0.0 0.7215276562499999 0.0
0 0.0 1.0 0.024023015624999998 1.0 0.0 0.9240378124999999 0.024023015624999998 0.9240378124999999
0 1.0 0.43195859375 1.0 0.43195859375 1.0 0.17191546874999997 1.0 0.17191546874999997
0 0.094095671875 1.0 0.39750874999999997 1.0 0.094095671875 0.99617121875 0.39750874999999997 0.99617121875
0 0.0 0.9993803124999999 0.154016296875 0.9993803124999999 0.0 0.76796625 0.154016296875 0.76796625
0 0.0 0.62928359375 0.21058328125 0.62928359375 0.0 0.39479781249999996 0.21058328125 0.39479781249999996
0 0.38620078125 0.80352828125 0.5988234375 0.80352828125 0.38620078125 0.6022353125000001 0.5988234375 0.6022353125000001
0 1.0 0.45777999999999996 1.0 0.45777999999999996 1.0 0.23541968749999995 1.0 0.23541968749999995
0 0.8223540625 0.726709375 1.0 0.726709375 0.8223540625 0.46511796875 1.0 0.46511796875
0 0.88991484375 0.6018090625 1.0 0.6018090625 0.88991484375 0.3745784375 1.0 0.3745784375
0 0.71807296875 0.6841534375 0.89446328125 0.6841534375 0.71807296875 0.51055046875 0.89446328125 0.51055046875
0 1.0 0.3071003125000001 1.0 0.3071003125000001 1.0 0.07749281250000006 1.0 0.07749281250000006
0 1.0 0.64369453125 1.0 0.64369453125 1.0 0.44099953125 1.0 0.44099953125
0 1.0 0.9214503125 1.0 0.9214503125 1.0 0.7831253125 1.0 0.7831253125
0 1.0 0.42632796875 1.0 0.42632796875 1.0 0.24972093750000007 1.0 0.24972093750000007
0 1.0 0.7373340625 1.0 0.7373340625 1.0 0.6843409375 1.0 0.6843409375
0 0.9683296875 0.22657515625000002 1.0 0.22657515625000002 0.9683296875 0.012724218750000026 1.0 0.012724218750000026
0 1.0 0.31958671874999994 1.0 0.31958671874999994 1.0 0.09620671875000006 1.0 0.09620671875000006
0 1.0 0.0014367187499999545 1.0 0.0014367187499999545 1.0 0.0 1.0 0.0
0 1.0 1.0 1.0 1.0 1.0 0.6827134375 1.0 0.6827134375
