0 0.7418125 0.6112340625 1.0 0.6112340625 0.7418125 0.346861875 1.0 0.346861875
0 0.0 1.0 0.0 1.0 0.0 0.9204451562500001 0.0 0.9204451562500001
0 0.0 0.77322515625 0.0 0.77322515625 0.0 0.46908640625000003 0.0 0.46908640625000003
0 0.26723578124999997 0.5704209375 0.51352859375 0.5704209375 0.26723578124999997 0.3460459375 0.51352859375 0.3460459375
0 0.0 0.7319853125 0.0 0.7319853125 0.0 0.41961078125 0.0 0.41961078125
0 0.0 0.42633875000000004 0.1742909375 0.42633875000000004 0.0 0.16225640625000004 0.1742909375 0.16225640625000004
0 0.19977125000000004 0.5682478125 0.50224328125 0.5682478125 0.19977125000000004 0.26422953125 0.50224328125 0.26422953125
0 0.83165625 0.70153765625 1.0 0.70153765625 0.83165625 0.538643125 1.0 0.538643125
0 1.0 0.994402921875 1.0 0.994402921875 1.0 0.8011367187499999 1.0 0.8011367187499999
0 0.0 0.3793184375 0.0 0.3793184375 0.0 0.08828187500000002 0.0 0.08828187500000002
0 1.0 0.82952328125 1.0 0.82952328125 1.0 0.77286328125 1.0 0.77286328125
0 0.7059921875 0.753026875 0.7553906250000001 0.753026875 0.7059921875 0.70205359375 0.7553906250000001 0.70205359375
0 0.0 1.0 0.29937749999999996 1.0 0.0 0.9577167187500001 0.29937749999999996 0.9577167187500001
0 0.16018437500000005 0.2674185937500001 0.4266443750000001 0.2674185937500001 0.16018437500000005 0.021707343749999986 0.4266443750000001 0.021707343749999986
0 1.0 0.35497796875 1.0 0.35497796875 1.0 0.08591468750000004 1.0 0.08591468750000004
0 0.0 0.16032593750000004 0.0 0.16032593750000004 0.0 0.0 0.0 0.0
0 0.0 0.73183296875 0.0 0.73183296875 0.0 0.48887140625000003 0.0 0.48887140625000003
0 0.0 0.012593125000000071 0.0 0.012593125000000071 0.0 0.0 0.0 0.0
0 0.6709156249999999 0.13327765624999993 0.8843656249999998 0.13327765624999993 0.6709156249999999 0.0 0.8843656249999998 0.0
0 0.0 0.8860203125 0.0 0.8860203125 0.0 0.44934859375 0.0 0.44934859375
0 0.6639453124999999 1.0 0.816603125 1.0 0.6639453124999999 0.98006334375 0.816603125 0.98006334375
0 0.4394642187500001 0.4054109375 0.890609375 0.4054109375 0.4394642187500001 0.0 0.890609375 0.0
0 0.4086804687500001 0.3254234374999999 0.8331921874999999 0.3254234374999999 0.4086804687500001 0.0 0.8331921874999999 0.0
0 0.0 1.0 0.0 1.0 0.0 0.9118265624999999 0.0 0.9118265624999999
0 0.5331943750000001 0.51239453125 0.7719249999999999 0.51239453125 0.5331943750000001 0.26771312500000005 0.7719249999999999 0.26771312500000005
0 0.9408625 0.6739499999999999 1.0 0.6739499999999999 0.9408625 0.45232875000000006 1.0 0.45232875000000006
0 0.0 0.5382240625 0.0 0.5382240625 0.0 0.48770953125 0.0 0.48770953125
0 0.8503000000000001 1.0 1.0 1.0 0.8503000000000001 0.9745649999999999 1.0 0.9745649999999999
0 0.5307189062500001 1.0 0.7719781250000001 1.0 0.5307189062500001 0.9517751562499999 0.7719781250000001 0.9517751562499999
0 0.0 0.96007703125 0.0 0.96007703125 0.0 0.75713296875 0.0 0.75713296875
0 0.627221875 0.64217109375 0.8360875 0.64217109375 0.627221875 0.40778749999999997 0.8360875 0.40778749999999997
0 0.0 0.9746584374999999 0.0 0.9746584374999999 0.0 0.6814960937500001 0.0 0.6814960937500001
0 0.0 0.6637485937500001 0.0 0.6637485937500001 0.0 0.39981999999999995 0.0 0.39981999999999995
