0 0.0 0.1829381250000001 0.0 0.1829381250000001 0.0 0.0 0.0 0.0
0 0.8577953125000001 0.3770003125 1.0 0.3770003125 0.8577953125000001 0.14074015625000005 1.0 0.14074015625000005
0 0.0 1.0 0.0 1.0 0.0 0.9284399999999999 0.0 0.9284399999999999
0 0.0 0.8267064062499999 0.15642781249999996 0.8267064062499999 0.0 0.64053828125 0.15642781249999996 0.64053828125
0 0.0 0.14672328125000006 0.0 0.14672328125000006 0.0 0.09326890624999998 0.0 0.09326890624999998
0 0.0 0.8737357812500001 0.0 0.8737357812500001 0.0 0.68265 0.0 0.68265
0 0.0 1.0 0.0 1.0 0.0 0.818238125 0.0 0.818238125
0 0.31457265625 0.63375390625 0.54272578125 0.63375390625 0.31457265625 0.413759375 0.54272578125 0.413759375
0 0.0 0.7677248437499999 0.0 0.7677248437499999 0.0 0.5731075 0.0 0.5731075
0 0.7683234375000001 0.07070156250000004 1.0 0.07070156250000004 0.7683234375000001 0.0 1.0 0.0
0 0.0 1.0 0.0 1.0 0.0 0.7483221875 0.0 0.7483221875
0 0.0 0.22648968749999998 0.0 0.22648968749999998 0.0 0.07115140624999991 0.0 0.07115140624999991
0 0.8611140625000001 0.35977437500000004 1.0 0.35977437500000004 0.8611140625000001 0.09722796875000003 1.0 0.09722796875000003
0 1.0 0.8501040625 1.0 0.8501040625 1.0 0.69794703125 1.0 0.69794703125
0 0.6002453124999999 1.0 0.9101921874999999 1.0 0.6002453124999999 0.8638201562500001 0.9101921874999999 0.8638201562500001
0 0.023489687500000044 0.40311515625 0.31011875 0.40311515625 0.023489687500000044 0.10459781249999996 0.31011875 0.10459781249999996
0 0.23390874999999997 0.14969546875000006 0.37386640625 0.14969546875000006 0.23390874999999997 0.02078812499999998 0.37386640625 0.02078812499999998
0 0.13165296874999993 0.8531040624999999 0.37025234375 0.8531040624999999 0.13165296874999993 0.618795625 0.37025234375 0.618795625
0 0.12931171875 0.71170109375 0.51501734375 0.71170109375 0.12931171875 0.31525218749999995 0.51501734375 0.31525218749999995
0 0.0 0.13047453124999997 0.0 0.13047453124999997 0.0 0.0 0.0 0.0
0 0.0 0.27038359374999993 0.0 0.27038359374999993 0.0 0.0029887499999999177 0.0 0.0029887499999999177
0 0.0 1.0 0.0 1.0 0.0 0.9118209374999999 0.0 0.9118209374999999
0 0.0 1.0 0.0 1.0 0.0 0.79725703125 0.0 0.79725703125
0 0.0 0.45156875 0.08819031249999991 0.45156875 0.0 0.160685625 0.08819031249999991 0.160685625
0 0.1938275000000001 0.041167187499999966 0.48906437500000005 0.041167187499999966 0.1938275000000001 0.0 0.48906437500000005 0.0
0 0.6465390625000002 0.9177885937500001 0.7012125000000001 0.9177885937500001 0.6465390625000002 0.86231265625 0.7012125000000001 0.86231265625
0 0.8970500000000001 1.0 1.0 1.0 0.8970500000000001 0.86222203125 1.0 0.86222203125
0 0.16447078125 0.07166312500000008 0.4143328125 0.07166312500000008 0.16447078125 0.0 0.4143328125 0.0
0 0.0 0.76494203125 0.0 0.76494203125 0.0 0.54011546875 0.0 0.54011546875
0 0.0 1.0 0.11299062499999994 1.0 0.0 0.79370421875 0.11299062499999994 0.79370421875
0 0.0 0.4571478125 0.14103093750000006 0.4571478125 0.0 0.27973406250000005 0.14103093750000006 0.27973406250000005
0 1.0 0.16436781249999993 1.0 0.16436781249999993 1.0 0.10860125000000007 1.0 0.10860125000000007
0 1.0 0.9842489999999999 1.0 0.9842489999999999 1.0 0.8118815625 1.0 0.8118815625
0 0.0 0.7761699999999999 0.0 0.7761699999999999 0.0 0.34964921875000005 0.0 0.34964921875000005
0 0.10401359375000005 0.9284395312499999 0.14604593749999992 0.9284395312499999 0.10401359375000005 0.8842025 0.14604593749999992 0.8842025
