0 0.074838640625 1.0 0.52641015625 1.0 0.074838640625 0.75077703125 0.52641015625 0.75077703125
0 1.0 0.988219609375 1.0 0.988219609375 1.0 0.9445796874999999 1.0 0.9445796874999999
0 0.0 0.8457546875 0.042491296875 0.8457546875 0.0 0.5744934374999999 0.042491296875 0.5744934374999999
0 1.0 0.5270634375000001 1.0 0.5270634375000001 1.0 0.0936453125 1.0 0.0936453125
0 0.72555515625 0.44687656249999996 1.0 0.44687656249999996 0.72555515625 0.14287515625000005 1.0 0.14287515625000005
0 1.0 0.21837812499999992 1.0 0.21837812499999992 1.0 0.1626723437500001 1.0 0.1626723437500001
0 1.0 0.8624042187500001 1.0 0.8624042187500001 1.0 0.68884421875 1.0 0.68884421875
0 0.545793125 0.75313328125 0.6741553125 0.75313328125 0.545793125 0.6028435937500001 0.6741553125 0.6028435937500001
0 0.7043890625 1.0 0.888084375 1.0 0.7043890625 1.0 0.888084375 1.0
0 0.456581875 0.28023500000000007 0.7101265625 0.28023500000000007 0.456581875 0.022911718749999997 0.7101265625 0.022911718749999997
0 0.09966868749999999 1.0 0.40198578124999995 1.0 0.09966868749999999 1.0 0.40198578124999995 1.0
0 1.0 0.6221253124999999 1.0 0.6221253124999999 1.0 0.38711828125 1.0 0.38711828125
0 1.0 0.15856999999999993 1.0 0.15856999999999993 1.0 0.0 1.0 0.0
0 0.61877796875 0.40470562499999996 0.85371078125 0.40470562499999996 0.61877796875 0.1789314062500001 0.85371078125 0.1789314062500001
0 1.0 1.0 1.0 1.0 1.0 0.99289353125 1.0 0.99289353125
0 1.0 1.0 1.0 1.0 1.0 0.95616234375 1.0 0.95616234375
0 0.22648265625000003 0.020793281249999927 0.44528953125 0.020793281249999927 0.22648265625000003 0.0 0.44528953125 0.0
0 0.867431875 1.0 1.0 1.0 0.867431875 0.9168984375000001 1.0 0.9168984375000001
0 0.96759640625 0.78371109375 1.0 0.78371109375 0.96759640625 0.5829778125 1.0 0.5829778125
0 1.0 1.0 1.0 1.0 1.0 0.95796875 1.0 0.95796875
0 0.18364484375 0.05777703125000002 0.6311871874999999 0.05777703125000002 0.18364484375 0.0 0.6311871874999999 0.0
0 1.0 0.31896765625000006 1.0 0.31896765625000006 1.0 0.09119234375000004 1.0 0.09119234375000004
0 0.0 1.0 0.041075984375 1.0 0.0 1.0 0.041075984375 1.0
0 1.0 0.8480840624999999 1.0 0.8480840624999999 1.0 0.55970546875 1.0 0.55970546875
0 1.0 0.84895046875 1.0 0.84895046875 1.0 0.41352953125 1.0 0.41352953125
0 0.27011375000000004 0.83540546875 0.47859187500000006 0.83540546875 0.27011375000000004 0.6014671875000001 0.47859187500000006 0.6014671875000001
0 0.049269421875000004 0.5831046875 0.283590625 0.5831046875 0.049269421875000004 0.34888281250000003 0.283590625 0.34888281250000003
0 1.0 0.62612484375 1.0 0.62612484375 1.0 0.40508796875 1.0 0.40508796875
0 0.8778171875 1.0 1.0 1.0 0.8778171875 0.8595121875 1.0 0.8595121875
0 1.0 0.19722203124999993 1.0 0.19722203124999993 1.0 0.0 1.0 0.0
0 1.0 0.39436734375000004 1.0 0.39436734375000004 1.0 0.08802203125000005 1.0 0.08802203125000005
0 0.9453699999999999 1.0 1.0 1.0 0.9453699999999999 1.0 1.0 1.0
0 1.0 0.84082796875 1.0 0.84082796875 1.0 0.6183690625 1.0 0.6183690625
0 1.0 0.14037812499999996 1.0 0.14037812499999996 1.0 0.0 1.0 0.0
