0 0.0 1.0 0.0 1.0 0.0 0.8681393749999999 0.0 0.8681393749999999
0 0.0 0.42156796874999997 0.025829374999999998 0.42156796874999997 0.0 0.23324531250000008 0.025829374999999998 0.23324531250000008
0 0.0 0.10592406249999993 0.0 0.10592406249999993 0.0 0.0 0.0 0.0
0 0.0 0.65959578125 0.0 0.65959578125 0.0 0.4261846875 0.0 0.4261846875
0 0.20745828124999993 0.3999896875 0.4338303124999999 0.3999896875 0.20745828124999993 0.17370125000000006 0.4338303124999999 0.17370125000000006
0 0.0 0.80979203125 0.0 0.80979203125 0.0 0.5499553125000001 0.0 0.5499553125000001
0 0.9068609375000001 0.8086509375 1.0 0.8086509375 0.9068609375000001 0.57159625 1.0 0.57159625
0 0.0 0.9391945312500001 0.0 0.9391945312500001 0.0 0.7051321875000001 0.0 0.7051321875000001
0 0.5248240624999999 0.30738546875000006 0.74600625 0.30738546875000006 0.5248240624999999 0.07847578125000006 0.74600625 0.07847578125000006
0 1.0 0.13279031250000006 1.0 0.13279031250000006 1.0 0.0 1.0 0.0
0 1.0 0.13837046874999998 1.0 0.13837046874999998 1.0 0.0 1.0 0.0
0 0.22876250000000004 0.17021640624999995 0.5068784375 0.17021640624999995 0.22876250000000004 0.0 0.5068784375 0.0
0 0.8512062499999999 0.516240625 1.0 0.516240625 0.8512062499999999 0.06939453125000003 1.0 0.06939453125000003
0 0.0 0.19689843749999997 0.022900781250000078 0.19689843749999997 0.0 0.15410031249999995 0.022900781250000078 0.15410031249999995
0 0.0 0.09941031250000006 0.0029170312499999795 0.09941031250000006 0.0 0.0 0.0029170312499999795 0.0
0 1.0 0.7077592187499999 1.0 0.7077592187499999 1.0 0.36462734374999994 1.0 0.36462734374999994
0 0.49530453125000007 1.0 0.6837171874999999 1.0 0.49530453125000007 1.0 0.6837171874999999 1.0
0 0.5418256250000001 1.0 0.7098125 1.0 0.5418256250000001 1.0 0.7098125 1.0
0 0.0 0.9499528125 0.0 0.9499528125 0.0 0.739701875 0.0 0.739701875
0 0.7427609374999999 1.0 1.0 1.0 0.7427609374999999 1.0 1.0 1.0
0 0.8410578125000001 0.788993125 1.0 0.788993125 0.8410578125000001 0.61620640625 1.0 0.61620640625
0 0.19534093749999998 0.35652765625000005 0.49541734374999996 0.35652765625000005 0.19534093749999998 0.06801093750000006 0.49541734374999996 0.06801093750000006
0 1.0 0.63141484375 1.0 0.63141484375 1.0 0.33255687500000003 1.0 0.33255687500000003
0 0.0 0.95879546875 0.2831040625 0.95879546875 0.0 0.67383640625 0.2831040625 0.67383640625
