0 0.6842140624999999 0.714005 0.9128578125000001 0.714005 0.6842140624999999 0.48548953125 0.9128578125000001 0.48548953125
0 0.0 0.8799165625 0.0 0.8799165625 0.0 0.6153721875 0.0 0.6153721875
0 0.6947093750000001 0.18761437500000006 0.8786265624999998 0.18761437500000006 0.6947093750000001 0.0 0.8786265624999998 0.0
0 0.48561421875 0.8502178125000001 0.7190312500000001 0.8502178125000001 0.48561421875 0.6426381250000001 0.7190312500000001 0.6426381250000001
0 0.0 0.21826234375000003 0.0 0.21826234375000003 0.0 0.016177031249999984 0.0 0.016177031249999984
0 0.0 0.55507203125 0.0 0.55507203125 0.0 0.31830656249999995 0.0 0.31830656249999995
0 0.0 0.69223 0.0 0.69223 0.0 0.45837890625 0.0 0.45837890625
0 0.0 0.35582562500000003 0.09713843749999995 0.35582562500000003 0.0 0.0004715624999999335 0.09713843749999995 0.0004715624999999335
0 0.7044125000000001 0.46407234375 0.934959375 0.46407234375 0.7044125000000001 0.23361625000000003 0.934959375 0.23361625000000003
0 0.0 0.64490625 0.0 0.64490625 0.0 0.42016734375000003 0.0 0.42016734375000003
0 0.0 1.0 0.0 1.0 0.0 0.701624375 0.0 0.701624375
0 0.15204046874999994 1.0 0.3930454687499999 1.0 0.15204046874999994 1.0 0.3930454687499999 1.0
0 0.0 0.05449359375 0.26291609375 0.05449359375 0.0 0.0 0.26291609375 0.0
0 0.6009499999999999 0.9346040625 0.8192421875000001 0.9346040625 0.6009499999999999 0.70835546875 0.8192421875000001 0.70835546875
0 0.0 0.015169218750000013 0.07491328124999992 0.015169218750000013 0.0 0.0 0.07491328124999992 0.0
0 0.6248718749999999 1.0 0.838834375 1.0 0.6248718749999999 1.0 0.838834375 1.0
0 0.0 0.861720625 0.0 0.861720625 0.0 0.58165765625 0.0 0.58165765625
0 0.40099171874999995 0.957675 0.5389893750000001 0.957675 0.40099171874999995 0.8453951562500001 0.5389893750000001 0.8453951562500001
0 1.0 0.8568684375 1.0 0.8568684375 1.0 0.579814375 1.0 0.579814375
0 0.566309375 0.5151178125 0.8341750000000001 0.5151178125 0.566309375 0.25720203124999996 0.8341750000000001 0.25720203124999996
0 0.23376125000000006 0.614294375 0.5429609375 0.614294375 0.23376125000000006 0.30431390625 0.5429609375 0.30431390625
0 0.0 0.20231890625 0.0 0.20231890625 0.0 0.0 0.0 0.0
0 0.0 0.7151084375 0.0 0.7151084375 0.0 0.42547468750000006 0.0 0.42547468750000006
0 1.0 0.711419375 1.0 0.711419375 1.0 0.48003234375000003 1.0 0.48003234375000003
0 0.0 0.69999125 0.0 0.69999125 0.0 0.41884765625 0.0 0.41884765625
0 0.024175937500000088 0.58848890625 0.19738937500000003 0.58848890625 0.024175937500000088 0.42205562499999993 0.19738937500000003 0.42205562499999993
0 0.0 0.7917790625000001 0.0 0.7917790625000001 0.0 0.5667115625 0.0 0.5667115625
0 0.0 0.9880115937499999 0.0 0.9880115937499999 0.0 0.7810809375 0.0 0.7810809375
0 0.19836718750000007 0.60676921875 0.5955125000000001 0.60676921875 0.19836718750000007 0.199855625 0.5955125000000001 0.199855625
