0 0.54729359375 0.44639249999999997 0.90406421875 0.44639249999999997 0.54729359375 0.1035984375 0.90406421875 0.1035984375
0 1.0 0.32714374999999996 1.0 0.32714374999999996 1.0 0.024778593749999977 1.0 0.024778593749999977
0 0.68615203125 0.67024 0.87939828125 0.67024 0.68615203125 0.47703890624999995 0.87939828125 0.47703890624999995
0 1.0 1.0 1.0 1.0 1.0 0.92252125 1.0 0.92252125
0 0.32573671875 0.6242021875 0.6077557812500001 0.6242021875 0.32573671875 0.34711171875 0.6077557812500001 0.34711171875
0 1.0 1.0 1.0 1.0 1.0 0.86588609375 1.0 0.86588609375
0 0.051552 0.15504203125 0.3599728125 0.15504203125 0.051552 0.0 0.3599728125 0.0
0 1.0 0.4535684375 1.0 0.4535684375 1.0 0.14634546875000004 1.0 0.14634546875000004
0 1.0 0.9880153593750001 1.0 0.9880153593750001 1.0 0.79697375 1.0 0.79697375
0 0.26091671875 0.45812765625 0.3154125 0.45812765625 0.26091671875 0.4027925 0.3154125 0.4027925
0 0.15862640625 1.0 0.4402571875 1.0 0.15862640625 0.78423390625 0.4402571875 0.78423390625
0 0.09199025 0.29237796875 0.314888125 0.29237796875 0.09199025 0.06190421874999998 0.314888125 0.06190421874999998
0 0.39617203125 0.8935812500000001 0.44252703125000004 0.8935812500000001 0.39617203125 0.8453553125 0.44252703125000004 0.8453553125
0 1.0 0.72935328125 1.0 0.72935328125 1.0 0.5056396875 1.0 0.5056396875
0 1.0 0.12849625000000006 1.0 0.12849625000000006 1.0 0.0 1.0 0.0
0 0.09099284375 0.73429984375 0.35296421875 0.73429984375 0.09099284375 0.48712390625 0.35296421875 0.48712390625
0 0.5534090625 0.8970778124999998 0.7508303125 0.8970778124999998 0.5534090625 0.69979265625 0.7508303125 0.69979265625
0 1.0 1.0 1.0 1.0 1.0 0.8816567187500001 1.0 0.8816567187500001
0 0.8025590625 0.74553578125 1.0 0.74553578125 0.8025590625 0.46093078125 1.0 0.46093078125
0 0.913541875 0.8590887500000001 1.0 0.8590887500000001 0.913541875 0.61013046875 1.0 0.61013046875
0 1.0 0.04353499999999997 1.0 0.04353499999999997 1.0 0.0 1.0 0.0
0 0.07213390625 0.07789406250000006 0.24667453125 0.07789406250000006 0.07213390625 0.0 0.24667453125 0.0
0 0.0 0.15774875000000002 0.17910984375 0.15774875000000002 0.0 0.0 0.17910984375 0.0
0 1.0 0.2532453125 1.0 0.2532453125 1.0 0.06961484374999997 1.0 0.06961484374999997
0 1.0 0.07453390624999993 1.0 0.07453390624999993 1.0 0.0 1.0 0.0
0 0.67420453125 0.55960640625 0.82143140625 0.55960640625 0.67420453125 0.42251671875 0.82143140625 0.42251671875
0 1.0 0.61766015625 1.0 0.61766015625 1.0 0.4469071875 1.0 0.4469071875
0 0.17956468750000001 0.34228484375 0.23244906250000003 0.34228484375 0.17956468750000001 0.28827359374999995 0.23244906250000003 0.28827359374999995
0 0.0 0.07993703125000007 0.095974234375 0.07993703125000007 0.0 0.0 0.095974234375 0.0
0 0.9256734375000001 0.889303125 1.0 0.889303125 0.9256734375000001 0.68243421875 1.0 0.68243421875
0 1.0 0.6215665625 1.0 0.6215665625 1.0 0.39567609375 1.0 0.39567609375
0 0.31420953125 0.24437453125000008 0.3836946875 0.24437453125000008 0.31420953125 0.17393125000000004 0.3836946875 0.17393125000000004
0 0.7116525 1.0 0.9678445312499999 1.0 0.7116525 0.8998125 0.9678445312499999 0.8998125
