0 1.0 1.0 1.0 1.0 1.0 0.80786625 1.0 0.80786625
0 0.4254415625 0.39431640625000003 0.565385625 0.39431640625000003 0.4254415625 0.265459375 0.565385625 0.265459375
0 1.0 0.5455345312500001 1.0 0.5455345312500001 1.0 0.3052524999999999 1.0 0.3052524999999999
0 0.60567375 0.18264671875000005 0.8233900000000001 0.18264671875000005 0.60567375 0.0 0.8233900000000001 0.0
0 1.0 0.4074675 1.0 0.4074675 1.0 0.3354367187499999 1.0 0.3354367187499999
0 1.0 0.026424062499999935 1.0 0.026424062499999935 1.0 0.0 1.0 0.0
0 1.0 0.9804772968750001 1.0 0.9804772968750001 1.0 0.66990234375 1.0 0.66990234375
0 0.6709921875 1.0 0.91627671875 1.0 0.6709921875 1.0 0.91627671875 1.0
0 1.0 1.0 1.0 1.0 1.0 0.81083015625 1.0 0.81083015625
0 0.18483375 0.27423625000000007 0.482855 0.27423625000000007 0.18483375 0.0 0.482855 0.0
0 1.0 0.23430265625000005 1.0 0.23430265625000005 1.0 0.0 1.0 0.0
0 1.0 0.9023618750000001 1.0 0.9023618750000001 1.0 0.6647406250000001 1.0 0.6647406250000001
0 1.0 0.305441875 1.0 0.305441875 1.0 0.2628934375 1.0 0.2628934375
0 0.8954509375 1.0 1.0 1.0 0.8954509375 0.8438670312500001 1.0 0.8438670312500001
0 0.66063515625 0.37590859375 0.9189887499999999 0.37590859375 0.66063515625 0.12142859374999997 0.9189887499999999 0.12142859374999997
0 0.22878703125 0.8630228125 0.46087875 0.8630228125 0.22878703125 0.63110671875 0.46087875 0.63110671875
0 1.0 1.0 1.0 1.0 1.0 0.99733521875 1.0 0.99733521875
0 1.0 0.03790453125000006 1.0 0.03790453125000006 1.0 0.0 1.0 0.0
0 1.0 1.0 1.0 1.0 1.0 0.9414512500000001 1.0 0.9414512500000001
0 1.0 0.29375937499999993 1.0 0.29375937499999993 1.0 0.043143906250000086 1.0 0.043143906250000086
0 1.0 0.4142103125 1.0 0.4142103125 1.0 0.27328265625 1.0 0.27328265625
0 0.2223646875 0.61680015625 0.39706734374999997 0.61680015625 0.2223646875 0.44602031249999996 0.39706734374999997 0.44602031249999996
0 1.0 0.566348125 1.0 0.566348125 1.0 0.5268884375 1.0 0.5268884375
0 1.0 0.6520346875 1.0 0.6520346875 1.0 0.5260303125 1.0 0.5260303125
0 1.0 0.6321665624999999 1.0 0.6321665624999999 1.0 0.5799531250000001 1.0 0.5799531250000001
