0 0.41977125 0.40011437499999997 0.8691187500000002 0.40011437499999997 0.41977125 0.0 0.8691187500000002 0.0
0 0.7493031250000002 0.653529375 0.9883749999999999 0.653529375 0.7493031250000002 0.40616250000000004 0.9883749999999999 0.40616250000000004
0 1.0 0.11607984375000005 1.0 0.11607984375000005 1.0 0.0 1.0 0.0
0 0.0 0.23889250000000004 0.0 0.23889250000000004 0.0 0.006448125000000004 0.0 0.006448125000000004
0 0.0 0.9625921875 0.0 0.9625921875 0.0 0.6922690625000001 0.0 0.6922690625000001
0 0.21393000000000004 0.94774734375 0.4265431250000001 0.94774734375 0.21393000000000004 0.7351996875 0.4265431250000001 0.7351996875
0 0.0 0.13823296875000005 0.0 0.13823296875000005 0.0 0.0 0.0 0.0
0 0.0 1.0 0.0 1.0 0.0 0.8306365625 0.0 0.8306365625
0 0.0 1.0 0.22488265624999998 1.0 0.0 1.0 0.22488265624999998 1.0
0 0.6359874999999999 0.32386765625 0.900090625 0.32386765625 0.6359874999999999 0.059193281249999966 0.900090625 0.059193281249999966
0 1.0 0.20237250000000007 1.0 0.20237250000000007 1.0 0.0 1.0 0.0
0 0.7731484375000001 0.4111271875 0.8297265625000001 0.4111271875 0.7731484375000001 0.35437828125 0.8297265625000001 0.35437828125
0 1.0 0.18393046875000002 1.0 0.18393046875000002 1.0 0.0 1.0 0.0
0 0.0 0.67170453125 0.0 0.67170453125 0.0 0.6020749999999999 0.0 0.6020749999999999
0 0.936553125 0.6022932812499999 1.0 0.6022932812499999 0.936553125 0.43324296875 1.0 0.43324296875
0 0.6898203124999999 1.0 0.9309093749999999 1.0 0.6898203124999999 0.8645010937500001 0.9309093749999999 0.8645010937500001
0 0.0 0.405396875 0.0 0.405396875 0.0 0.22794328124999996 0.0 0.22794328124999996
0 0.33306500000000006 0.6050009375000001 0.5680921874999999 0.6050009375000001 0.33306500000000006 0.37009171875 0.5680921874999999 0.37009171875
0 0.0 0.638409375 0.0 0.638409375 0.0 0.34139953125 0.0 0.34139953125
0 0.054202031250000005 1.0 0.2894767187499999 1.0 0.054202031250000005 0.9660414062499999 0.2894767187499999 0.9660414062499999
0 0.20070578124999994 1.0 0.34905500000000006 1.0 0.20070578124999994 0.8968564062500001 0.34905500000000006 0.8968564062500001
0 0.707075 0.35565453125 1.0 0.35565453125 0.707075 0.0 1.0 0.0
0 1.0 0.9361712499999999 1.0 0.9361712499999999 1.0 0.7254403125 1.0 0.7254403125
0 0.0 0.7193225 0.0 0.7193225 0.0 0.29650265625000005 0.0 0.29650265625000005
0 0.0 0.277065 0.0 0.277065 0.0 0.12953609375 0.0 0.12953609375
0 0.0 0.2341156249999999 0.0 0.2341156249999999 0.0 0.060578281249999935 0.0 0.060578281249999935
0 1.0 0.9934143125 1.0 0.9934143125 1.0 0.6470871875 1.0 0.6470871875
0 0.0 0.138709375 0.0 0.138709375 0.0 0.0 0.0 0.0
0 0.0 0.45918328124999996 0.0 0.45918328124999996 0.0 0.2296206249999999 0.0 0.2296206249999999
