0 0.8592896874999999 0.22720906250000006 1.0 0.22720906250000006 0.8592896874999999 0.0 1.0 0.0
0 0.11862384374999999 0.8793382812499999 0.44273828125000003 0.8793382812499999 0.11862384374999999 0.54055 0.44273828125000003 0.54055
0 1.0 0.9275224999999999 1.0 0.9275224999999999 1.0 0.48260718750000003 1.0 0.48260718750000003
0 0.8980331250000001 0.03370968750000003 1.0 0.03370968750000003 0.8980331250000001 0.0 1.0 0.0
0 0.4900821875 1.0 0.75469140625 1.0 0.4900821875 1.0 0.75469140625 1.0
0 1.0 0.75176734375 1.0 0.75176734375 1.0 0.5026923437499999 1.0 0.5026923437499999
0 0.8300098437500001 0.93943390625 0.90577921875 0.93943390625 0.8300098437500001 0.8630959375 0.90577921875 0.8630959375
0 0.055438046875 0.6264353125000001 0.26400718749999996 0.6264353125000001 0.055438046875 0.42746015625 0.26400718749999996 0.42746015625
0 1.0 1.0 1.0 1.0 1.0 0.805078125 1.0 0.805078125
0 1.0 0.3219292187500001 1.0 0.3219292187500001 1.0 0.04095718749999992 1.0 0.04095718749999992
0 1.0 0.013607656249999956 1.0 0.013607656249999956 1.0 0.0 1.0 0.0
0 0.85896984375 0.7650465625 0.9088631250000001 0.7650465625 0.85896984375 0.71363296875 0.9088631250000001 0.71363296875
0 0.8092675 1.0 0.98618109375 1.0 0.8092675 0.91090828125 0.98618109375 0.91090828125
0 1.0 0.3956384375 1.0 0.3956384375 1.0 0.0 1.0 0.0
0 1.0 0.8320314062499999 1.0 0.8320314062499999 1.0 0.670545 1.0 0.670545
0 0.632213125 1.0 1.0 1.0 0.632213125 0.9117246874999999 1.0 0.9117246874999999
0 0.6611084375 0.412069375 0.9399176562499999 0.412069375 0.6611084375 0.1514096875 0.9399176562499999 0.1514096875
0 1.0 0.9123657812499999 1.0 0.9123657812499999 1.0 0.7130449999999999 1.0 0.7130449999999999
0 1.0 0.940588125 1.0 0.940588125 1.0 0.6718175 1.0 0.6718175
0 0.7938604687499999 0.37245640625 1.0 0.37245640625 0.7938604687499999 0.10881062499999991 1.0 0.10881062499999991
0 1.0 1.0 1.0 1.0 1.0 0.83053546875 1.0 0.83053546875
0 1.0 0.8631831249999999 1.0 0.8631831249999999 1.0 0.5980896875 1.0 0.5980896875
0 1.0 0.61282015625 1.0 0.61282015625 1.0 0.38404359374999997 1.0 0.38404359374999997
0 1.0 0.2683576562500001 1.0 0.2683576562500001 1.0 0.0 1.0 0.0
0 1.0 0.06118218750000004 1.0 0.06118218750000004 1.0 0.0 1.0 0.0
0 0.9373276562499999 0.76518421875 1.0 0.76518421875 0.9373276562499999 0.5837054687500001 1.0 0.5837054687500001
0 0.1260693125 0.7015425 0.349899375 0.7015425 0.1260693125 0.454025625 0.349899375 0.454025625
0 0.0 1.0 0.1828740625 1.0 0.0 1.0 0.1828740625 1.0
0 0.098124109375 0.70404203125 0.3332765625 0.70404203125 0.098124109375 0.46899218749999994 0.3332765625 0.46899218749999994
0 1.0 0.9052534375000001 1.0 0.9052534375000001 1.0 0.56066921875 1.0 0.56066921875
0 0.2182696875 0.12000453125000003 0.28988140625000003 0.12000453125000003 0.2182696875 0.047544062499999915 0.28988140625000003 0.047544062499999915
0 0.0 1.0 0.21348828125 1.0 0.0 0.9004757812499999 0.21348828125 0.9004757812499999
0 0.032175296874999995 0.83445421875 0.3012715625 0.83445421875 0.032175296874999995 0.57128875 0.3012715625 0.57128875
0 0.0 1.0 0.041063578125 1.0 0.0 1.0 0.041063578125 1.0
0 0.749921875 0.6006484375000001 1.0 0.6006484375000001 0.749921875 0.30631578125000003 1.0 0.30631578125000003
0 0.5285071875 0.905579375 0.7522503125 0.905579375 0.5285071875 0.6581382812500001 0.7522503125 0.6581382812500001
0 1.0 1.0 1.0 1.0 1.0 0.9454525 1.0 0.9454525
