0 0.7231249999999999 0.7836653124999999 0.9855218749999999 0.7836653124999999 0.7231249999999999 0.54276921875 0.9855218749999999 0.54276921875
0 0.0 0.6725490625 0.0 0.6725490625 0.0 0.46707421875 0.0 0.46707421875
0 0.44795656249999993 1.0 0.795734375 1.0 0.44795656249999993 1.0 0.795734375 1.0
0 0.6942984375000002 0.07092468749999999 0.93024375 0.07092468749999999 0.6942984375000002 0.0 0.93024375 0.0
0 0.0 0.31091687500000004 0.0 0.31091687500000004 0.0 0.17920218749999997 0.0 0.17920218749999997
0 0.53560984375 0.65087859375 0.6845203125000001 0.65087859375 0.53560984375 0.4935459375 0.6845203125000001 0.4935459375
0 0.0 0.5508726562499999 0.0 0.5508726562499999 0.0 0.32671406249999996 0.0 0.32671406249999996
0 0.13446687500000004 0.43520125 0.36393640625 0.43520125 0.13446687500000004 0.20004421874999992 0.36393640625 0.20004421874999992
0 0.9571609375000001 0.01926828124999993 1.0 0.01926828124999993 0.9571609375000001 0.0 1.0 0.0
0 0.0 0.6860367187499999 0.1479159375 0.6860367187499999 0.0 0.46108031250000003 0.1479159375 0.46108031250000003
0 0.0 0.05801499999999997 0.0 0.05801499999999997 0.0 0.0 0.0 0.0
0 1.0 0.9829935000000001 1.0 0.9829935000000001 1.0 0.6204007812500001 1.0 0.6204007812500001
0 0.0 0.15425921875000004 0.0 0.15425921875000004 0.0 0.0 0.0 0.0
0 0.0 1.0 0.0 1.0 0.0 0.96121984375 0.0 0.96121984375
0 0.9878609375 0.83511265625 1.0 0.83511265625 0.9878609375 0.7614696875 1.0 0.7614696875
0 0.772596875 1.0 0.9265734375000001 1.0 0.772596875 0.87850765625 0.9265734375000001 0.87850765625
0 0.02941874999999996 0.18349718750000008 0.10787125 0.18349718750000008 0.02941874999999996 0.10544140624999994 0.10787125 0.10544140624999994
0 0.0 0.91170296875 0.0 0.91170296875 0.0 0.6533831250000001 0.0 0.6533831250000001
0 0.0 1.0 0.0 1.0 0.0 0.9534106250000001 0.0 0.9534106250000001
0 0.6040062500000001 1.0 0.7867562499999998 1.0 0.6040062500000001 0.846335625 0.7867562499999998 0.846335625
0 0.34351921875 0.10906656249999998 0.710365625 0.10906656249999998 0.34351921875 0.0 0.710365625 0.0
0 0.33101390624999993 0.55412203125 0.37521359375 0.55412203125 0.33101390624999993 0.5078750000000001 0.37521359375 0.5078750000000001
0 0.0 0.65080015625 0.0 0.65080015625 0.0 0.3504165625 0.0 0.3504165625
0 0.0 1.0 0.0 1.0 0.0 0.803510625 0.0 0.803510625
0 0.7020109375000001 1.0 0.9990109374999999 1.0 0.7020109375000001 1.0 0.9990109374999999 1.0
0 0.0 0.20592796875000002 0.0 0.20592796875000002 0.0 0.0 0.0 0.0
0 0.9565421874999999 0.12238953124999999 1.0 0.12238953124999999 0.9565421874999999 0.0 1.0 0.0
0 0.5786109375 0.83294140625 0.8118281249999999 0.83294140625 0.5786109375 0.5998207812499999 0.8118281249999999 0.5998207812499999
0 0.0 0.305270625 0.0 0.305270625 0.0 0.24856421874999998 0.0 0.24856421874999998
0 1.0 0.93832328125 1.0 0.93832328125 1.0 0.787609375 1.0 0.787609375
0 0.0 0.5933214062500001 0.0 0.5933214062500001 0.0 0.52208484375 0.0 0.52208484375
0 0.8513921875000001 0.37639328125000004 1.0 0.37639328125000004 0.8513921875000001 0.22731281249999996 1.0 0.22731281249999996
0 1.0 0.19892125000000008 1.0 0.19892125000000008 1.0 0.13188078124999994 1.0 0.13188078124999994
0 0.18533828124999996 0.41673625000000003 0.40146718749999993 0.41673625000000003 0.18533828124999996 0.19187484374999997 0.40146718749999993 0.19187484374999997
0 0.0 1.0 0.0 1.0 0.0 0.9010434374999999 0.0 0.9010434374999999
0 0.7134859375000001 0.22511093750000005 0.9206406250000001 0.22511093750000005 0.7134859375000001 0.027647187500000038 0.9206406250000001 0.027647187500000038
0 0.0 0.31926515625 0.0 0.31926515625 0.0 0.03505343750000005 0.0 0.03505343750000005
0 0.0 0.50913640625 0.1599559375 0.50913640625 0.0 0.20082734374999997 0.1599559375 0.20082734374999997
0 0.0 0.9667521875 0.07858406250000005 0.9667521875 0.0 0.720585625 0.07858406250000005 0.720585625
0 0.0 0.87353734375 0.0 0.87353734375 0.0 0.63715609375 0.0 0.63715609375
0 0.0 0.280415625 0.0 0.280415625 0.0 0.0 0.0 0.0
0 0.8810906249999999 1.0 1.0 1.0 0.8810906249999999 0.910646875 1.0 0.910646875
0 0.39744203124999994 0.863544375 0.5581099999999999 0.863544375 0.39744203124999994 0.69651578125 0.5581099999999999 0.69651578125
