0 0.0 0.23998578125000006 0.0 0.23998578125000006 0.0 0.16068234374999993 0.0 0.16068234374999993
0 0.3953573437499999 1.0 0.7421640624999999 1.0 0.3953573437499999 0.71349203125 0.7421640624999999 0.71349203125
0 0.9997843750000002 0.13662765624999995 1.0 0.13662765624999995 0.9997843750000002 0.0 1.0 0.0
0 0.4093084375 0.6704290625 0.6878687500000001 0.6704290625 0.4093084375 0.387314375 0.6878687500000001 0.387314375
0 0.6589453124999999 0.4070128125 0.8533406249999999 0.4070128125 0.6589453124999999 0.18436015625 0.8533406249999999 0.18436015625
0 0.0 0.7379962499999999 0.0 0.7379962499999999 0.0 0.5787 0.0 0.5787
0 0.0 1.0 0.0 1.0 0.0 0.8281449999999999 0.0 0.8281449999999999
0 0.0 0.04914687499999992 0.0 0.04914687499999992 0.0 0.0 0.0 0.0
0 0.7815156250000002 1.0 1.0 1.0 0.7815156250000002 0.79612125 1.0 0.79612125
0 0.1519556250000001 0.36557109375 0.4144984375 0.36557109375 0.1519556250000001 0.11745781250000001 0.4144984375 0.11745781250000001
0 0.16584343750000005 0.864260625 0.37789578125 0.864260625 0.16584343750000005 0.663631875 0.37789578125 0.663631875
0 0.0 0.55681078125 0.09802156249999996 0.55681078125 0.0 0.3157895312500001 0.09802156249999996 0.3157895312500001
0 0.0 0.41728624999999997 0.08998000000000009 0.41728624999999997 0.0 0.0 0.08998000000000009 0.0
0 1.0 0.702734375 1.0 0.702734375 1.0 0.56118328125 1.0 0.56118328125
0 0.46261609375 0.23479124999999995 0.7310437499999999 0.23479124999999995 0.46261609375 0.0 0.7310437499999999 0.0
0 0.3987346875 1.0 0.6245999999999998 1.0 0.3987346875 1.0 0.6245999999999998 1.0
0 0.5998281249999999 0.8374415625000001 0.8600015625000001 0.8374415625000001 0.5998281249999999 0.5931348437499999 0.8600015625000001 0.5931348437499999
0 0.0 1.0 0.07893640625000006 1.0 0.0 1.0 0.07893640625000006 1.0
0 0.46357859375 0.2713956250000001 0.5183846875 0.2713956250000001 0.46357859375 0.21581703124999993 0.5183846875 0.21581703124999993
0 0.0 0.8732242187499999 0.0 0.8732242187499999 0.0 0.622659375 0.0 0.622659375
0 0.0 0.14785625000000008 0.0 0.14785625000000008 0.0 0.0 0.0 0.0
0 0.0 1.0 0.0 1.0 0.0 0.88376125 0.0 0.88376125
0 0.0 1.0 0.0 1.0 0.0 0.98836228125 0.0 0.98836228125
0 0.0 0.08331515624999994 0.0 0.08331515624999994 0.0 0.0 0.0 0.0
0 0.7661750000000002 0.6870695312499999 1.0 0.6870695312499999 0.7661750000000002 0.38555453125000005 1.0 0.38555453125000005
0 0.0 1.0 0.0 1.0 0.0 0.73596328125 0.0 0.73596328125
0 0.0 0.46063359375 0.09647249999999996 0.46063359375 0.0 0.2411096875 0.09647249999999996 0.2411096875
0 0.0 0.6804509375000001 0.0 0.6804509375000001 0.0 0.36906796875000003 0.0 0.36906796875000003
0 1.0 0.87249890625 1.0 0.87249890625 1.0 0.8260287500000001 1.0 0.8260287500000001
0 0.0 0.205099375 0.0 0.205099375 0.0 0.0 0.0 0.0
0 0.8693203125 0.38301234375000004 1.0 0.38301234375000004 0.8693203125 0.15776515624999998 1.0 0.15776515624999998
0 0.0 0.54407140625 0.0 0.54407140625 0.0 0.34813609375 0.0 0.34813609375
0 0.9133359375000001 0.09174359375000005 1.0 0.09174359375000005 0.9133359375000001 0.0 1.0 0.0
0 0.68536875 0.5006762499999999 0.9222249999999999 0.5006762499999999 0.68536875 0.260786875 0.9222249999999999 0.260786875
0 0.0 1.0 0.0 1.0 0.0 0.9840647499999999 0.0 0.9840647499999999
0 0.0 0.6460903124999999 0.0 0.6460903124999999 0.0 0.39247062499999996 0.0 0.39247062499999996
0 0.36882374999999995 1.0 0.598559375 1.0 0.36882374999999995 0.89546375 0.598559375 0.89546375
