0 0.8844053125 0.5838859375000001 1.0 0.5838859375000001 0.8844053125 0.43903921874999996 1.0 0.43903921874999996
0 1.0 1.0 1.0 1.0 1.0 0.733254375 1.0 0.733254375
0 0.8580175000000001 1.0 1.0 1.0 0.8580175000000001 0.8586246875000001 1.0 0.8586246875000001
0 0.3024415625 0.87868921875 0.5310290625 0.87868921875 0.3024415625 0.65814578125 0.5310290625 0.65814578125
0 0.395775 0.94193640625 0.45213625 0.94193640625 0.395775 0.88528078125 0.45213625 0.88528078125
0 1.0 0.70473671875 1.0 0.70473671875 1.0 0.5315065625 1.0 0.5315065625
0 0.7465578125000001 0.88363390625 0.9177618750000001 0.88363390625 0.7465578125000001 0.70882703125 0.9177618750000001 0.70882703125
0 1.0 0.4523225 1.0 0.4523225 1.0 0.1463825 1.0 0.1463825
0 1.0 0.9270321875 1.0 0.9270321875 1.0 0.75884953125 1.0 0.75884953125
0 1.0 0.58369125 1.0 0.58369125 1.0 0.31941468749999996 1.0 0.31941468749999996
0 0.0 0.8641528125000001 0.097462015625 0.8641528125000001 0.0 0.60518234375 0.097462015625 0.60518234375
0 1.0 0.20808203125000002 1.0 0.20808203125000002 1.0 0.0 1.0 0.0
0 0.0 1.0 0.121162921875 1.0 0.0 0.8963332812499999 0.121162921875 0.8963332812499999
0 0.7276332812499999 0.59312171875 0.8858796874999999 0.59312171875 0.7276332812499999 0.45384624999999995 0.8858796874999999 0.45384624999999995
0 1.0 0.6920726562499999 1.0 0.6920726562499999 1.0 0.4614509375 1.0 0.4614509375
0 1.0 1.0 1.0 1.0 1.0 0.8822703125 1.0 0.8822703125
0 0.5512425000000001 0.49459328124999996 0.8586815624999999 0.49459328124999996 0.5512425000000001 0.19001312499999995 0.8586815624999999 0.19001312499999995
0 0.0 0.9896172812499999 0.1326393125 0.9896172812499999 0.0 0.7737660937499999 0.1326393125 0.7737660937499999
0 1.0 0.9213276562499999 1.0 0.9213276562499999 1.0 0.51285765625 1.0 0.51285765625
0 0.0 0.693834375 0.16590765624999998 0.693834375 0.0 0.43123734375 0.16590765624999998 0.43123734375
0 0.5870075 0.81359171875 0.88345828125 0.81359171875 0.5870075 0.5204796875000001 0.88345828125 0.5204796875000001
0 1.0 0.56556765625 1.0 0.56556765625 1.0 0.4128715625 1.0 0.4128715625
0 1.0 0.97451390625 1.0 0.97451390625 1.0 0.81811265625 1.0 0.81811265625
0 1.0 0.7703440625 1.0 0.7703440625 1.0 0.39299625000000005 1.0 0.39299625000000005
0 0.11095703125 0.4198515625 0.1642265625 0.4198515625 0.11095703125 0.36551687499999996 0.1642265625 0.36551687499999996
0 0.9215532812499999 0.8532103124999999 1.0 0.8532103124999999 0.9215532812499999 0.68175828125 1.0 0.68175828125
0 1.0 0.3758884375 1.0 0.3758884375 1.0 0.15761734374999997 1.0 0.15761734374999997
0 0.27064109375 1.0 0.52570140625 1.0 0.27064109375 1.0 0.52570140625 1.0
