0 1.0 0.6851640625 1.0 0.6851640625 1.0 0.44962234375000004 1.0 0.44962234375000004
0 0.0 0.6515785937499999 0.16513375 0.6515785937499999 0.0 0.34680734375 0.16513375 0.34680734375
0 0.5189815624999999 0.62023109375 0.825404375 0.62023109375 0.5189815624999999 0.31157625000000005 0.825404375 0.31157625000000005
0 1.0 0.73781 1.0 0.73781 1.0 0.5985421875 1.0 0.5985421875
0 1.0 0.35522484375 1.0 0.35522484375 1.0 0.10696281249999995 1.0 0.10696281249999995
0 1.0 0.36195781250000003 1.0 0.36195781250000003 1.0 0.10086218749999994 1.0 0.10086218749999994
0 0.7839209375 0.7585270312500001 0.95403796875 0.7585270312500001 0.7839209375 0.59986390625 0.95403796875 0.59986390625
0 1.0 0.64916 1.0 0.64916 1.0 0.4767234375 1.0 0.4767234375
0 0.91879875 1.0 1.0 1.0 0.91879875 1.0 1.0 1.0
0 1.0 0.9684395312499999 1.0 0.9684395312499999 1.0 0.67390375 1.0 0.67390375
0 1.0 0.21818671875 1.0 0.21818671875 1.0 0.04397609374999991 1.0 0.04397609374999991
0 1.0 0.8487889062499999 1.0 0.8487889062499999 1.0 0.53997390625 1.0 0.53997390625
0 1.0 0.56580875 1.0 0.56580875 1.0 0.3885021875 1.0 0.3885021875
0 0.042127484375 1.0 0.20791421875 1.0 0.042127484375 1.0 0.20791421875 1.0
0 1.0 0.6665670312499999 1.0 0.6665670312499999 1.0 0.589398125 1.0 0.589398125
0 0.8977325 0.38639984375 0.97671609375 0.38639984375 0.8977325 0.30725015624999996 0.97671609375 0.30725015624999996
0 1.0 0.17940734374999998 1.0 0.17940734374999998 1.0 0.0 1.0 0.0
0 1.0 0.010023906250000002 1.0 0.010023906250000002 1.0 0.0 1.0 0.0
0 0.20148953125000002 0.9322120312500001 0.4253215625 0.9322120312500001 0.20148953125000002 0.70851046875 0.4253215625 0.70851046875
0 0.8219928124999999 0.8596715625 0.87521671875 0.8596715625 0.8219928124999999 0.8077635937500001 0.87521671875 0.8077635937500001
0 1.0 1.0 1.0 1.0 1.0 0.975579375 1.0 0.975579375
0 1.0 0.65845015625 1.0 0.65845015625 1.0 0.42376250000000004 1.0 0.42376250000000004
0 0.0 0.31498687499999994 0.10066953125 0.31498687499999994 0.0 0.11426796874999993 0.10066953125 0.11426796874999993
0 0.8879637499999999 0.07131749999999996 0.9380790625 0.07131749999999996 0.8879637499999999 0.019706874999999967 0.9380790625 0.019706874999999967
0 1.0 1.0 1.0 1.0 1.0 0.84678953125 1.0 0.84678953125
0 1.0 0.8093882812500001 1.0 0.8093882812500001 1.0 0.523629375 1.0 0.523629375
0 0.28032734375 1.0 0.45755671875 1.0 0.28032734375 1.0 0.45755671875 1.0
0 0.26735171874999997 0.35204953124999994 0.53217140625 0.35204953124999994 0.26735171874999997 0.094713125 0.53217140625 0.094713125
0 1.0 0.26202453124999997 1.0 0.26202453124999997 1.0 0.0 1.0 0.0
0 1.0 0.96146421875 1.0 0.96146421875 1.0 0.72461796875 1.0 0.72461796875
0 1.0 0.9609043749999999 1.0 0.9609043749999999 1.0 0.90651546875 1.0 0.90651546875
0 1.0 0.52624796875 1.0 0.52624796875 1.0 0.21985671875 1.0 0.21985671875
0 0.0 0.8325896875 0.20984656249999997 0.8325896875 0.0 0.53577546875 0.20984656249999997 0.53577546875
0 0.4290246875 1.0 0.59385875 1.0 0.4290246875 1.0 0.59385875 1.0
0 0.3292946875 0.7898359375 0.6101356250000001 0.7898359375 0.3292946875 0.49551890624999995 0.6101356250000001 0.49551890624999995
0 1.0 0.04650625000000001 1.0 0.04650625000000001 1.0 0.0 1.0 0.0
0 1.0 0.27412703124999993 1.0 0.27412703124999993 1.0 0.03999656250000001 1.0 0.03999656250000001
0 0.5803295312500001 0.38207281249999997 0.88439671875 0.38207281249999997 0.5803295312500001 0.08757656249999997 0.88439671875 0.08757656249999997
0 0.38230421875 0.65458078125 0.60022078125 0.65458078125 0.38230421875 0.466170625 0.60022078125 0.466170625
0 0.13323603125 0.44713453124999997 0.26648546875 0.44713453124999997 0.13323603125 0.3256684375000001 0.26648546875 0.3256684375000001
0 1.0 0.5867490625 1.0 0.5867490625 1.0 0.3057732812499999 1.0 0.3057732812499999
0 1.0 0.1480928125 1.0 0.1480928125 1.0 0.0 1.0 0.0
0 0.465750625 0.87343921875 0.7347890625 0.87343921875 0.465750625 0.61276796875 0.7347890625 0.61276796875
0 0.192525 1.0 0.42712609375 1.0 0.192525 0.9341348437500001 0.42712609375 0.9341348437500001
0 0.0 1.0 0.22724265625 1.0 0.0 0.8909800000000001 0.22724265625 0.8909800000000001
0 1.0 0.22884515625000007 1.0 0.22884515625000007 1.0 0.0 1.0 0.0
0 1.0 0.93173546875 1.0 0.93173546875 1.0 0.87533828125 1.0 0.87533828125
0 1.0 0.63614953125 1.0 0.63614953125 1.0 0.2790764062499999 1.0 0.2790764062499999
0 1.0 1.0 1.0 1.0 1.0 0.9478992187499999 1.0 0.9478992187499999
