0 0.0 0.47131765625 0.0 0.47131765625 0.0 0.41059640625 0.0 0.41059640625
0 0.20573046875000003 0.23239249999999992 0.45862468750000007 0.23239249999999992 0.20573046875000003 0.0 0.45862468750000007 0.0
0 0.9172 1.0 1.0 1.0 0.9172 0.8809907812500001 1.0 0.8809907812500001
0 0.5635484375 1.0 0.8681765625000001 1.0 0.5635484375 0.79346421875 0.8681765625000001 0.79346421875
0 0.93775625 0.5504503125 1.0 0.5504503125 0.93775625 0.33073046875 1.0 0.33073046875
0 0.0 1.0 0.0 1.0 0.0 0.93451671875 0.0 0.93451671875
0 0.06967953125000008 0.10070593750000008 0.37017281250000006 0.10070593750000008 0.06967953125000008 0.0 0.37017281250000006 0.0
0 0.05613453125000003 0.55778078125 0.24084828125000007 0.55778078125 0.05613453125000003 0.35982046875 0.24084828125000007 0.35982046875
0 1.0 0.9226435937499999 1.0 0.9226435937499999 1.0 0.78848734375 1.0 0.78848734375
0 0.12708343749999998 1.0 0.45252625 1.0 0.12708343749999998 1.0 0.45252625 1.0
0 0.27225906250000004 1.0 0.53544015625 1.0 0.27225906250000004 0.8674010937500001 0.53544015625 0.8674010937500001
0 0.0 0.05853312499999994 0.0 0.05853312499999994 0.0 0.0 0.0 0.0
0 0.0 0.08087656249999994 0.15519750000000004 0.08087656249999994 0.0 0.0 0.15519750000000004 0.0
0 0.0 1.0 0.0 1.0 0.0 0.83741359375 0.0 0.83741359375
0 0.534044375 0.23748078125000002 0.8007171875000001 0.23748078125000002 0.534044375 0.0 0.8007171875000001 0.0
0 0.03642609374999992 0.35033828125 0.240459375 0.35033828125 0.03642609374999992 0.15893796874999994 0.240459375 0.15893796874999994
0 0.0 0.08643968750000006 0.0 0.08643968750000006 0.0 0.0 0.0 0.0
0 0.0 0.79290515625 0.0 0.79290515625 0.0 0.558223125 0.0 0.558223125
0 0.567615625 0.73674546875 0.7632593750000002 0.73674546875 0.567615625 0.5515271875 0.7632593750000002 0.5515271875
0 0.38762203124999994 0.07275546874999997 0.6175125000000001 0.07275546874999997 0.38762203124999994 0.0 0.6175125000000001 0.0
0 0.7900890624999999 0.15929312499999995 0.8465624999999999 0.15929312499999995 0.7900890624999999 0.10258421875000004 0.8465624999999999 0.10258421875000004
0 0.0 0.40337984374999997 0.0 0.40337984374999997 0.0 0.16844656249999995 0.0 0.16844656249999995
0 0.26048015625000004 0.6024909375 0.7122968749999998 0.6024909375 0.26048015625000004 0.15073640625000007 0.7122968749999998 0.15073640625000007
0 0.15952656249999997 1.0 0.44664531249999995 1.0 0.15952656249999997 1.0 0.44664531249999995 1.0
0 0.9178140625000001 0.9268126562500001 1.0 0.9268126562500001 0.9178140625000001 0.61737046875 1.0 0.61737046875
0 0.06905296874999997 0.6817653124999999 0.24250890624999996 0.6817653124999999 0.06905296874999997 0.5104909375 0.24250890624999996 0.5104909375
0 0.7358546874999998 0.10979281249999992 1.0 0.10979281249999992 0.7358546874999998 0.0 1.0 0.0
0 0.6436046874999999 0.8120996875 0.7982796874999998 0.8120996875 0.6436046874999999 0.66645390625 0.7982796874999998 0.66645390625
0 0.6467562499999999 1.0 1.0 1.0 0.6467562499999999 0.8353823437500001 1.0 0.8353823437500001
0 0.0 1.0 0.0 1.0 0.0 0.8874004687499999 0.0 0.8874004687499999
0 0.0 1.0 0.33977796875 1.0 0.0 1.0 0.33977796875 1.0
0 0.6585093749999998 0.45909078125 0.8299671875000001 0.45909078125 0.6585093749999998 0.29756015625 0.8299671875000001 0.29756015625
0 1.0 0.63533921875 1.0 0.63533921875 1.0 0.47591765625000004 1.0 0.47591765625000004
0 0.0 0.9806763125 0.0 0.9806763125 0.0 0.76673328125 0.0 0.76673328125
0 0.54657984375 0.17461859375 0.7953296875 0.17461859375 0.54657984375 0.0 0.7953296875 0.0
0 0.0 0.3469978125 0.0 0.3469978125 0.0 0.05409781250000005 0.0 0.05409781250000005
