0 1.0 0.6673846875 1.0 0.6673846875 1.0 0.41240437500000005 1.0 0.41240437500000005
0 0.0 0.12904984375 0.0 0.12904984375 0.0 0.0 0.0 0.0
0 0.0 0.7991528125 0.0 0.7991528125 0.0 0.52244140625 0.0 0.52244140625
0 0.0 0.64707953125 0.0 0.64707953125 0.0 0.431835625 0.0 0.431835625
0 0.18720109375000007 0.24683984374999995 0.3480759375 0.24683984374999995 0.18720109375000007 0.10374625000000001 0.3480759375 0.10374625000000001
0 0.0 1.0 0.0 1.0 0.0 0.7616043749999999 0.0 0.7616043749999999
0 0.0 0.48171093750000005 0.0 0.48171093750000005 0.0 0.24508890625 0.0 0.24508890625
0 0.0 0.41023765624999997 0.0 0.41023765624999997 0.0 0.15158437500000002 0.0 0.15158437500000002
0 0.0 0.2143798437499999 0.0 0.2143798437499999 0.0 0.006518125000000019 0.0 0.006518125000000019
0 0.0 0.24642546875000004 0.19964359374999993 0.24642546875000004 0.0 0.0 0.19964359374999993 0.0
0 0.0 0.47650609375 0.0 0.47650609375 0.0 0.24647500000000006 0.0 0.24647500000000006
0 0.9923453125000001 0.5316090625000001 1.0 0.5316090625000001 0.9923453125000001 0.24583328125 1.0 0.24583328125
0 0.0 0.22405140625000008 0.18909468749999991 0.22405140625000008 0.0 0.0 0.18909468749999991 0.0
0 0.34192156249999994 0.08192125000000008 0.51948515625 0.08192125000000008 0.34192156249999994 0.0 0.51948515625 0.0
0 0.2674171875000001 0.12952828125 0.5167525 0.12952828125 0.2674171875000001 0.0 0.5167525 0.0
0 1.0 0.9954599375000001 1.0 0.9954599375000001 1.0 0.7748628125 1.0 0.7748628125
0 0.0 0.60858453125 0.0 0.60858453125 0.0 0.43473375000000003 0.0 0.43473375000000003
0 0.013551093749999943 0.15752671874999996 0.18878453124999997 0.15752671874999996 0.013551093749999943 0.0 0.18878453124999997 0.0
0 0.0 0.64227703125 0.0 0.64227703125 0.0 0.40625999999999995 0.0 0.40625999999999995
0 0.8546125 0.5057440625 1.0 0.5057440625 0.8546125 0.08410859375000009 1.0 0.08410859375000009
0 0.8731796875000001 0.76545125 1.0 0.76545125 0.8731796875000001 0.53993765625 1.0 0.53993765625
0 0.3946446874999999 0.56319140625 0.7032703125000002 0.56319140625 0.3946446874999999 0.25721890625 0.7032703125000002 0.25721890625
0 1.0 0.8454168750000001 1.0 0.8454168750000001 1.0 0.7762439062500001 1.0 0.7762439062500001
