0 1.0 0.3071890625 1.0 0.3071890625 1.0 0.035512499999999926 1.0 0.035512499999999926
0 1.0 0.11386749999999993 1.0 0.11386749999999993 1.0 0.0 1.0 0.0
0 1.0 0.37752625 1.0 0.37752625 1.0 0.16255781250000007 1.0 0.16255781250000007
0 0.91136921875 1.0 1.0 1.0 0.91136921875 0.72361671875 1.0 0.72361671875
0 0.45123781249999995 1.0 0.7080234375 1.0 0.45123781249999995 0.7881075 0.7080234375 0.7881075
0 0.0 0.03111593750000008 0.12322821875000001 0.03111593750000008 0.0 0.0 0.12322821875000001 0.0
0 1.0 0.42476609375 1.0 0.42476609375 1.0 0.210434375 1.0 0.210434375
0 0.7583618750000001 1.0 1.0 1.0 0.7583618750000001 0.9841612812499999 1.0 0.9841612812499999
0 1.0 1.0 1.0 1.0 1.0 0.753951875 1.0 0.753951875
0 1.0 1.0 1.0 1.0 1.0 0.9457490625 1.0 0.9457490625
0 1.0 0.294863125 1.0 0.294863125 1.0 0.008402500000000045 1.0 0.008402500000000045
0 1.0 0.70058875 1.0 0.70058875 1.0 0.39044984375 1.0 0.39044984375
0 0.6411809374999999 1.0 0.8819384375 1.0 0.6411809374999999 0.8186253125 0.8819384375 0.8186253125
0 1.0 0.535509375 1.0 0.535509375 1.0 0.23313546874999994 1.0 0.23313546874999994
0 1.0 0.3926709375 1.0 0.3926709375 1.0 0.18013781249999994 1.0 0.18013781249999994
0 1.0 0.54981453125 1.0 0.54981453125 1.0 0.31472468750000004 1.0 0.31472468750000004
0 1.0 0.29456609375 1.0 0.29456609375 1.0 0.0 1.0 0.0
0 1.0 0.770165625 1.0 0.770165625 1.0 0.5187615625 1.0 0.5187615625
0 0.37216515625 0.7110028125000001 0.6108795312499999 0.7110028125000001 0.37216515625 0.48126484375 0.6108795312499999 0.48126484375
0 1.0 0.1775854687500001 1.0 0.1775854687500001 1.0 0.0 1.0 0.0
0 0.10283709375000001 0.09045796875 0.41251546875 0.09045796875 0.10283709375000001 0.0 0.41251546875 0.0
0 0.9085707812500001 0.03787906250000006 1.0 0.03787906250000006 0.9085707812500001 0.0 1.0 0.0
0 0.63126875 0.55734890625 0.8999821875 0.55734890625 0.63126875 0.28216515624999994 0.8999821875 0.28216515624999994
0 1.0 0.5436631249999999 1.0 0.5436631249999999 1.0 0.4987859375 1.0 0.4987859375
0 0.938670625 1.0 1.0 1.0 0.938670625 1.0 1.0 1.0
0 0.32371984375 0.20270312500000004 0.5673193750000001 0.20270312500000004 0.32371984375 0.0 0.5673193750000001 0.0
0 1.0 0.501234375 1.0 0.501234375 1.0 0.19787 1.0 0.19787
0 1.0 0.16828781250000002 1.0 0.16828781250000002 1.0 0.0 1.0 0.0
0 1.0 0.32921453125000005 1.0 0.32921453125000005 1.0 0.16418109375000006 1.0 0.16418109375000006
0 0.11766525000000001 0.85396015625 0.35804859375000003 0.85396015625 0.11766525000000001 0.61645046875 0.35804859375000003 0.61645046875
0 0.0117051609375 0.82087796875 0.27550125 0.82087796875 0.0117051609375 0.55629984375 0.27550125 0.55629984375
0 0.91191953125 1.0 1.0 1.0 0.91191953125 0.59479953125 1.0 0.59479953125
0 1.0 0.34912031250000003 1.0 0.34912031250000003 1.0 0.08541109374999997 1.0 0.08541109374999997
0 0.50992625 0.29902187500000005 0.58027125 0.29902187500000005 0.50992625 0.22970718750000002 0.58027125 0.22970718750000002
0 0.829703125 0.5823690625 1.0 0.5823690625 0.829703125 0.35029890625000004 1.0 0.35029890625000004
0 1.0 0.4285490625 1.0 0.4285490625 1.0 0.21885562499999994 1.0 0.21885562499999994
