0 0.2142090625 1.0 0.44685687499999993 1.0 0.2142090625 1.0 0.44685687499999993 1.0
0 0.9962218750000001 0.23040374999999996 1.0 0.23040374999999996 0.9962218750000001 0.004214999999999946 1.0 0.004214999999999946
0 0.0 0.43485234375 0.21063375000000004 0.43485234375 0.0 0.0 0.21063375000000004 0.0
0 0.46442734375000005 0.016499375000000073 0.6278984375000001 0.016499375000000073 0.46442734375000005 0.0 0.6278984375000001 0.0
0 0.0 0.5635656250000001 0.02626218750000007 0.5635656250000001 0.0 0.50743453125 0.02626218750000007 0.50743453125
0 0.0 1.0 0.0 1.0 0.0 0.812280625 0.0 0.812280625
0 0.0 1.0 0.0 1.0 0.0 0.9969931875 0.0 0.9969931875
0 0.5875421875000001 1.0 0.812515625 1.0 0.5875421875000001 0.8209696875000001 0.812515625 0.8209696875000001
0 0.09251093749999999 0.24738765624999992 0.2551375 0.24738765624999992 0.09251093749999999 0.09232062499999998 0.2551375 0.09232062499999998
0 0.0 0.94654734375 0.0 0.94654734375 0.0 0.638250625 0.0 0.638250625
0 1.0 0.49638453125000004 1.0 0.49638453125000004 1.0 0.23455593750000006 1.0 0.23455593750000006
0 0.0 0.5661651562500001 0.0 0.5661651562500001 0.0 0.33991437500000005 0.0 0.33991437500000005
0 1.0 0.52624296875 1.0 0.52624296875 1.0 0.10074093749999999 1.0 0.10074093749999999
0 0.41502359375 1.0 0.651171875 1.0 0.41502359375 1.0 0.651171875 1.0
0 0.66328125 0.7302653125 0.71030625 0.7302653125 0.66328125 0.6852671875 0.71030625 0.6852671875
0 0.17544953124999996 0.22925656249999998 0.32461984375 0.22925656249999998 0.17544953124999996 0.10254843749999995 0.32461984375 0.10254843749999995
0 0.674565625 1.0 0.9188046875000001 1.0 0.674565625 0.9032934375 0.9188046875000001 0.9032934375
0 0.0 0.54449625 0.0 0.54449625 0.0 0.30413156249999995 0.0 0.30413156249999995
0 1.0 0.26640703125 1.0 0.26640703125 1.0 0.0 1.0 0.0
0 0.0 1.0 0.08325593750000007 1.0 0.0 0.97535703125 0.08325593750000007 0.97535703125
0 0.29292296874999996 0.5441914062500001 0.55307046875 0.5441914062500001 0.29292296874999996 0.3059404687500001 0.55307046875 0.3059404687500001
0 0.0 0.1543853125 0.0 0.1543853125 0.0 0.0 0.0 0.0
0 0.0 0.17939406249999995 0.0 0.17939406249999995 0.0 0.0 0.0 0.0
0 0.5995484375 1.0 0.8698250000000002 1.0 0.5995484375 1.0 0.8698250000000002 1.0
0 0.0 0.15982234374999998 0.0 0.15982234374999998 0.0 0.0 0.0 0.0
0 0.0 0.09063031250000009 0.0 0.09063031250000009 0.0 0.03537703125 0.0 0.03537703125
0 0.39915796875 0.20862718749999995 0.6504328125000001 0.20862718749999995 0.39915796875 0.0 0.6504328125000001 0.0
0 0.0 1.0 0.0 1.0 0.0 0.9002439062500001 0.0 0.9002439062500001
0 0.0 0.52043953125 0.0 0.52043953125 0.0 0.26405609375 0.0 0.26405609375
0 0.563221875 0.276669375 0.7756343749999999 0.276669375 0.563221875 0.03965609375000003 0.7756343749999999 0.03965609375000003
0 0.08324625000000001 1.0 0.5010265625000001 1.0 0.08324625000000001 0.916604375 0.5010265625000001 0.916604375
0 1.0 0.9726171875 1.0 0.9726171875 1.0 0.66836671875 1.0 0.66836671875
