0 0.0 0.8676634374999999 0.0 0.8676634374999999 0.0 0.6671674999999999 0.0 0.6671674999999999
0 0.1634178125 1.0 0.46022421874999997 1.0 0.1634178125 0.8211659375 0.46022421874999997 0.8211659375
0 0.0 0.61183375 0.0 0.61183375 0.0 0.3248575000000001 0.0 0.3248575000000001
0 0.3534865625 1.0 0.6287390625 1.0 0.3534865625 0.9276839062500001 0.6287390625 0.9276839062500001
0 0.0 0.09980234375000005 0.0 0.09980234375000005 0.0 0.0 0.0 0.0
0 0.7377296874999999 1.0 1.0 1.0 0.7377296874999999 0.8180125 1.0 0.8180125
0 0.0 0.74238203125 0.0 0.74238203125 0.0 0.5063793750000001 0.0 0.5063793750000001
0 0.054508749999999925 1.0 0.3586881249999999 1.0 0.054508749999999925 0.9782678125000001 0.3586881249999999 0.9782678125000001
0 0.0 1.0 0.17078156250000004 1.0 0.0 0.81230921875 0.17078156250000004 0.81230921875
0 0.6729171874999998 0.49382859375 0.911190625 0.49382859375 0.6729171874999998 0.26253734375000004 0.911190625 0.26253734375000004
0 0.12482578125000003 1.0 0.4291021875 1.0 0.12482578125000003 0.9735807812499999 0.4291021875 0.9735807812499999
0 0.0 1.0 0.14339203124999997 1.0 0.0 1.0 0.14339203124999997 1.0
0 0.23133921875 0.034750312499999936 0.4004107812499999 0.034750312499999936 0.23133921875 0.0 0.4004107812499999 0.0
0 0.0 0.5998428125 0.0 0.5998428125 0.0 0.341406875 0.0 0.341406875
0 0.32193000000000005 1.0 0.582915625 1.0 0.32193000000000005 0.8749590625 0.582915625 0.8749590625
0 0.0 0.29559468750000006 0.15497796874999992 0.29559468750000006 0.0 0.12061640624999992 0.15497796874999992 0.12061640624999992
0 0.0 0.5150718750000001 0.0 0.5150718750000001 0.0 0.27984687499999994 0.0 0.27984687499999994
0 0.0 0.99382865625 0.09800859375000001 0.99382865625 0.0 0.56494171875 0.09800859375000001 0.56494171875
0 0.0 0.751161875 0.17600859374999994 0.751161875 0.0 0.4819475 0.17600859374999994 0.4819475
0 0.0 0.539841875 0.0 0.539841875 0.0 0.4180596875 0.0 0.4180596875
0 0.7615953125000001 0.8222403125 0.9893828124999999 0.8222403125 0.7615953125000001 0.60255890625 0.9893828124999999 0.60255890625
0 0.36954484374999996 0.722366875 0.5458715625 0.722366875 0.36954484374999996 0.5449556249999999 0.5458715625 0.5449556249999999
0 0.0 0.12499906250000006 0.0 0.12499906250000006 0.0 0.06961140624999995 0.0 0.06961140624999995
0 0.0 0.2482690625 0.0 0.2482690625 0.0 0.0 0.0 0.0
0 1.0 1.0 1.0 1.0 1.0 0.85457015625 1.0 0.85457015625
