0 0.87897296875 1.0 1.0 1.0 0.87897296875 1.0 1.0 1.0
0 0.0 1.0 0.19160046875 1.0 0.0 1.0 0.19160046875 1.0
0 0.3260215625 1.0 0.614965625 1.0 0.3260215625 0.94572703125 0.614965625 0.94572703125
0 0.09152278124999999 0.44064109374999993 0.31966031250000004 0.44064109374999993 0.09152278124999999 0.21268203124999996 0.31966031250000004 0.21268203124999996
0 0.1543524375 0.25372140625000006 0.34547734375 0.25372140625000006 0.1543524375 0.06277500000000007 0.34547734375 0.06277500000000007
0 0.0 0.7845971875 0.17403156250000001 0.7845971875 0.0 0.5691251562499999 0.17403156250000001 0.5691251562499999
0 1.0 0.88524171875 1.0 0.88524171875 1.0 0.5134314062499999 1.0 0.5134314062499999
0 0.0 0.22536765625000008 0.125801984375 0.22536765625000008 0.0 0.0 0.125801984375 0.0
0 1.0 1.0 1.0 1.0 1.0 0.71334078125 1.0 0.71334078125
0 0.70781515625 0.4869503125 0.9255992187500001 0.4869503125 0.70781515625 0.26079062499999994 0.9255992187500001 0.26079062499999994
0 0.69957203125 0.58278359375 0.7548984375 0.58278359375 0.69957203125 0.52681921875 0.7548984375 0.52681921875
0 0.06140642187499999 1.0 0.36465546875 1.0 0.06140642187499999 1.0 0.36465546875 1.0
0 0.7334834375 1.0 0.9680814062499999 1.0 0.7334834375 1.0 0.9680814062499999 1.0
0 1.0 0.8987371875000001 1.0 0.8987371875000001 1.0 0.68741984375 1.0 0.68741984375
0 1.0 0.78846109375 1.0 0.78846109375 1.0 0.55379453125 1.0 0.55379453125
0 0.0 0.5224289062499999 0.0079945328125 0.5224289062499999 0.0 0.21445906249999994 0.0079945328125 0.21445906249999994
0 1.0 0.5272281249999999 1.0 0.5272281249999999 1.0 0.46637640625000004 1.0 0.46637640625000004
0 0.2475046875 0.95678 0.3789590625 0.95678 0.2475046875 0.80423484375 0.3789590625 0.80423484375
0 1.0 0.5511479687499999 1.0 0.5511479687499999 1.0 0.10428750000000005 1.0 0.10428750000000005
0 1.0 0.02412890624999999 1.0 0.02412890624999999 1.0 0.0 1.0 0.0
0 1.0 0.05813249999999996 1.0 0.05813249999999996 1.0 0.0 1.0 0.0
0 1.0 0.648276875 1.0 0.648276875 1.0 0.51202234375 1.0 0.51202234375
0 0.185078125 0.44969125 0.22664234374999997 0.44969125 0.185078125 0.40589906249999996 0.22664234374999997 0.40589906249999996
0 1.0 0.5123800000000001 1.0 0.5123800000000001 1.0 0.21219125000000005 1.0 0.21219125000000005
0 1.0 1.0 1.0 1.0 1.0 0.9519968750000001 1.0 0.9519968750000001
0 0.5491657812499999 1.0 0.8593945312500001 1.0 0.5491657812499999 1.0 0.8593945312500001 1.0
0 0.0 0.91721390625 0.26764390625 0.91721390625 0.0 0.4654890625 0.26764390625 0.4654890625
0 1.0 0.14464421875000005 1.0 0.14464421875000005 1.0 0.0 1.0 0.0
0 1.0 0.45645640624999995 1.0 0.45645640624999995 1.0 0.279003125 1.0 0.279003125
0 1.0 0.82566515625 1.0 0.82566515625 1.0 0.42845000000000005 1.0 0.42845000000000005
0 0.0 1.0 0.23167296875 1.0 0.0 0.7407468749999999 0.23167296875 0.7407468749999999
0 0.23282656249999997 0.63105109375 0.5431965625 0.63105109375 0.23282656249999997 0.32323375 0.5431965625 0.32323375
0 1.0 0.945269375 1.0 0.945269375 1.0 0.676121875 1.0 0.676121875
0 1.0 1.0 1.0 1.0 1.0 0.75054640625 1.0 0.75054640625
0 0.0807246875 1.0 0.38561015625 1.0 0.0807246875 1.0 0.38561015625 1.0
0 0.0 1.0 0.14991384375 1.0 0.0 0.9204265625 0.14991384375 0.9204265625
0 0.0 1.0 0.06140278125 1.0 0.0 1.0 0.06140278125 1.0
0 1.0 0.8801448437499999 1.0 0.8801448437499999 1.0 0.80940765625 1.0 0.80940765625
0 1.0 0.32589781250000005 1.0 0.32589781250000005 1.0 0.07293640625000002 1.0 0.07293640625000002
0 0.5548884375 0.85463296875 0.7911853125 0.85463296875 0.5548884375 0.61849640625 0.7911853125 0.61849640625
0 1.0 0.727973125 1.0 0.727973125 1.0 0.46654156249999995 1.0 0.46654156249999995
0 1.0 1.0 1.0 1.0 1.0 0.83920609375 1.0 0.83920609375
0 1.0 0.7830184375 1.0 0.7830184375 1.0 0.65172453125 1.0 0.65172453125
