0 1.0 0.38075890625 1.0 0.38075890625 1.0 0.22069343749999995 1.0 0.22069343749999995
0 0.94276921875 0.173775 1.0 0.173775 0.94276921875 0.0 1.0 0.0
0 1.0 0.92742796875 1.0 0.92742796875 1.0 0.71430890625 1.0 0.71430890625
0 1.0 1.0 1.0 1.0 1.0 0.9191148437500001 1.0 0.9191148437500001
0 1.0 0.7433057812499999 1.0 0.7433057812499999 1.0 0.5044165625 1.0 0.5044165625
0 0.59840140625 1.0 0.8645231250000001 1.0 0.59840140625 0.8433175 0.8645231250000001 0.8433175
0 1.0 0.17357640624999995 1.0 0.17357640624999995 1.0 0.0041646874999999636 1.0 0.0041646874999999636
0 1.0 0.87899453125 1.0 0.87899453125 1.0 0.82724296875 1.0 0.82724296875
0 0.80247328125 0.47674671875 1.0 0.47674671875 0.80247328125 0.21534484375 1.0 0.21534484375
0 1.0 0.487400625 1.0 0.487400625 1.0 0.34089671875 1.0 0.34089671875
0 1.0 0.9193475 1.0 0.9193475 1.0 0.6234315625 1.0 0.6234315625
0 0.9721704687500001 0.46962765624999997 1.0 0.46962765624999997 0.9721704687500001 0.16561171874999997 1.0 0.16561171874999997
0 1.0 0.6406492187499999 1.0 0.6406492187499999 1.0 0.33680859375 1.0 0.33680859375
0 1.0 0.60995703125 1.0 0.60995703125 1.0 0.2989921875 1.0 0.2989921875
0 1.0 0.935926875 1.0 0.935926875 1.0 0.8567054687500001 1.0 0.8567054687500001
0 1.0 0.81864171875 1.0 0.81864171875 1.0 0.5061890625000001 1.0 0.5061890625000001
0 1.0 0.38683093749999997 1.0 0.38683093749999997 1.0 0.21120406250000007 1.0 0.21120406250000007
0 1.0 0.006564531249999917 1.0 0.006564531249999917 1.0 0.0 1.0 0.0
0 1.0 0.7253685937500001 1.0 0.7253685937500001 1.0 0.29997375000000004 1.0 0.29997375000000004
0 1.0 0.24091968749999992 1.0 0.24091968749999992 1.0 0.0 1.0 0.0
0 0.081358640625 0.47576640625 0.30561328125 0.47576640625 0.081358640625 0.24451765625000005 0.30561328125 0.24451765625000005
0 0.69270703125 0.10153250000000007 0.9372665625 0.10153250000000007 0.69270703125 0.0 0.9372665625 0.0
0 0.0 0.08056718749999998 0.051073828125 0.08056718749999998 0.0 0.0 0.051073828125 0.0
0 0.1078494375 0.448634375 0.55922 0.448634375 0.1078494375 0.0 0.55922 0.0
