0 0.0 0.013703281249999932 0.0 0.013703281249999932 0.0 0.0 0.0 0.0
0 0.0 1.0 0.0 1.0 0.0 0.92035515625 0.0 0.92035515625
0 0.0 1.0 0.0 1.0 0.0 0.6394703125000001 0.0 0.6394703125000001
0 0.023898593750000075 1.0 0.20146453125000008 1.0 0.023898593750000075 0.9892646718750001 0.20146453125000008 0.9892646718750001
0 0.45698406249999995 1.0 0.6935781250000002 1.0 0.45698406249999995 0.88292 0.6935781250000002 0.88292
0 0.0 1.0 0.0 1.0 0.0 0.9275535937499999 0.0 0.9275535937499999
0 0.2592048437500001 0.8977629687500001 0.5213370312500001 0.8977629687500001 0.2592048437500001 0.63407984375 0.5213370312500001 0.63407984375
0 0.0 0.16641218749999992 0.0 0.16641218749999992 0.0 0.0 0.0 0.0
0 1.0 0.6491399999999999 1.0 0.6491399999999999 1.0 0.413608125 1.0 0.413608125
0 0.7911453125000001 0.5549643750000001 1.0 0.5549643750000001 0.7911453125000001 0.2759678125000001 1.0 0.2759678125000001
0 0.07479546875000001 1.0 0.5221500000000001 1.0 0.07479546875000001 0.76082625 0.5221500000000001 0.76082625
0 0.8297015625 0.58333265625 1.0 0.58333265625 0.8297015625 0.40708859375 1.0 0.40708859375
0 0.32611796875000004 0.2537954687499999 0.37719578125000003 0.2537954687499999 0.32611796875000004 0.20434296874999996 0.37719578125000003 0.20434296874999996
0 1.0 0.8411228125000001 1.0 0.8411228125000001 1.0 0.61291359375 1.0 0.61291359375
0 0.19088437500000008 0.06344859374999992 0.24766593750000004 0.06344859374999992 0.19088437500000008 0.006701718749999941 0.24766593750000004 0.006701718749999941
0 0.0 0.40684765624999997 0.0 0.40684765624999997 0.0 0.20436015624999992 0.0 0.20436015624999992
0 0.9199734374999998 1.0 1.0 1.0 0.9199734374999998 1.0 1.0 1.0
0 0.6367515625 0.21158281250000002 1.0 0.21158281250000002 0.6367515625 0.0 1.0 0.0
0 0.8947343750000002 0.38087031250000003 1.0 0.38087031250000003 0.8947343750000002 0.0 1.0 0.0
0 0.09680531250000009 1.0 0.33342609375 1.0 0.09680531250000009 1.0 0.33342609375 1.0
