0 1.0 0.48478062499999997 1.0 0.48478062499999997 1.0 0.322624375 1.0 0.322624375
0 0.0 1.0 0.13172390625000005 1.0 0.0 1.0 0.13172390625000005 1.0
0 0.0 0.9495714062499999 0.0 0.9495714062499999 0.0 0.89506125 0.0 0.89506125
0 0.75855 1.0 1.0 1.0 0.75855 1.0 1.0 1.0
0 1.0 0.3875571875 1.0 0.3875571875 1.0 0.3148221875000001 1.0 0.3148221875000001
0 0.036990312500000046 1.0 0.2925649999999999 1.0 0.036990312500000046 1.0 0.2925649999999999 1.0
0 0.0 1.0 0.38067203124999993 1.0 0.0 0.68649265625 0.38067203124999993 0.68649265625
0 0.12138828124999997 0.463195625 0.36122718749999994 0.463195625 0.12138828124999997 0.22685828125000002 0.36122718749999994 0.22685828125000002
0 0.37858578125 0.03941625000000002 0.7149359375 0.03941625000000002 0.37858578125 0.0 0.7149359375 0.0
0 0.0 0.09231781249999997 0.0 0.09231781249999997 0.0 0.0 0.0 0.0
0 0.0 1.0 0.0 1.0 0.0 0.9717268750000001 0.0 0.9717268750000001
0 0.14858343749999997 0.9046248437500001 0.4618403125 0.9046248437500001 0.14858343749999997 0.5762215625 0.4618403125 0.5762215625
0 0.35175593749999995 0.3543909375 0.6144578124999999 0.3543909375 0.35175593749999995 0.08482828125000008 0.6144578124999999 0.08482828125000008
0 0.12229859375000007 0.65045078125 0.350545 0.65045078125 0.12229859375000007 0.39914812499999996 0.350545 0.39914812499999996
0 0.0 0.16693781249999998 0.0 0.16693781249999998 0.0 0.005898281250000003 0.0 0.005898281250000003
0 0.0 0.46232281249999996 0.0 0.46232281249999996 0.0 0.21341874999999993 0.0 0.21341874999999993
0 0.8763906250000002 0.04895187500000002 1.0 0.04895187500000002 0.8763906250000002 0.0 1.0 0.0
0 0.0 0.8631781249999999 0.0 0.8631781249999999 0.0 0.60882203125 0.0 0.60882203125
0 0.2601271875 0.19257562499999992 0.3359907812499999 0.19257562499999992 0.2601271875 0.11616671875000009 0.3359907812499999 0.11616671875000009
0 0.42991499999999994 0.11411421874999998 0.6853874999999998 0.11411421874999998 0.42991499999999994 0.0 0.6853874999999998 0.0
0 0.8826578125000001 0.87792484375 1.0 0.87792484375 0.8826578125000001 0.67543734375 1.0 0.67543734375
0 0.2389746875 0.020308750000000052 0.45037125000000006 0.020308750000000052 0.2389746875 0.0 0.45037125000000006 0.0
0 0.474835 0.28680406250000007 0.7561859375000001 0.28680406250000007 0.474835 6.171874999996163e-05 0.7561859375000001 6.171874999996163e-05
0 0.0 1.0 0.0 1.0 0.0 0.97607625 0.0 0.97607625
0 0.0 0.8172499999999999 0.0 0.8172499999999999 0.0 0.45642125 0.0 0.45642125
0 0.0 0.31799531250000007 0.0 0.31799531250000007 0.0 0.01729093749999997 0.0 0.01729093749999997
0 1.0 0.4660978125 1.0 0.4660978125 1.0 0.42042624999999995 1.0 0.42042624999999995
0 0.0 0.5017171874999999 0.0 0.5017171874999999 0.0 0.26117140625000007 0.0 0.26117140625000007
0 0.21723390625000008 0.52124234375 0.50873359375 0.52124234375 0.21723390625000008 0.24455218750000007 0.50873359375 0.24455218750000007
0 0.6892343749999998 0.38969953124999995 0.9835859374999998 0.38969953124999995 0.6892343749999998 0.10034078125000008 0.9835859374999998 0.10034078125000008
0 0.0 0.4709778125 0.0 0.4709778125 0.0 0.24936578125000003 0.0 0.24936578125000003
0 0.0 0.7944 0.07023562499999994 0.7944 0.0 0.63798515625 0.07023562499999994 0.63798515625
0 0.0 1.0 0.0 1.0 0.0 0.7499156250000001 0.0 0.7499156250000001
