0 0.5389253125 0.76005 0.8461156249999998 0.76005 0.5389253125 0.46044718749999997 0.8461156249999998 0.46044718749999997
0 0.0 0.49887703125 0.0 0.49887703125 0.0 0.34044640625 0.0 0.34044640625
0 1.0 1.0 1.0 1.0 1.0 0.8997343750000001 1.0 0.8997343750000001
0 0.9322703125 1.0 1.0 1.0 0.9322703125 0.782383125 1.0 0.782383125
0 0.46367546875 0.4047925 0.7530296875000001 0.4047925 0.46367546875 0.10441640625000001 0.7530296875000001 0.10441640625000001
0 0.9880296874999999 1.0 1.0 1.0 0.9880296874999999 0.72730796875 1.0 0.72730796875
0 0.5717671875000001 0.86915953125 0.8625093750000001 0.86915953125 0.5717671875000001 0.57510875 0.8625093750000001 0.57510875
0 0.0 0.7438496875 0.0 0.7438496875 0.0 0.5278584375 0.0 0.5278584375
0 0.0 1.0 0.0 1.0 0.0 0.946970625 0.0 0.946970625
0 0.27482093750000003 0.09130531249999993 0.5034806250000001 0.09130531249999993 0.27482093750000003 0.0 0.5034806250000001 0.0
0 1.0 1.0 1.0 1.0 1.0 0.9339384374999999 1.0 0.9339384374999999
0 0.0 0.18413921875000003 0.0 0.18413921875000003 0.0 0.0 0.0 0.0
0 0.0 0.95116140625 0.05694156249999995 0.95116140625 0.0 0.6726440625000001 0.05694156249999995 0.6726440625000001
0 0.0 0.11422843749999992 0.023851718749999938 0.11422843749999992 0.0 0.0 0.023851718749999938 0.0
0 0.06584296875 0.08910421875 0.299630625 0.08910421875 0.06584296875 0.0 0.299630625 0.0
0 0.0 1.0 0.0 1.0 0.0 0.85797890625 0.0 0.85797890625
0 0.31592515624999995 0.21520828124999997 0.38319046874999996 0.21520828124999997 0.31592515624999995 0.14912656250000006 0.38319046874999996 0.14912656250000006
0 0.0 1.0 0.05673984374999996 1.0 0.0 0.8845621874999999 0.05673984374999996 0.8845621874999999
0 1.0 0.16779343749999995 1.0 0.16779343749999995 1.0 0.0 1.0 0.0
0 0.963821875 0.342641875 1.0 0.342641875 0.963821875 0.030166093749999946 1.0 0.030166093749999946
0 0.0 0.45339921875 0.0 0.45339921875 0.0 0.23268484375000006 0.0 0.23268484375000006
0 0.5844890625 0.96323265625 0.7626890625000001 0.96323265625 0.5844890625 0.8006732812500001 0.7626890625000001 0.8006732812500001
