0 0.35205593749999997 1.0 0.656750625 1.0 0.35205593749999997 0.85550828125 0.656750625 0.85550828125
0 0.45423437499999997 0.8529504687499999 0.9024356250000001 0.8529504687499999 0.45423437499999997 0.40845171875 0.9024356250000001 0.40845171875
0 1.0 0.04684453125000001 1.0 0.04684453125000001 1.0 0.0 1.0 0.0
0 0.0 0.8322946874999999 0.015354418750000001 0.8322946874999999 0.0 0.6118764062500001 0.015354418750000001 0.6118764062500001
0 0.518345625 1.0 0.564244375 1.0 0.518345625 1.0 0.564244375 1.0
0 0.75816390625 0.33838796875000005 0.93121578125 0.33838796875000005 0.75816390625 0.1726803125 0.93121578125 0.1726803125
0 1.0 1.0 1.0 1.0 1.0 0.984690828125 1.0 0.984690828125
0 1.0 0.30513359374999993 1.0 0.30513359374999993 1.0 0.13193406250000006 1.0 0.13193406250000006
0 0.35544140625 0.08378999999999995 0.59647109375 0.08378999999999995 0.35544140625 0.0 0.59647109375 0.0
0 0.37491921875 1.0 0.61722140625 1.0 0.37491921875 0.85307546875 0.61722140625 0.85307546875
0 1.0 1.0 1.0 1.0 1.0 0.7710046875 1.0 0.7710046875
0 1.0 0.4637590625 1.0 0.4637590625 1.0 0.19978421875 1.0 0.19978421875
0 1.0 0.2661524999999999 1.0 0.2661524999999999 1.0 0.0 1.0 0.0
0 0.35555640624999996 0.38522 0.52437109375 0.38522 0.35555640624999996 0.21166656249999996 0.52437109375 0.21166656249999996
0 1.0 1.0 1.0 1.0 1.0 0.78402578125 1.0 0.78402578125
0 1.0 0.974111875 1.0 0.974111875 1.0 0.6365420312500001 1.0 0.6365420312500001
0 1.0 0.10713249999999999 1.0 0.10713249999999999 1.0 0.0 1.0 0.0
0 1.0 0.8204485937499999 1.0 0.8204485937499999 1.0 0.7637346875000001 1.0 0.7637346875000001
0 0.41416906249999996 0.40108453125 0.59112890625 0.40108453125 0.41416906249999996 0.226445 0.59112890625 0.226445
0 0.6329034375 1.0 0.83280625 1.0 0.6329034375 1.0 0.83280625 1.0
0 0.6416398437499999 0.9241617187500001 0.9200309375 0.9241617187500001 0.6416398437499999 0.63172203125 0.9200309375 0.63172203125
0 1.0 1.0 1.0 1.0 1.0 0.79677171875 1.0 0.79677171875
0 0.59765171875 0.94607234375 0.66607046875 0.94607234375 0.59765171875 0.8787896875 0.66607046875 0.8787896875
0 0.01812796875 0.9041810937499999 0.3122903125 0.9041810937499999 0.01812796875 0.607130625 0.3122903125 0.607130625
0 0.8974123437499999 0.30104546874999993 1.0 0.30104546874999993 0.8974123437499999 0.13708718750000007 1.0 0.13708718750000007
0 0.0 1.0 0.17878453125 1.0 0.0 0.9025351562499999 0.17878453125 0.9025351562499999
0 0.16617593749999998 0.5026535937500001 0.38765171875000004 0.5026535937500001 0.16617593749999998 0.2909378125 0.38765171875000004 0.2909378125
0 1.0 1.0 1.0 1.0 1.0 0.8772721875 1.0 0.8772721875
0 1.0 0.43982203125 1.0 0.43982203125 1.0 0.0 1.0 0.0
0 1.0 0.7389959375 1.0 0.7389959375 1.0 0.51542171875 1.0 0.51542171875
0 1.0 0.9242278125000001 1.0 0.9242278125000001 1.0 0.7113828125 1.0 0.7113828125
0 1.0 1.0 1.0 1.0 1.0 0.9571684375 1.0 0.9571684375
