0 0.47415859375 0.78119828125 0.6900859374999999 0.78119828125 0.47415859375 0.5654528125 0.6900859374999999 0.5654528125
0 0.0 1.0 0.0 1.0 0.0 0.8344306249999999 0.0 0.8344306249999999
0 1.0 0.8020684375 1.0 0.8020684375 1.0 0.56434625 1.0 0.56434625
0 0.9142171874999999 0.62098203125 1.0 0.62098203125 0.9142171874999999 0.43842749999999997 1.0 0.43842749999999997
0 0.07701859375000009 0.78070734375 0.33766765625 0.78070734375 0.07701859375000009 0.51799515625 0.33766765625 0.51799515625
0 0.0 0.75247046875 0.12052187500000003 0.75247046875 0.0 0.44447328124999996 0.12052187500000003 0.44447328124999996
0 0.0 0.909301875 0.0 0.909301875 0.0 0.74761484375 0.0 0.74761484375
0 0.0 0.797541875 0.0 0.797541875 0.0 0.55180375 0.0 0.55180375
0 0.18146187499999994 1.0 0.42409484375 1.0 0.18146187499999994 1.0 0.42409484375 1.0
0 0.006618437500000063 0.9552725000000001 0.27126015625 0.9552725000000001 0.006618437500000063 0.6851965625 0.27126015625 0.6851965625
0 0.4077275 0.8878674999999999 0.56824375 0.8878674999999999 0.4077275 0.74530984375 0.56824375 0.74530984375
0 0.3829625 0.6364996875 0.5981875000000001 0.6364996875 0.3829625 0.43043359375 0.5981875000000001 0.43043359375
0 0.0 0.9062943750000001 0.0 0.9062943750000001 0.0 0.59881546875 0.0 0.59881546875
0 0.0 0.90915484375 0.0 0.90915484375 0.0 0.69495796875 0.0 0.69495796875
0 0.0 0.2531317187499999 0.0 0.2531317187499999 0.0 0.12108156250000005 0.0 0.12108156250000005
0 0.12734906250000008 0.39007390624999994 0.2941410937500001 0.39007390624999994 0.12734906250000008 0.2375828125 0.2941410937500001 0.2375828125
0 0.0 1.0 0.0 1.0 0.0 0.9033703125000001 0.0 0.9033703125000001
0 1.0 0.47797640625 1.0 0.47797640625 1.0 0.24446375000000006 1.0 0.24446375000000006
0 0.0 0.49598328125 0.01829796874999996 0.49598328125 0.0 0.32151125 0.01829796874999996 0.32151125
0 0.0 0.64980171875 0.0 0.64980171875 0.0 0.34456078124999995 0.0 0.34456078124999995
0 0.5177865625000001 0.021901562500000082 0.7884140625 0.021901562500000082 0.5177865625000001 0.0 0.7884140625 0.0
0 0.0 0.82314015625 0.0 0.82314015625 0.0 0.62041078125 0.0 0.62041078125
0 0.9557140624999999 1.0 1.0 1.0 0.9557140624999999 0.981287359375 1.0 0.981287359375
0 1.0 0.12230421875000008 1.0 0.12230421875000008 1.0 0.0 1.0 0.0
0 0.0 0.04041078124999995 0.0 0.04041078124999995 0.0 0.0 0.0 0.0
0 0.0 0.5065607812499999 0.0 0.5065607812499999 0.0 0.45829062499999995 0.0 0.45829062499999995
0 0.038455468749999965 0.332694375 0.39075109374999994 0.332694375 0.038455468749999965 0.0 0.39075109374999994 0.0
0 0.9620828124999999 1.0 1.0 1.0 0.9620828124999999 0.8764745312500001 1.0 0.8764745312500001
0 0.8668437499999999 0.22515531249999993 1.0 0.22515531249999993 0.8668437499999999 0.08694874999999999 1.0 0.08694874999999999
0 0.0 0.9687314062500001 0.0 0.9687314062500001 0.0 0.8894934375 0.0 0.8894934375
0 0.8281921874999998 1.0 1.0 1.0 0.8281921874999998 0.975626875 1.0 0.975626875
0 0.0 1.0 0.0 1.0 0.0 0.79527578125 0.0 0.79527578125
0 0.13656171874999998 1.0 0.33103765625000003 1.0 0.13656171874999998 1.0 0.33103765625000003 1.0
