0 0.24709109374999993 0.14240468750000002 0.45187687499999996 0.14240468750000002 0.24709109374999993 0.0 0.45187687499999996 0.0
0 1.0 0.013949062500000053 1.0 0.013949062500000053 1.0 0.0 1.0 0.0
0 0.0 0.45595125000000003 0.0 0.45595125000000003 0.0 0.19994703124999996 0.0 0.19994703124999996
0 1.0 0.95633296875 1.0 0.95633296875 1.0 0.76112578125 1.0 0.76112578125
0 0.023372968750000035 0.19698656250000007 0.26255328124999994 0.19698656250000007 0.023372968750000035 0.0 0.26255328124999994 0.0
0 0.0 0.81006765625 0.0 0.81006765625 0.0 0.3585784375 0.0 0.3585784375
0 0.0 0.9959414375 0.0 0.9959414375 0.0 0.6946890625 0.0 0.6946890625
0 1.0 0.76934578125 1.0 0.76934578125 1.0 0.7126603125 1.0 0.7126603125
0 0.0 0.985181859375 0.0 0.985181859375 0.0 0.72909375 0.0 0.72909375
0 0.6106421874999999 1.0 0.7908265624999998 1.0 0.6106421874999999 1.0 0.7908265624999998 1.0
0 0.0 0.16018265624999994 0.0 0.16018265624999994 0.0 0.0 0.0 0.0
0 0.38535062500000006 1.0 0.6262296875000001 1.0 0.38535062500000006 0.80407703125 0.6262296875000001 0.80407703125
0 0.0 1.0 0.0 1.0 0.0 0.9854570625000001 0.0 0.9854570625000001
0 1.0 0.71618765625 1.0 0.71618765625 1.0 0.5560940624999999 1.0 0.5560940624999999
0 0.0 0.8535293750000001 0.0 0.8535293750000001 0.0 0.6349554687500001 0.0 0.6349554687500001
0 0.0 0.25908 0.0 0.25908 0.0 0.2049404687499999 0.0 0.2049404687499999
0 0.6130234375000001 0.08456437500000007 0.8493578124999999 0.08456437500000007 0.6130234375000001 0.0 0.8493578124999999 0.0
0 0.7718796874999999 0.5995504687500001 0.9923749999999998 0.5995504687500001 0.7718796874999999 0.37123531249999997 0.9923749999999998 0.37123531249999997
0 0.0 0.3094360937499999 0.0 0.3094360937499999 0.0 0.09030187499999993 0.0 0.09030187499999993
0 0.7844843749999999 1.0 0.957290625 1.0 0.7844843749999999 1.0 0.957290625 1.0
0 1.0 0.55370890625 1.0 0.55370890625 1.0 0.323025 1.0 0.323025
0 0.24565437499999998 0.10125593750000003 0.32376359375 0.10125593750000003 0.24565437499999998 0.02284015625000002 0.32376359375 0.02284015625000002
0 0.0 0.97769078125 0.0 0.97769078125 0.0 0.8437360937499999 0.0 0.8437360937499999
0 0.0 0.7872871874999999 0.14675124999999997 0.7872871874999999 0.0 0.6192659375 0.14675124999999997 0.6192659375
0 0.9784359375000001 1.0 1.0 1.0 0.9784359375000001 1.0 1.0 1.0
0 0.9073171875 0.8519029687499999 1.0 0.8519029687499999 0.9073171875 0.62889984375 1.0 0.62889984375
0 1.0 0.38415109375 1.0 0.38415109375 1.0 0.16517828125000006 1.0 0.16517828125000006
0 0.2607268749999999 0.8593682812499999 0.32460749999999994 0.8593682812499999 0.2607268749999999 0.79679859375 0.32460749999999994 0.79679859375
