0 1.0 0.000882968750000046 1.0 0.000882968750000046 1.0 0.0 1.0 0.0
0 1.0 0.67924359375 1.0 0.67924359375 1.0 0.4385228125 1.0 0.4385228125
0 1.0 0.34810203125 1.0 0.34810203125 1.0 0.29142531250000003 1.0 0.29142531250000003
0 1.0 0.18682046875000005 1.0 0.18682046875000005 1.0 0.0 1.0 0.0
0 0.7457603125000001 0.4809821875 0.99686828125 0.4809821875 0.7457603125000001 0.22351312500000003 0.99686828125 0.22351312500000003
0 1.0 0.8724160937500001 1.0 0.8724160937500001 1.0 0.51621484375 1.0 0.51621484375
0 1.0 0.9528551562500001 1.0 0.9528551562500001 1.0 0.7754446875000001 1.0 0.7754446875000001
0 1.0 0.44778031250000006 1.0 0.44778031250000006 1.0 0.13798546875 1.0 0.13798546875
0 1.0 0.8954540625 1.0 0.8954540625 1.0 0.68041421875 1.0 0.68041421875
0 1.0 1.0 1.0 1.0 1.0 0.92024328125 1.0 0.92024328125
0 1.0 0.20805437500000004 1.0 0.20805437500000004 1.0 0.03212906249999996 1.0 0.03212906249999996
0 1.0 0.4349078125 1.0 0.4349078125 1.0 0.37847796875000006 1.0 0.37847796875000006
0 1.0 0.8528481250000001 1.0 0.8528481250000001 1.0 0.6801884375 1.0 0.6801884375
0 0.7663346875 0.07683453124999992 1.0 0.07683453124999992 0.7663346875 0.0 1.0 0.0
0 1.0 0.14150109375 1.0 0.14150109375 1.0 0.0 1.0 0.0
0 1.0 0.2090299999999999 1.0 0.2090299999999999 1.0 0.03769140624999991 1.0 0.03769140624999991
0 1.0 0.55664796875 1.0 0.55664796875 1.0 0.3136690625 1.0 0.3136690625
0 1.0 0.297810625 1.0 0.297810625 1.0 0.24211296875000005 1.0 0.24211296875000005
0 0.0 0.7456315625000001 0.130354671875 0.7456315625000001 0.0 0.5458395312500001 0.130354671875 0.5458395312500001
0 1.0 0.42913296875 1.0 0.42913296875 1.0 0.17087015625 1.0 0.17087015625
0 0.123213296875 1.0 0.36362828125 1.0 0.123213296875 0.8447084374999999 0.36362828125 0.8447084374999999
0 0.34469656249999997 0.5995182812500001 0.64723828125 0.5995182812500001 0.34469656249999997 0.29931453124999996 0.64723828125 0.29931453124999996
0 0.0 0.71236140625 0.1109649375 0.71236140625 0.0 0.5902665625 0.1109649375 0.5902665625
0 0.21902531249999999 1.0 0.5286334375 1.0 0.21902531249999999 0.81559671875 0.5286334375 0.81559671875
0 1.0 0.72146109375 1.0 0.72146109375 1.0 0.55294875 1.0 0.55294875
0 1.0 0.74629265625 1.0 0.74629265625 1.0 0.58359125 1.0 0.58359125
0 0.9549909375000001 0.39769453125 1.0 0.39769453125 0.9549909375000001 0.22475593749999997 1.0 0.22475593749999997
0 1.0 1.0 1.0 1.0 1.0 0.8615990625000001 1.0 0.8615990625000001
0 1.0 0.4213 1.0 0.4213 1.0 0.25745890624999995 1.0 0.25745890624999995
0 0.8989096875 0.996011703125 1.0 0.996011703125 0.8989096875 0.6874390625 1.0 0.6874390625
0 0.15047409375 1.0 0.34521640625 1.0 0.15047409375 1.0 0.34521640625 1.0
