0 0.0 0.80297296875 0.0 0.80297296875 0.0 0.5033703125 0.0 0.5033703125
0 0.0 1.0 0.0 1.0 0.0 0.94265734375 0.0 0.94265734375
0 1.0 0.76697671875 1.0 0.76697671875 1.0 0.3293771874999999 1.0 0.3293771874999999
0 0.5933781249999999 1.0 0.8955109374999999 1.0 0.5933781249999999 1.0 0.8955109374999999 1.0
0 0.0 0.27919171874999993 0.0 0.27919171874999993 0.0 0.08211906249999998 0.0 0.08211906249999998
0 0.800165625 0.8397459375 0.9950375000000001 0.8397459375 0.800165625 0.65539125 0.9950375000000001 0.65539125
0 0.0 1.0 0.0 1.0 0.0 0.8253060937499999 0.0 0.8253060937499999
0 0.0 0.44771546874999996 0.0 0.44771546874999996 0.0 0.14733937499999997 0.0 0.14733937499999997
0 0.0 1.0 0.0 1.0 0.0 0.7702309375 0.0 0.7702309375
0 0.0 0.91208265625 0.0 0.91208265625 0.0 0.61803171875 0.0 0.61803171875
0 0.0 1.0 0.0 1.0 0.0 0.97686140625 0.0 0.97686140625
0 0.22333828125000005 0.7924828125 0.399721875 0.7924828125 0.22333828125000005 0.61896296875 0.399721875 0.61896296875
0 0.0 0.8943915624999998 0.0 0.8943915624999998 0.0 0.837635 0.0 0.837635
0 0.0 0.03963000000000001 0.0 0.03963000000000001 0.0 0.0 0.0 0.0
0 0.16519046875 0.04713281249999994 0.46819171875 0.04713281249999994 0.16519046875 0.0 0.46819171875 0.0
0 1.0 0.10417687499999992 1.0 0.10417687499999992 1.0 0.0 1.0 0.0
0 0.5222356250000001 0.11172453124999997 0.7133984375000001 0.11172453124999997 0.5222356250000001 0.0 0.7133984375000001 0.0
0 0.0 1.0 0.010586250000000064 1.0 0.0 1.0 0.010586250000000064 1.0
0 0.7528859375 0.38899625000000004 1.0 0.38899625000000004 0.7528859375 0.09631921875000007 1.0 0.09631921875000007
0 0.7341984374999999 1.0 0.9508421874999999 1.0 0.7341984374999999 1.0 0.9508421874999999 1.0
0 0.5241746875000001 0.6206515625 0.747403125 0.6206515625 0.5241746875000001 0.38992171875 0.747403125 0.38992171875
0 0.0 1.0 0.15916484375 1.0 0.0 0.81953203125 0.15916484375 0.81953203125
0 0.21057890624999995 0.7678596875 0.5122859375000001 0.7678596875 0.21057890624999995 0.47705953125 0.5122859375000001 0.47705953125
0 0.16632093749999993 1.0 0.3421418750000001 1.0 0.16632093749999993 1.0 0.3421418750000001 1.0
0 0.20424124999999993 0.378756875 0.49658609375000007 0.378756875 0.20424124999999993 0.10095203124999994 0.49658609375000007 0.10095203124999994
0 0.5868921874999999 0.65254125 0.803571875 0.65254125 0.5868921874999999 0.42727250000000006 0.803571875 0.42727250000000006
0 0.8865312500000002 0.8332503125 1.0 0.8332503125 0.8865312500000002 0.52179515625 1.0 0.52179515625
0 1.0 1.0 1.0 1.0 1.0 0.94370765625 1.0 0.94370765625
0 0.6614249999999998 0.0013767187499999166 0.8472796875 0.0013767187499999166 0.6614249999999998 0.0 0.8472796875 0.0
0 0.47297281249999995 1.0 0.7833468750000001 1.0 0.47297281249999995 1.0 0.7833468750000001 1.0
0 0.0 0.21071640625000007 0.0 0.21071640625000007 0.0 0.0 0.0 0.0
0 1.0 0.66705546875 1.0 0.66705546875 1.0 0.37275468749999996 1.0 0.37275468749999996
0 0.0 0.38556484375 0.0 0.38556484375 0.0 0.07308906250000007 0.0 0.07308906250000007
0 0.0 1.0 0.0 1.0 0.0 0.84359640625 0.0 0.84359640625
0 0.4258615624999999 0.8889451562499999 0.5931046875 0.8889451562499999 0.4258615624999999 0.72187390625 0.5931046875 0.72187390625
0 0.4477945312499999 0.66568625 0.5672578125 0.66568625 0.4477945312499999 0.53439234375 0.5672578125 0.53439234375
