0 0.69624671875 0.2092865625 0.9121734375000001 0.2092865625 0.69624671875 0.0 0.9121734375000001 0.0
0 0.0 0.723781875 0.1173428125 0.723781875 0.0 0.5996 0.1173428125 0.5996
0 1.0 1.0 1.0 1.0 1.0 0.9767790625 1.0 0.9767790625
0 1.0 0.23015671875 1.0 0.23015671875 1.0 0.0 1.0 0.0
0 1.0 0.049070312499999956 1.0 0.049070312499999956 1.0 0.0 1.0 0.0
0 0.29910671875 0.20879562499999996 0.55975578125 0.20879562499999996 0.29910671875 0.0 0.55975578125 0.0
0 1.0 0.012329062499999922 1.0 0.012329062499999922 1.0 0.0 1.0 0.0
0 0.032236609375 0.18055859375 0.34260999999999997 0.18055859375 0.032236609375 0.0 0.34260999999999997 0.0
0 0.0 0.8298207812499999 0.09550778125 0.8298207812499999 0.0 0.57801109375 0.09550778125 0.57801109375
0 0.0 0.22562999999999994 0.020104859375 0.22562999999999994 0.0 0.0 0.020104859375 0.0
0 0.0 0.82027640625 0.1776753125 0.82027640625 0.0 0.5819753125 0.1776753125 0.5819753125
0 0.40354999999999996 0.70706921875 0.6461828125 0.70706921875 0.40354999999999996 0.47095671875 0.6461828125 0.47095671875
0 1.0 0.1758785937500001 1.0 0.1758785937500001 1.0 0.0 1.0 0.0
0 0.2287065625 0.383360625 0.49334828125 0.383360625 0.2287065625 0.11328484374999999 0.49334828125 0.11328484374999999
0 0.629815625 0.31595562499999996 0.7903315625 0.31595562499999996 0.629815625 0.17339812499999993 0.7903315625 0.17339812499999993
0 0.605050625 0.06458781249999994 0.8202760937500001 0.06458781249999994 0.605050625 0.0 0.8202760937500001 0.0
0 0.32286796875 1.0 0.401853125 1.0 0.32286796875 0.9229324999999999 0.401853125 0.9229324999999999
0 0.0 0.3343825000000001 0.082298453125 0.3343825000000001 0.0 0.02690374999999996 0.082298453125 0.02690374999999996
0 1.0 0.8097085937500001 1.0 0.8097085937500001 1.0 0.54084578125 1.0 0.54084578125
0 1.0 0.7856525 1.0 0.7856525 1.0 0.5581534375 1.0 0.5581534375
0 0.0 1.0 0.049493328125 1.0 0.0 1.0 0.049493328125 1.0
0 1.0 0.59505359375 1.0 0.59505359375 1.0 0.409375625 1.0 0.409375625
0 1.0 0.7134890625 1.0 0.7134890625 1.0 0.29505515624999995 1.0 0.29505515624999995
0 1.0 0.6141559375 1.0 0.6141559375 1.0 0.30456265625000006 1.0 0.30456265625000006
0 0.43857890624999996 1.0 0.89024578125 1.0 0.43857890624999996 0.77624203125 0.89024578125 0.77624203125
0 1.0 0.69734984375 1.0 0.69734984375 1.0 0.40371515625 1.0 0.40371515625
0 1.0 1.0 1.0 1.0 1.0 0.9023279687500001 1.0 0.9023279687500001
0 0.6965609374999999 1.0 1.0 1.0 0.6965609374999999 0.94613390625 1.0 0.94613390625
0 0.35864984375 0.694608125 0.55312578125 0.694608125 0.35864984375 0.4904740625 0.55312578125 0.4904740625
0 1.0 0.10215812500000006 1.0 0.10215812500000006 1.0 0.0 1.0 0.0
0 0.0 0.75209140625 0.19600265625 0.75209140625 0.0 0.52633921875 0.19600265625 0.52633921875
