0 1.0 0.14740078125 1.0 0.14740078125 1.0 0.0 1.0 0.0
0 1.0 1.0 1.0 1.0 1.0 0.9626173437500001 1.0 0.9626173437500001
0 0.078114265625 0.75337203125 0.24990265625000002 0.75337203125 0.078114265625 0.58014515625 0.24990265625000002 0.58014515625
0 0.42287390625 1.0 0.73558734375 1.0 0.42287390625 0.77646015625 0.73558734375 0.77646015625
0 0.16931953125000002 0.7174898437499999 0.29885296875 0.7174898437499999 0.16931953125000002 0.566354375 0.29885296875 0.566354375
0 0.0 0.6876815625 0.295805 0.6876815625 0.0 0.39053625 0.295805 0.39053625
0 1.0 0.25651046875 1.0 0.25651046875 1.0 0.0 1.0 0.0
0 1.0 0.13120062499999996 1.0 0.13120062499999996 1.0 0.0 1.0 0.0
0 1.0 0.56782953125 1.0 0.56782953125 1.0 0.33432171875000005 1.0 0.33432171875000005
0 0.8224534374999999 1.0 1.0 1.0 0.8224534374999999 1.0 1.0 1.0
0 0.28057984375 0.8967028125000001 0.4443834375 0.8967028125000001 0.28057984375 0.724448125 0.4443834375 0.724448125
0 1.0 0.33851234375 1.0 0.33851234375 1.0 0.05999515624999994 1.0 0.05999515624999994
0 0.5707721875 0.7068146875 0.8001418749999999 0.7068146875 0.5707721875 0.48540609375 0.8001418749999999 0.48540609375
0 0.47559984375 0.67823609375 0.6572496875 0.67823609375 0.47559984375 0.4967628125 0.6572496875 0.4967628125
0 1.0 0.86179796875 1.0 0.86179796875 1.0 0.645290625 1.0 0.645290625
0 0.0 0.46758734375 0.1965509375 0.46758734375 0.0 0.17916718750000005 0.1965509375 0.17916718750000005
0 1.0 1.0 1.0 1.0 1.0 0.9355475 1.0 0.9355475
0 1.0 0.9663860937500001 1.0 0.9663860937500001 1.0 0.76633890625 1.0 0.76633890625
0 0.16439281249999999 1.0 0.47019859375 1.0 0.16439281249999999 0.7837654687500001 0.47019859375 0.7837654687500001
0 0.71552484375 0.50200546875 0.9683306249999999 0.50200546875 0.71552484375 0.24532984375000008 0.9683306249999999 0.24532984375000008
0 1.0 0.55533171875 1.0 0.55533171875 1.0 0.27191312500000003 1.0 0.27191312500000003
0 0.79987078125 0.72061390625 0.9465185937499999 0.72061390625 0.79987078125 0.58421828125 0.9465185937499999 0.58421828125
0 0.0 1.0 0.094940109375 1.0 0.0 0.77226703125 0.094940109375 0.77226703125
0 0.09625653125 0.36605671875 0.33027953125 0.36605671875 0.09625653125 0.11302812499999995 0.33027953125 0.11302812499999995
0 1.0 0.35058359375 1.0 0.35058359375 1.0 0.188024375 1.0 0.188024375
0 0.33531984375 1.0 0.50389703125 1.0 0.33531984375 0.875579375 0.50389703125 0.875579375
0 0.185689375 0.8352753125 0.40818796874999996 0.8352753125 0.185689375 0.605038125 0.40818796874999996 0.605038125
