0 0.0 0.34435796874999997 0.04397046875000008 0.34435796874999997 0.0 0.11349734374999994 0.04397046875000008 0.11349734374999994
0 0.0 1.0 0.0 1.0 0.0 0.78199796875 0.0 0.78199796875
0 0.37689859375 0.69157703125 0.43370812500000006 0.69157703125 0.37689859375 0.6349003125 0.43370812500000006 0.6349003125
0 0.21929890625000006 0.3019984375 0.47246234375 0.3019984375 0.21929890625000006 0.03676093750000007 0.47246234375 0.03676093750000007
0 0.0 0.53029546875 0.0 0.53029546875 0.0 0.26573078124999994 0.0 0.26573078124999994
0 0.0 0.82445734375 0.0 0.82445734375 0.0 0.5669881250000001 0.0 0.5669881250000001
0 0.17417984375 1.0 0.543639375 1.0 0.17417984375 0.85968984375 0.543639375 0.85968984375
0 0.506369375 0.2775704687499999 0.7335671874999999 0.2775704687499999 0.506369375 0.05055109375000004 0.7335671874999999 0.05055109375000004
0 0.024405156249999928 0.79125546875 0.33402109375 0.79125546875 0.024405156249999928 0.48146046875000004 0.33402109375 0.48146046875000004
0 1.0 1.0 1.0 1.0 1.0 0.8052240625 1.0 0.8052240625
0 0.40027875 1.0 0.6236546874999999 1.0 0.40027875 1.0 0.6236546874999999 1.0
0 0.007175156249999937 0.551529375 0.18463437500000007 0.551529375 0.007175156249999937 0.3756040625 0.18463437500000007 0.3756040625
0 0.0 0.7783828125 0.0 0.7783828125 0.0 0.7219529687499999 0.0 0.7219529687499999
0 0.004525312500000034 1.0 0.18041374999999996 1.0 0.004525312500000034 1.0 0.18041374999999996 1.0
0 0.7355734375 1.0 0.9707546874999998 1.0 0.7355734375 1.0 0.9707546874999998 1.0
0 0.0 0.09112562499999992 0.0 0.09112562499999992 0.0 0.0 0.0 0.0
0 0.0 0.42030953125000003 0.0 0.42030953125000003 0.0 0.11015203124999999 0.0 0.11015203124999999
0 0.43596984375000003 0.48497625 0.7251640625 0.48497625 0.43596984375000003 0.20133984374999994 0.7251640625 0.20133984374999994
0 0.0 0.552505 0.0 0.552505 0.0 0.38116640625000003 0.0 0.38116640625000003
0 1.0 0.5790046875 1.0 0.5790046875 1.0 0.2700128125000001 1.0 0.2700128125000001
0 0.0 0.9001229687500001 0.15115671875000009 0.9001229687500001 0.0 0.6571440625 0.15115671875000009 0.6571440625
0 0.30090593749999994 0.641285625 0.35587843750000003 0.641285625 0.30090593749999994 0.585588125 0.35587843750000003 0.585588125
0 0.0 0.2070556249999999 0.0 0.2070556249999999 0.0 0.0 0.0 0.0
0 0.681821875 0.59720828125 0.9841953125 0.59720828125 0.681821875 0.29331734375000007 0.9841953125 0.29331734375000007
0 0.0 0.772608125 0.11682375 0.772608125 0.0 0.51434515625 0.11682375 0.51434515625
0 0.6170187500000001 0.8334456250000001 0.7685593749999999 0.8334456250000001 0.6170187500000001 0.67392046875 0.7685593749999999 0.67392046875
0 0.5421109375000001 1.0 0.7047015625 1.0 0.5421109375000001 0.89642375 0.7047015625 0.89642375
0 0.0 0.24164265624999998 0.0 0.24164265624999998 0.0 0.04234203124999993 0.0 0.04234203124999993
0 0.44171531250000007 1.0 0.5970734375 1.0 0.44171531250000007 0.92706625 0.5970734375 0.92706625
0 0.7086031250000001 0.6936401562500001 1.0 0.6936401562500001 0.7086031250000001 0.39074875000000003 1.0 0.39074875000000003
0 0.0 0.74116953125 0.0 0.74116953125 0.0 0.5682309375 0.0 0.5682309375
0 0.0 0.21197421875 0.0 0.21197421875 0.0 0.0 0.0 0.0
0 0.8926312500000002 1.0 1.0 1.0 0.8926312500000002 0.8736876562500001 1.0 0.8736876562500001
0 0.0 0.76477515625 0.0 0.76477515625 0.0 0.60093390625 0.0 0.60093390625
0 0.0 0.006449843749999929 0.0 0.006449843749999929 0.0 0.0 0.0 0.0
0 1.0 0.7797976562500001 1.0 0.7797976562500001 1.0 0.3528884375 1.0 0.3528884375
