0 1.0 0.74080234375 1.0 0.74080234375 1.0 0.68476296875 1.0 0.68476296875
0 0.333125625 0.9784914062500001 0.56735828125 0.9784914062500001 0.333125625 0.7444315625 0.56735828125 0.7444315625
0 1.0 0.04708874999999999 1.0 0.04708874999999999 1.0 0.0 1.0 0.0
0 0.0 0.0025314062499999677 0.0983364375 0.0025314062499999677 0.0 0.0 0.0983364375 0.0
0 1.0 1.0 1.0 1.0 1.0 0.91682109375 1.0 0.91682109375
0 0.19878656249999999 0.17035187500000007 0.26686515625 0.17035187500000007 0.19878656249999999 0.10342328125000008 0.26686515625 0.10342328125000008
0 1.0 0.5292946875 1.0 0.5292946875 1.0 0.3542834375 1.0 0.3542834375
0 0.0 1.0 0.22265875 1.0 0.0 0.79018703125 0.22265875 0.79018703125
0 1.0 0.5759904687499999 1.0 0.5759904687499999 1.0 0.30758906249999995 1.0 0.30758906249999995
0 0.84991859375 0.55198515625 1.0 0.55198515625 0.84991859375 0.11102218750000006 1.0 0.11102218750000006
0 0.32525578125 0.3229657812499999 0.6056090625 0.3229657812499999 0.32525578125 0.038268437500000016 0.6056090625 0.038268437500000016
0 0.1500821875 0.38672843749999997 0.38290531250000004 0.38672843749999997 0.1500821875 0.15408000000000008 0.38290531250000004 0.15408000000000008
0 0.061451 1.0 0.2909184375 1.0 0.061451 0.8880634374999999 0.2909184375 0.8880634374999999
0 1.0 0.050197812500000084 1.0 0.050197812500000084 1.0 0.0 1.0 0.0
0 0.7322339062500001 0.15593921875000002 0.8108646875 0.15593921875000002 0.7322339062500001 0.07708421874999996 0.8108646875 0.07708421874999996
0 1.0 1.0 1.0 1.0 1.0 0.7572734375 1.0 0.7572734375
0 1.0 0.11097390624999992 1.0 0.11097390624999992 1.0 0.0 1.0 0.0
0 1.0 0.25195953125 1.0 0.25195953125 1.0 0.0 1.0 0.0
0 1.0 0.7365521875000001 1.0 0.7365521875000001 1.0 0.56940671875 1.0 0.56940671875
0 1.0 0.8390926562499998 1.0 0.8390926562499998 1.0 0.64956453125 1.0 0.64956453125
0 1.0 1.0 1.0 1.0 1.0 0.9667350000000001 1.0 0.9667350000000001
0 1.0 0.5717371875 1.0 0.5717371875 1.0 0.33315343750000004 1.0 0.33315343750000004
0 1.0 1.0 1.0 1.0 1.0 0.954309375 1.0 0.954309375
0 1.0 0.24334718750000003 1.0 0.24334718750000003 1.0 0.0 1.0 0.0
0 0.9828673437500001 1.0 1.0 1.0 0.9828673437500001 0.9100646874999999 1.0 0.9100646874999999
0 0.3555759375 0.8883435937499999 0.55161015625 0.8883435937499999 0.3555759375 0.6643931249999999 0.55161015625 0.6643931249999999
0 1.0 0.12358390625000001 1.0 0.12358390625000001 1.0 0.0 1.0 0.0
0 0.0 0.16066812499999994 0.06635378125 0.16066812499999994 0.0 0.0 0.06635378125 0.0
0 1.0 0.2341785937499999 1.0 0.2341785937499999 1.0 0.0 1.0 0.0
