0 1.0 0.5911759375 1.0 0.5911759375 1.0 0.33618296875000003 1.0 0.33618296875000003
0 1.0 0.47162499999999996 1.0 0.47162499999999996 1.0 0.05945265625000005 1.0 0.05945265625000005
0 1.0 0.13793531249999996 1.0 0.13793531249999996 1.0 0.0 1.0 0.0
0 0.7089312499999998 0.35879625 0.9945359374999999 0.35879625 0.7089312499999998 0.06933546874999993 0.9945359374999999 0.06933546874999993
0 0.0 0.7549648437500001 0.0 0.7549648437500001 0.0 0.5248790624999999 0.0 0.5248790624999999
0 0.0 0.20132671875000002 0.0 0.20132671875000002 0.0 0.0 0.0 0.0
0 0.0 0.49829609374999995 0.0 0.49829609374999995 0.0 0.2970775 0.0 0.2970775
0 0.0 0.66219546875 0.0 0.66219546875 0.0 0.41025999999999996 0.0 0.41025999999999996
0 0.10327546875000007 0.6018353125 0.22295171875000008 0.6018353125 0.10327546875000007 0.4703478125 0.22295171875000008 0.4703478125
0 0.0 0.97547421875 0.0 0.97547421875 0.0 0.74144015625 0.0 0.74144015625
0 0.0 0.8996195312499999 0.01770015624999992 0.8996195312499999 0.0 0.75142875 0.01770015624999992 0.75142875
0 0.5446532812499999 0.87669203125 0.7159656250000002 0.87669203125 0.5446532812499999 0.690769375 0.7159656250000002 0.690769375
0 0.45655484375000005 0.05100203125 0.51228328125 0.05100203125 0.45655484375000005 0.0 0.51228328125 0.0
0 0.7288781249999999 1.0 1.0 1.0 0.7288781249999999 0.9353137499999999 1.0 0.9353137499999999
0 0.0 0.7309475 0.11559156250000005 0.7309475 0.0 0.5631146874999999 0.11559156250000005 0.5631146874999999
0 0.0 0.34380515625 0.11588562499999995 0.34380515625 0.0 0.14518968749999991 0.11588562499999995 0.14518968749999991
0 0.02273421874999997 0.92177453125 0.19709312499999995 0.92177453125 0.02273421874999997 0.75151046875 0.19709312499999995 0.75151046875
0 0.0 0.6060334375 0.0 0.6060334375 0.0 0.15556671874999992 0.0 0.15556671874999992
0 0.0 0.98381890625 0.0 0.98381890625 0.0 0.73679625 0.0 0.73679625
0 0.0 0.2937864062499999 0.0 0.2937864062499999 0.0 0.0 0.0 0.0
0 0.0 0.213420625 0.0 0.213420625 0.0 0.15668906249999992 0.0 0.15668906249999992
0 0.9907671874999998 0.9491793749999999 1.0 0.9491793749999999 0.9907671874999998 0.71614015625 1.0 0.71614015625
0 0.4057109375 1.0 0.52005375 1.0 0.4057109375 0.94380953125 0.52005375 0.94380953125
0 1.0 0.34805562500000004 1.0 0.34805562500000004 1.0 0.1280071875000001 1.0 0.1280071875000001
0 1.0 0.34579140625000004 1.0 0.34579140625000004 1.0 0.05044218750000003 1.0 0.05044218750000003
0 0.0 0.7362395312500001 0.0 0.7362395312500001 0.0 0.47872796875 0.0 0.47872796875
0 1.0 1.0 1.0 1.0 1.0 0.69331671875 1.0 0.69331671875
0 0.0 0.64707375 0.0 0.64707375 0.0 0.573110625 0.0 0.573110625
0 0.0 1.0 0.0 1.0 0.0 0.8771678125000001 0.0 0.8771678125000001
0 0.0 0.91214171875 0.0 0.91214171875 0.0 0.607788125 0.0 0.607788125
0 0.01902578125000005 0.82563390625 0.17711625000000009 0.82563390625 0.01902578125000005 0.686634375 0.17711625000000009 0.686634375
0 1.0 0.11748124999999998 1.0 0.11748124999999998 1.0 0.05913515624999999 1.0 0.05913515624999999
0 0.17177921875000007 0.0795084375 0.44218343749999994 0.0795084375 0.17177921875000007 0.0 0.44218343749999994 0.0
