0 1.0 1.0 1.0 1.0 1.0 0.83513296875 1.0 0.83513296875
0 0.4638378125 0.022292500000000003 0.645898125 0.022292500000000003 0.4638378125 0.0 0.645898125 0.0
0 1.0 1.0 1.0 1.0 1.0 0.89513640625 1.0 0.89513640625
0 0.24087625 0.46196875000000004 0.5072253124999999 0.46196875000000004 0.24087625 0.17886953125 0.5072253124999999 0.17886953125
0 0.27785078125 0.03161703125000006 0.57753421875 0.03161703125000006 0.27785078125 0.0 0.57753421875 0.0
0 0.20510078125 0.5931725 0.517710625 0.5931725 0.20510078125 0.28072125000000003 0.517710625 0.28072125000000003
0 1.0 0.05607078125000005 1.0 0.05607078125000005 1.0 0.010832343749999928 1.0 0.010832343749999928
0 0.44232734375 0.5451034375 0.7154242187500001 0.5451034375 0.44232734375 0.27771781250000005 0.7154242187500001 0.27771781250000005
0 0.9446590625000001 0.48654843750000004 0.9965809374999999 0.48654843750000004 0.9446590625000001 0.43336859375000003 0.9965809374999999 0.43336859375000003
0 0.4303153125 0.7439265625 0.74144109375 0.7439265625 0.4303153125 0.43195421874999995 0.74144109375 0.43195421874999995
0 0.6376542187500001 1.0 0.912634375 1.0 0.6376542187500001 0.9022065625 0.912634375 0.9022065625
0 1.0 0.45374453125 1.0 0.45374453125 1.0 0.402095625 1.0 0.402095625
0 0.92379671875 0.68034421875 1.0 0.68034421875 0.92379671875 0.46175703125 1.0 0.46175703125
0 1.0 1.0 1.0 1.0 1.0 0.9867079531249999 1.0 0.9867079531249999
0 0.45666 1.0 0.7136735937500001 1.0 0.45666 0.998489171875 0.7136735937500001 0.998489171875
0 0.0 0.33890671875 0.0094895984375 0.33890671875 0.0 0.2831220312499999 0.0094895984375 0.2831220312499999
0 0.3870721875 0.15584671874999997 0.5607921874999999 0.15584671874999997 0.3870721875 0.0 0.5607921874999999 0.0
0 0.6623078125 1.0 0.8374 1.0 0.6623078125 1.0 0.8374 1.0
0 0.032246484375 0.20597656250000007 0.08113584375 0.20597656250000007 0.032246484375 0.15546734375 0.08113584375 0.15546734375
0 0.29013984375 0.055378281249999974 0.5922459375 0.055378281249999974 0.29013984375 0.0 0.5922459375 0.0
0 1.0 0.07653031250000009 1.0 0.07653031250000009 1.0 0.0 1.0 0.0
0 0.29383875000000004 0.45639031250000006 0.5284989062500001 0.45639031250000006 0.29383875000000004 0.22188250000000007 0.5284989062500001 0.22188250000000007
0 1.0 1.0 1.0 1.0 1.0 0.8627542187499999 1.0 0.8627542187499999
0 0.0 1.0 0.030717859375 1.0 0.0 1.0 0.030717859375 1.0
0 0.0 0.5661014062499999 0.050487015625 0.5661014062499999 0.0 0.49635921875 0.050487015625 0.49635921875
0 0.41469609375000005 0.3103568750000001 0.7001632812499999 0.3103568750000001 0.41469609375000005 0.019883749999999978 0.7001632812499999 0.019883749999999978
0 1.0 0.83981609375 1.0 0.83981609375 1.0 0.666820625 1.0 0.666820625
0 0.8804606250000001 1.0 1.0 1.0 0.8804606250000001 0.8592765625000001 1.0 0.8592765625000001
0 0.5013664062500001 0.7538615625 0.92735 0.7538615625 0.5013664062500001 0.33597875000000005 0.92735 0.33597875000000005
0 1.0 0.34187078125000003 1.0 0.34187078125000003 1.0 0.09210031250000003 1.0 0.09210031250000003
0 0.3679303125 1.0 0.81753171875 1.0 0.3679303125 1.0 0.81753171875 1.0
0 0.2157121875 0.4911140625 0.47281625 0.4911140625 0.2157121875 0.24204390625 0.47281625 0.24204390625
0 1.0 1.0 1.0 1.0 1.0 0.8321470312500001 1.0 0.8321470312500001
0 1.0 0.5020515624999999 1.0 0.5020515624999999 1.0 0.2275115625 1.0 0.2275115625
