0 0.70581390625 0.34668828124999995 0.76256453125 0.34668828124999995 0.70581390625 0.28992375 0.76256453125 0.28992375
0 1.0 0.9964102499999999 1.0 0.9964102499999999 1.0 0.69068140625 1.0 0.69068140625
0 1.0 0.427745 1.0 0.427745 1.0 0.35190671875 1.0 0.35190671875
0 1.0 1.0 1.0 1.0 1.0 0.849399375 1.0 0.849399375
0 1.0 0.9087309375 1.0 0.9087309375 1.0 0.685045625 1.0 0.685045625
0 0.747540625 0.08032749999999993 1.0 0.08032749999999993 0.747540625 0.0 1.0 0.0
0 1.0 0.31047359374999994 1.0 0.31047359374999994 1.0 0.0 1.0 0.0
0 1.0 0.1556125 1.0 0.1556125 1.0 0.0 1.0 0.0
0 0.9427506250000001 0.9002309374999999 1.0 0.9002309374999999 0.9427506250000001 0.8225618750000001 1.0 0.8225618750000001
0 1.0 0.07523265625000004 1.0 0.07523265625000004 1.0 0.0 1.0 0.0
0 1.0 0.54956765625 1.0 0.54956765625 1.0 0.37784359375000004 1.0 0.37784359375000004
0 1.0 0.03509515625000006 1.0 0.03509515625000006 1.0 0.0 1.0 0.0
0 0.0 0.79833625 0.250744375 0.79833625 0.0 0.5366192187500001 0.250744375 0.5366192187500001
0 1.0 0.03639234375000004 1.0 0.03639234375000004 1.0 0.0 1.0 0.0
0 0.84729171875 0.8841709375000001 1.0 0.8841709375000001 0.84729171875 0.6776514062500001 1.0 0.6776514062500001
0 0.0 1.0 0.25550890625 1.0 0.0 0.87502453125 0.25550890625 0.87502453125
0 1.0 0.6919254687499999 1.0 0.6919254687499999 1.0 0.5564028125 1.0 0.5564028125
0 0.576156875 0.28438984375 0.8466381249999999 0.28438984375 0.576156875 0.017129843750000085 0.8466381249999999 0.017129843750000085
0 1.0 0.8675567187500001 1.0 0.8675567187500001 1.0 0.7132059374999999 1.0 0.7132059374999999
0 0.384140625 0.8340846875000001 0.5574234375 0.8340846875000001 0.384140625 0.6675326562499999 0.5574234375 0.6675326562499999
0 0.51604 0.266870625 0.77567546875 0.266870625 0.51604 0.02349218749999995 0.77567546875 0.02349218749999995
