0 0.40088921875000005 0.004318750000000015 0.6907578125 0.004318750000000015 0.40088921875000005 0.0 0.6907578125 0.0
0 0.0 1.0 0.0 1.0 0.0 0.9728409375 0.0 0.9728409375
0 0.7810328125000001 0.67994984375 1.0 0.67994984375 0.7810328125000001 0.44078953125 1.0 0.44078953125
0 0.6138187500000001 1.0 0.8585328125 1.0 0.6138187500000001 1.0 0.8585328125 1.0
0 0.0 0.44567468750000006 0.10066203125000009 0.44567468750000006 0.0 0.19459515624999996 0.10066203125000009 0.19459515624999996
0 0.0 0.2879823437500001 0.0 0.2879823437500001 0.0 0.016500156250000054 0.0 0.016500156250000054
0 0.6600578124999998 0.43248859375000004 0.9574843749999999 0.43248859375000004 0.6600578124999998 0.13967546874999998 0.9574843749999999 0.13967546874999998
0 0.0 0.779995625 0.19718265625000003 0.779995625 0.0 0.47444765625 0.19718265625000003 0.47444765625
0 1.0 0.3954221875 1.0 0.3954221875 1.0 0.19437703125 1.0 0.19437703125
0 0.0 0.65300890625 0.0 0.65300890625 0.0 0.48047796875 0.0 0.48047796875
0 0.0 0.49176562500000004 0.0 0.49176562500000004 0.0 0.34618874999999993 0.0 0.34618874999999993
0 0.8675859375000001 1.0 1.0 1.0 0.8675859375000001 1.0 1.0 1.0
0 1.0 0.60352328125 1.0 0.60352328125 1.0 0.38324984375 1.0 0.38324984375
0 0.0 0.23441031250000002 0.0 0.23441031250000002 0.0 0.014986093749999974 0.0 0.014986093749999974
0 0.327086875 0.306526875 0.5975890625 0.306526875 0.327086875 0.039530312499999984 0.5975890625 0.039530312499999984
0 0.6677031249999998 1.0 0.9481578124999999 1.0 0.6677031249999998 0.9661884374999999 0.9481578124999999 0.9661884374999999
0 0.832934375 1.0 1.0 1.0 0.832934375 1.0 1.0 1.0
0 0.0 0.80539953125 0.0 0.80539953125 0.0 0.59984578125 0.0 0.59984578125
0 0.39269468750000003 0.5676275000000001 0.6164531249999999 0.5676275000000001 0.39269468750000003 0.3439990625 0.6164531249999999 0.3439990625
0 0.41399875 1.0 0.690234375 1.0 0.41399875 0.88288625 0.690234375 0.88288625
0 0.695328125 0.8394449999999999 0.9447078125000001 0.8394449999999999 0.695328125 0.5856146875 0.9447078125000001 0.5856146875
0 1.0 0.8246729687500001 1.0 0.8246729687500001 1.0 0.5898009375 1.0 0.5898009375
0 0.0 0.11436078125000008 0.0 0.11436078125000008 0.0 0.04425171875 0.0 0.04425171875
0 0.5748015625 0.30590156250000006 0.8773453124999999 0.30590156250000006 0.5748015625 0.013852812500000056 0.8773453124999999 0.013852812500000056
0 0.009500468749999946 0.7871739062499999 0.27111046875000006 0.7871739062499999 0.009500468749999946 0.5078731249999999 0.27111046875000006 0.5078731249999999
0 1.0 0.2907349999999999 1.0 0.2907349999999999 1.0 0.23709624999999993 1.0 0.23709624999999993
0 0.0 0.95057640625 0.0 0.95057640625 0.0 0.6939778125 0.0 0.6939778125
0 0.41227671874999994 0.8821646874999999 0.6553718750000002 0.8821646874999999 0.41227671874999994 0.66369671875 0.6553718750000002 0.66369671875
0 0.0 1.0 0.0 1.0 0.0 0.9976495312499999 0.0 0.9976495312499999
0 0.0 0.63875328125 0.0 0.63875328125 0.0 0.51312609375 0.0 0.51312609375
0 0.4594615624999999 0.08586781250000008 0.6296500000000002 0.08586781250000008 0.4594615624999999 0.0 0.6296500000000002 0.0
0 0.27903484375000004 0.9716250000000001 0.42612656250000003 0.9716250000000001 0.27903484375000004 0.8347257812500001 0.42612656250000003 0.8347257812500001
0 0.31609359374999996 0.55021921875 0.5695671875 0.55021921875 0.31609359374999996 0.30499328124999997 0.5695671875 0.30499328124999997
