0 1.0 1.0 1.0 1.0 1.0 0.9395059375000001 1.0 0.9395059375000001
0 1.0 1.0 1.0 1.0 1.0 0.7778565625 1.0 0.7778565625
0 0.19543125 1.0 0.48863453124999995 1.0 0.19543125 1.0 0.48863453124999995 1.0
0 1.0 0.026838749999999932 1.0 0.026838749999999932 1.0 0.0 1.0 0.0
0 0.31079093750000003 0.43794125 0.53507390625 0.43794125 0.31079093750000003 0.20667109374999998 0.53507390625 0.20667109374999998
0 0.4205440625 0.6374434375 0.57887328125 0.6374434375 0.4205440625 0.47231640625000004 0.57887328125 0.47231640625000004
0 0.9156026562499999 0.25883765625000005 1.0 0.25883765625000005 0.9156026562499999 0.11124296875000006 1.0 0.11124296875000006
0 1.0 1.0 1.0 1.0 1.0 0.9015282812500001 1.0 0.9015282812500001
0 0.9731307812500001 0.78974265625 1.0 0.78974265625 0.9731307812500001 0.5537665625 1.0 0.5537665625
0 0.888128125 0.7902376562500001 1.0 0.7902376562500001 0.888128125 0.61278421875 1.0 0.61278421875
0 1.0 1.0 1.0 1.0 1.0 0.8228392187499999 1.0 0.8228392187499999
0 0.8442512499999999 0.23051171875000004 1.0 0.23051171875000004 0.8442512499999999 0.0 1.0 0.0
0 1.0 1.0 1.0 1.0 1.0 0.90708984375 1.0 0.90708984375
0 1.0 0.998548859375 1.0 0.998548859375 1.0 0.8324609374999999 1.0 0.8324609374999999
0 1.0 0.38072296874999995 1.0 0.38072296874999995 1.0 0.1115903125000001 1.0 0.1115903125000001
0 1.0 0.8596759374999999 1.0 0.8596759374999999 1.0 0.5622581249999999 1.0 0.5622581249999999
0 0.388514375 0.48391031250000005 0.76862125 0.48391031250000005 0.388514375 0.09269859374999996 0.76862125 0.09269859374999996
0 1.0 0.39900578124999997 1.0 0.39900578124999997 1.0 0.18169515625 1.0 0.18169515625
0 0.5599265625000001 0.05029703125000005 0.8699753125 0.05029703125000005 0.5599265625000001 0.0 0.8699753125 0.0
0 1.0 0.990314296875 1.0 0.990314296875 1.0 0.816840625 1.0 0.816840625
0 1.0 0.3158276562499999 1.0 0.3158276562499999 1.0 0.09301499999999993 1.0 0.09301499999999993
0 0.288843125 1.0 0.52630921875 1.0 0.288843125 0.921605625 0.52630921875 0.921605625
0 0.7173454687499999 0.8136725 0.98020765625 0.8136725 0.7173454687499999 0.55325 0.98020765625 0.55325
0 0.5382403124999999 0.571094375 0.8374768749999999 0.571094375 0.5382403124999999 0.26972609374999995 0.8374768749999999 0.26972609374999995
0 1.0 0.27574390624999995 1.0 0.27574390624999995 1.0 0.046639531249999956 1.0 0.046639531249999956
0 1.0 0.88470546875 1.0 0.88470546875 1.0 0.6392292187499999 1.0 0.6392292187499999
0 0.96798765625 0.8877410937500001 1.0 0.8877410937500001 0.96798765625 0.6933564062500001 1.0 0.6933564062500001
0 1.0 0.56508953125 1.0 0.56508953125 1.0 0.2614465624999999 1.0 0.2614465624999999
0 1.0 0.10341874999999998 1.0 0.10341874999999998 1.0 0.0 1.0 0.0
0 1.0 0.44586812499999995 1.0 0.44586812499999995 1.0 0.17558468749999995 1.0 0.17558468749999995
0 0.0 0.19688093749999994 0.09905534375 0.19688093749999994 0.0 0.0 0.09905534375 0.0
0 1.0 1.0 1.0 1.0 1.0 0.88323859375 1.0 0.88323859375
0 0.2775765625 0.75696890625 0.51368578125 0.75696890625 0.2775765625 0.5300175 0.51368578125 0.5300175
0 0.80789171875 0.08910078124999998 1.0 0.08910078124999998 0.80789171875 0.0 1.0 0.0
0 0.0 0.3116465625 0.0012659609375 0.3116465625 0.0 0.26218718750000003 0.0012659609375 0.26218718750000003
0 0.36078484375 0.327701875 0.5957637499999999 0.327701875 0.36078484375 0.09287656250000005 0.5957637499999999 0.09287656250000005
0 1.0 0.6784704687499999 1.0 0.6784704687499999 1.0 0.61715609375 1.0 0.61715609375
0 1.0 0.32804749999999994 1.0 0.32804749999999994 1.0 0.24953171874999996 1.0 0.24953171874999996
