0 0.345701875 0.91228984375 0.58042484375 0.91228984375 0.345701875 0.68375671875 0.58042484375 0.68375671875
0 0.8604317187499999 1.0 1.0 1.0 0.8604317187499999 1.0 1.0 1.0
0 0.6774103125 0.006937343749999947 0.9179243749999999 0.006937343749999947 0.6774103125 0.0 0.9179243749999999 0.0
0 0.86792859375 0.26728874999999996 1.0 0.26728874999999996 0.86792859375 0.009284843750000072 1.0 0.009284843750000072
0 1.0 0.61487265625 1.0 0.61487265625 1.0 0.5375765625 1.0 0.5375765625
0 1.0 0.6495268750000001 1.0 0.6495268750000001 1.0 0.27721921875 1.0 0.27721921875
0 1.0 0.47290765625000003 1.0 0.47290765625000003 1.0 0.021176406250000036 1.0 0.021176406250000036
0 1.0 0.713464375 1.0 0.713464375 1.0 0.48739765625000003 1.0 0.48739765625000003
0 0.9232389062499999 0.45029890625 1.0 0.45029890625 0.9232389062499999 0.19765781249999997 1.0 0.19765781249999997
0 1.0 0.8726970312500001 1.0 0.8726970312500001 1.0 0.6507965625 1.0 0.6507965625
0 1.0 0.10744984375000008 1.0 0.10744984375000008 1.0 0.0 1.0 0.0
0 0.78538796875 1.0 0.95212640625 1.0 0.78538796875 1.0 0.95212640625 1.0
0 1.0 0.850865625 1.0 0.850865625 1.0 0.79550546875 1.0 0.79550546875
0 1.0 0.8772818749999999 1.0 0.8772818749999999 1.0 0.52496890625 1.0 0.52496890625
0 0.79075515625 1.0 1.0 1.0 0.79075515625 0.7446259375000001 1.0 0.7446259375000001
0 0.0 0.2310628124999999 0.1908821875 0.2310628124999999 0.0 0.0 0.1908821875 0.0
0 1.0 0.84858453125 1.0 0.84858453125 1.0 0.6720364062499999 1.0 0.6720364062499999
0 0.0 0.90438015625 0.147297984375 0.90438015625 0.0 0.59199453125 0.147297984375 0.59199453125
0 0.0 0.7202214062500001 0.02931840625 0.7202214062500001 0.0 0.42375203125 0.02931840625 0.42375203125
0 0.9066090625 1.0 1.0 1.0 0.9066090625 1.0 1.0 1.0
0 1.0 0.30834578125000006 1.0 0.30834578125000006 1.0 0.09119875000000004 1.0 0.09119875000000004
0 0.0 0.5885612499999999 0.264831875 0.5885612499999999 0.0 0.29167734375 0.264831875 0.29167734375
0 1.0 0.19339953125000003 1.0 0.19339953125000003 1.0 0.0 1.0 0.0
0 1.0 0.816305625 1.0 0.816305625 1.0 0.5105634375 1.0 0.5105634375
0 1.0 1.0 1.0 1.0 1.0 0.9220457812499999 1.0 0.9220457812499999
0 0.64625 1.0 0.9003140625 1.0 0.64625 1.0 0.9003140625 1.0
0 1.0 0.37384984374999997 1.0 0.37384984374999997 1.0 0.19982687499999993 1.0 0.19982687499999993
0 0.08025765625 0.49467421875 0.32345296874999996 0.49467421875 0.08025765625 0.235445 0.32345296874999996 0.235445
0 1.0 0.45928109375000004 1.0 0.45928109375000004 1.0 0.30671812500000006 1.0 0.30671812500000006
0 0.27629890625 0.19978515624999993 0.55869578125 0.19978515624999993 0.27629890625 0.0 0.55869578125 0.0
0 0.0 0.97460296875 0.198178125 0.97460296875 0.0 0.74714796875 0.198178125 0.74714796875
0 1.0 0.53422140625 1.0 0.53422140625 1.0 0.2883756249999999 1.0 0.2883756249999999
0 0.887323125 0.5694259374999999 1.0 0.5694259374999999 0.887323125 0.3483040625 1.0 0.3483040625
0 1.0 1.0 1.0 1.0 1.0 0.8522328124999999 1.0 0.8522328124999999
0 1.0 0.9591293750000001 1.0 0.9591293750000001 1.0 0.7103570312499999 1.0 0.7103570312499999
0 0.0 0.19413234374999994 0.121105796875 0.19413234374999994 0.0 0.0 0.121105796875 0.0
0 1.0 0.5744210937500001 1.0 0.5744210937500001 1.0 0.20826250000000002 1.0 0.20826250000000002
