0 1.0 0.4086365625 1.0 0.4086365625 1.0 0.17932078125000003 1.0 0.17932078125000003
0 1.0 1.0 1.0 1.0 1.0 0.9319270312500001 1.0 0.9319270312500001
0 0.8686678125 0.7390828125000001 1.0 0.7390828125000001 0.8686678125 0.6032528125 1.0 0.6032528125
0 0.0 0.27862734375000003 0.14760374999999998 0.27862734375000003 0.0 0.10865921875000009 0.14760374999999998 0.10865921875000009
0 0.3591840625 0.5286299999999999 0.59157875 0.5286299999999999 0.3591840625 0.30390203125 0.59157875 0.30390203125
0 0.16114828125 0.06414765624999993 0.30649078125 0.06414765624999993 0.16114828125 0.0 0.30649078125 0.0
0 1.0 1.0 1.0 1.0 1.0 0.78460546875 1.0 0.78460546875
0 0.9634471874999999 0.6538003125 1.0 0.6538003125 0.9634471874999999 0.34816484374999995 1.0 0.34816484374999995
0 0.07508804687500001 0.31590062499999993 0.52161984375 0.31590062499999993 0.07508804687500001 0.0 0.52161984375 0.0
0 1.0 0.39563484375 1.0 0.39563484375 1.0 0.12572453125000002 1.0 0.12572453125000002
0 0.91177203125 0.07401328125000006 0.9793265625 0.07401328125000006 0.91177203125 0.00542671875000007 0.9793265625 0.00542671875000007
0 1.0 0.5103865625 1.0 0.5103865625 1.0 0.3049846875 1.0 0.3049846875
0 0.77775265625 0.69157546875 0.99447859375 0.69157546875 0.77775265625 0.48389453125 0.99447859375 0.48389453125
0 1.0 0.21865484375000008 1.0 0.21865484375000008 1.0 0.14402343749999993 1.0 0.14402343749999993
0 0.030847375 0.9467456249999999 0.272661875 0.9467456249999999 0.030847375 0.6994067187499999 0.272661875 0.6994067187499999
0 1.0 0.4713 1.0 0.4713 1.0 0.42443078125 1.0 0.42443078125
0 1.0 1.0 1.0 1.0 1.0 0.8945421875000001 1.0 0.8945421875000001
0 1.0 0.8832184375000001 1.0 0.8832184375000001 1.0 0.62186078125 1.0 0.62186078125
0 1.0 0.10074515625 1.0 0.10074515625 1.0 0.0 1.0 0.0
0 1.0 0.7174962500000001 1.0 0.7174962500000001 1.0 0.38231374999999995 1.0 0.38231374999999995
0 1.0 0.24762421875000004 1.0 0.24762421875000004 1.0 0.0 1.0 0.0
0 1.0 1.0 1.0 1.0 1.0 0.9070349999999999 1.0 0.9070349999999999
0 0.0 0.27157359375 0.2405715625 0.27157359375 0.0 0.01589375000000004 0.2405715625 0.01589375000000004
0 0.8768440625 0.04944921875000006 0.93185578125 0.04944921875000006 0.8768440625 0.0 0.93185578125 0.0
0 0.70013796875 0.46019468750000003 0.9174445312499999 0.46019468750000003 0.70013796875 0.24306999999999998 0.9174445312499999 0.24306999999999998
0 1.0 0.12212296874999992 1.0 0.12212296874999992 1.0 0.0 1.0 0.0
0 1.0 0.4090746875 1.0 0.4090746875 1.0 0.3340392187500001 1.0 0.3340392187500001
0 1.0 1.0 1.0 1.0 1.0 0.9916505000000001 1.0 0.9916505000000001
0 0.057291281250000006 0.38095859374999996 0.25816 0.38095859374999996 0.057291281250000006 0.18018703125000002 0.25816 0.18018703125000002
0 1.0 0.46557671875000006 1.0 0.46557671875000006 1.0 0.1706107812500001 1.0 0.1706107812500001
0 0.63123578125 0.16622890624999992 0.6943909374999999 0.16622890624999992 0.63123578125 0.10186921874999992 0.6943909374999999 0.10186921874999992
0 0.79775484375 1.0 1.0 1.0 0.79775484375 0.8159637500000001 1.0 0.8159637500000001
0 0.2285128125 0.12407140625000004 0.44895421874999997 0.12407140625000004 0.2285128125 0.0 0.44895421874999997 0.0
0 0.330049375 0.41959984375000003 0.395655 0.41959984375000003 0.330049375 0.35288140625000003 0.395655 0.35288140625000003
0 0.03921853125 0.52254234375 0.27447359374999997 0.52254234375 0.03921853125 0.26865375 0.27447359374999997 0.26865375
0 0.70204984375 0.64143046875 0.93933328125 0.64143046875 0.70204984375 0.401349375 0.93933328125 0.401349375
