0 0.14182640625000004 0.5440015625 0.22004531249999992 0.5440015625 0.14182640625000004 0.46623562500000004 0.22004531249999992 0.46623562500000004
0 0.18153749999999996 1.0 0.34228375 1.0 0.18153749999999996 0.9869603281250001 0.34228375 0.9869603281250001
0 0.0 0.52594828125 0.0 0.52594828125 0.0 0.21595703124999996 0.0 0.21595703124999996
0 0.6775171875000001 0.15972312500000002 1.0 0.15972312500000002 0.6775171875000001 0.0 1.0 0.0
0 0.34049171875000006 0.8873853125 0.5745953125 0.8873853125 0.34049171875000006 0.6534328125 0.5745953125 0.6534328125
0 0.0 0.7035425 0.0 0.7035425 0.0 0.64634515625 0.0 0.64634515625
0 0.8164468750000001 1.0 0.9842296874999998 1.0 0.8164468750000001 0.900256875 0.9842296874999998 0.900256875
0 0.0 0.14895328125 0.0 0.14895328125 0.0 0.0 0.0 0.0
0 0.0 0.8232771875000001 0.0 0.8232771875000001 0.0 0.55375390625 0.0 0.55375390625
0 1.0 0.08964578124999996 1.0 0.08964578124999996 1.0 0.0 1.0 0.0
0 0.9796078125000001 0.41097343750000004 1.0 0.41097343750000004 0.9796078125000001 0.10207406250000002 1.0 0.10207406250000002
0 0.0 0.223389375 0.0 0.223389375 0.0 0.0 0.0 0.0
0 0.0 0.737085625 0.03444312499999995 0.737085625 0.0 0.6905154687499999 0.03444312499999995 0.6905154687499999
0 0.979190625 0.541141875 1.0 0.541141875 0.979190625 0.37877515624999997 1.0 0.37877515624999997
0 0.3963903125 1.0 0.589640625 1.0 0.3963903125 0.8956006249999999 0.589640625 0.8956006249999999
0 0.6654171874999999 0.482679375 0.8329640625 0.482679375 0.6654171874999999 0.31519234375000005 0.8329640625 0.31519234375000005
0 0.0 0.89424828125 0.0 0.89424828125 0.0 0.8190665625 0.0 0.8190665625
0 1.0 0.20160625000000004 1.0 0.20160625000000004 1.0 0.0 1.0 0.0
0 1.0 0.97355796875 1.0 0.97355796875 1.0 0.76018859375 1.0 0.76018859375
0 0.0 1.0 0.0 1.0 0.0 0.8830054687500001 0.0 0.8830054687500001
0 0.0 0.58317171875 0.0 0.58317171875 0.0 0.3250612500000001 0.0 0.3250612500000001
0 0.7032437500000001 1.0 0.7600140625000001 1.0 0.7032437500000001 1.0 0.7600140625000001 1.0
0 0.0 1.0 0.0 1.0 0.0 0.8805001562499999 0.0 0.8805001562499999
0 0.50400203125 0.9292275 0.7968250000000001 0.9292275 0.50400203125 0.62651578125 0.7968250000000001 0.62651578125
0 1.0 0.85608390625 1.0 0.85608390625 1.0 0.6013015625 1.0 0.6013015625
0 0.0 1.0 0.0 1.0 0.0 0.8644740625 0.0 0.8644740625
0 0.6952031250000001 0.032351093750000004 0.7505984375000001 0.032351093750000004 0.6952031250000001 0.0 0.7505984375000001 0.0
0 0.6329265625000001 0.43054437500000003 0.9031890624999999 0.43054437500000003 0.6329265625000001 0.16609296874999996 0.9031890624999999 0.16609296874999996
0 0.81118125 0.9560257812499999 0.984328125 0.9560257812499999 0.81118125 0.78751171875 0.984328125 0.78751171875
0 0.5156892187500001 0.42963500000000004 0.7023421875 0.42963500000000004 0.5156892187500001 0.24306187500000007 0.7023421875 0.24306187500000007
0 0.0 0.9220962500000001 0.0 0.9220962500000001 0.0 0.6277154687500001 0.0 0.6277154687500001
0 0.12009249999999998 0.77879015625 0.33355437499999996 0.77879015625 0.12009249999999998 0.57462046875 0.33355437499999996 0.57462046875
0 0.0 0.50785234375 0.0 0.50785234375 0.0 0.22986562500000005 0.0 0.22986562500000005
0 0.0 0.6475887499999999 0.0 0.6475887499999999 0.0 0.60499484375 0.0 0.60499484375
0 0.53493953125 0.69179109375 0.8476078125000001 0.69179109375 0.53493953125 0.379854375 0.8476078125000001 0.379854375
0 0.0 0.9113851562499999 0.0 0.9113851562499999 0.0 0.65626625 0.0 0.65626625
0 0.7014234375000001 0.94740625 1.0 0.94740625 0.7014234375000001 0.53767953125 1.0 0.53767953125
0 0.0 0.18359265624999993 0.0 0.18359265624999993 0.0 0.0 0.0 0.0
0 0.0 1.0 0.0 1.0 0.0 0.8852071875 0.0 0.8852071875
0 0.6235328124999999 1.0 0.822865625 1.0 0.6235328124999999 0.9556128125000001 0.822865625 0.9556128125000001
