0 0.0 0.73368734375 0.0 0.73368734375 0.0 0.47934890625 0.0 0.47934890625
0 0.03756703125000005 0.17663671875000003 0.2775309375000001 0.17663671875000003 0.03756703125000005 0.0 0.2775309375000001 0.0
0 1.0 1.0 1.0 1.0 1.0 0.8605237499999999 1.0 0.8605237499999999
0 0.0 0.2803371875 0.009915625000000006 0.2803371875 0.0 0.20187546874999995 0.009915625000000006 0.20187546874999995
0 0.0 1.0 0.0 1.0 0.0 0.8875907812499999 0.0 0.8875907812499999
0 0.9454 0.67204390625 1.0 0.67204390625 0.9454 0.44723734375 1.0 0.44723734375
0 0.0 0.07094015625000001 0.0 0.07094015625000001 0.0 0.0 0.0 0.0
0 0.11976531250000004 0.16179921875000006 0.3594914062499999 0.16179921875000006 0.11976531250000004 0.0 0.3594914062499999 0.0
0 0.0 0.35378796875 0.0 0.35378796875 0.0 0.18691046875 0.0 0.18691046875
0 0.0 0.66207171875 0.16138578124999992 0.66207171875 0.0 0.42629578125 0.16138578124999992 0.42629578125
0 0.0 0.08455812500000004 0.0 0.08455812500000004 0.0 0.0 0.0 0.0
0 0.467700625 0.81890421875 0.6706 0.81890421875 0.467700625 0.60512625 0.6706 0.60512625
0 1.0 0.42606312500000004 1.0 0.42606312500000004 1.0 0.1469365625 1.0 0.1469365625
0 0.21900031250000004 0.41022703125 0.2748474999999999 0.41022703125 0.21900031250000004 0.3538925 0.2748474999999999 0.3538925
0 0.0 0.46152984375 0.0 0.46152984375 0.0 0.32829140625 0.0 0.32829140625
0 0.0 1.0 0.0 1.0 0.0 0.8409521874999999 0.0 0.8409521874999999
0 0.6115171875000002 0.22976812500000002 0.6546546875000001 0.22976812500000002 0.6115171875000002 0.18451312499999997 0.6546546875000001 0.18451312499999997
0 0.51055234375 1.0 0.5775640624999999 1.0 0.51055234375 1.0 0.5775640624999999 1.0
0 0.0 0.9135426562500001 0.0 0.9135426562500001 0.0 0.46318140625000004 0.0 0.46318140625000004
0 1.0 0.92600078125 1.0 0.92600078125 1.0 0.77065078125 1.0 0.77065078125
0 1.0 0.98693721875 1.0 0.98693721875 1.0 0.749450625 1.0 0.749450625
0 0.7143015625 0.5939490625 0.8826921875 0.5939490625 0.7143015625 0.4317753125 0.8826921875 0.4317753125
0 0.31563031250000007 0.72239765625 0.50378640625 0.72239765625 0.31563031250000007 0.52142875 0.50378640625 0.52142875
0 0.44299531250000007 0.5879814062500001 0.51090671875 0.5879814062500001 0.44299531250000007 0.5190534375 0.51090671875 0.5190534375
0 0.0 0.87469578125 0.0 0.87469578125 0.0 0.57970625 0.0 0.57970625
0 0.6384343749999999 1.0 0.9223609374999999 1.0 0.6384343749999999 1.0 0.9223609374999999 1.0
0 1.0 0.46164421874999995 1.0 0.46164421874999995 1.0 0.31658828124999994 1.0 0.31658828124999994
0 0.0 1.0 0.07544765625000008 1.0 0.0 0.9415228125 0.07544765625000008 0.9415228125
0 0.5906109374999999 1.0 0.7844999999999999 1.0 0.5906109374999999 0.97609859375 0.7844999999999999 0.97609859375
0 0.46292937500000003 0.39357499999999995 0.6572984375 0.39357499999999995 0.46292937500000003 0.2097518750000001 0.6572984375 0.2097518750000001
0 0.6763656250000001 0.8866343750000001 0.9408390624999999 0.8866343750000001 0.6763656250000001 0.62361 0.9408390624999999 0.62361
0 0.0067482812499999765 0.28698750000000006 0.23503734375000002 0.28698750000000006 0.0067482812499999765 0.052719375000000034 0.23503734375000002 0.052719375000000034
