0 1.0 0.46080265625 1.0 0.46080265625 1.0 0.2892140625 1.0 0.2892140625
0 0.59665625 1.0 0.73628671875 1.0 0.59665625 1.0 0.73628671875 1.0
0 0.98427671875 0.8735412499999999 1.0 0.8735412499999999 0.98427671875 0.7036134374999999 1.0 0.7036134374999999
0 0.6160840624999999 0.8214553125 0.8785867187499999 0.8214553125 0.6160840624999999 0.5735040625 0.8785867187499999 0.5735040625
0 0.39057265625 0.38765328125 0.68192578125 0.38765328125 0.39057265625 0.09306390624999991 0.68192578125 0.09306390624999991
0 0.20617125 0.9659026562499999 0.38261734375 0.9659026562499999 0.20617125 0.7884778125 0.38261734375 0.7884778125
0 1.0 0.38186046874999996 1.0 0.38186046874999996 1.0 0.1536196875 1.0 0.1536196875
0 1.0 0.63007703125 1.0 0.63007703125 1.0 0.37865140625000004 1.0 0.37865140625000004
0 1.0 1.0 1.0 1.0 1.0 0.8673243750000001 1.0 0.8673243750000001
0 1.0 0.672666875 1.0 0.672666875 1.0 0.50868078125 1.0 0.50868078125
0 1.0 0.39478359375 1.0 0.39478359375 1.0 0.12105515624999992 1.0 0.12105515624999992
0 1.0 1.0 1.0 1.0 1.0 0.8876121874999999 1.0 0.8876121874999999
0 1.0 0.2966629687499999 1.0 0.2966629687499999 1.0 0.06426656249999993 1.0 0.06426656249999993
0 0.47697015625 0.65199265625 0.76649359375 0.65199265625 0.47697015625 0.35149984375 0.76649359375 0.35149984375
0 1.0 0.27545390624999994 1.0 0.27545390624999994 1.0 0.13653828125 1.0 0.13653828125
0 0.8831229687500001 0.8601840624999999 1.0 0.8601840624999999 0.8831229687500001 0.56570125 1.0 0.56570125
0 1.0 0.37990890625 1.0 0.37990890625 1.0 0.2028334375 1.0 0.2028334375
0 0.27411046875 1.0 0.47562171875 1.0 0.27411046875 1.0 0.47562171875 1.0
0 1.0 0.9162687500000001 1.0 0.9162687500000001 1.0 0.6880690625 1.0 0.6880690625
0 0.21586781249999998 1.0 0.5261312499999999 1.0 0.21586781249999998 0.7199340624999999 0.5261312499999999 0.7199340624999999
0 0.30800546875 0.94127984375 0.60510671875 0.94127984375 0.30800546875 0.65705140625 0.60510671875 0.65705140625
0 1.0 0.56586265625 1.0 0.56586265625 1.0 0.3894478125 1.0 0.3894478125
