0 0.28461828125 0.85300421875 0.442791875 0.85300421875 0.28461828125 0.688003125 0.442791875 0.688003125
0 0.7143782812499999 0.40256609374999996 0.87816984375 0.40256609374999996 0.7143782812499999 0.24612656249999992 0.87816984375 0.24612656249999992
0 0.21957609374999998 1.0 0.39550265625000003 1.0 0.21957609374999998 0.89289296875 0.39550265625000003 0.89289296875
0 1.0 1.0 1.0 1.0 1.0 0.9964210937500001 1.0 0.9964210937500001
0 0.0 0.73666078125 0.010369134375 0.73666078125 0.0 0.49524140625 0.010369134375 0.49524140625
0 1.0 0.05659515625000004 1.0 0.05659515625000004 1.0 0.0 1.0 0.0
0 1.0 0.619059375 1.0 0.619059375 1.0 0.5714496875 1.0 0.5714496875
0 1.0 0.8445499999999999 1.0 0.8445499999999999 1.0 0.65046484375 1.0 0.65046484375
0 1.0 0.4550328125 1.0 0.4550328125 1.0 0.15034109375 1.0 0.15034109375
0 1.0 0.8779506250000001 1.0 0.8779506250000001 1.0 0.66336375 1.0 0.66336375
0 0.95788234375 0.90257125 1.0 0.90257125 0.95788234375 0.7289729687500001 1.0 0.7289729687500001
0 1.0 1.0 1.0 1.0 1.0 0.9060203125000001 1.0 0.9060203125000001
0 1.0 0.9682543750000001 1.0 0.9682543750000001 1.0 0.7453934375 1.0 0.7453934375
0 1.0 0.7987535937500001 1.0 0.7987535937500001 1.0 0.5501390625 1.0 0.5501390625
0 1.0 1.0 1.0 1.0 1.0 0.82325953125 1.0 0.82325953125
0 0.9688579687500001 0.5304371875 1.0 0.5304371875 0.9688579687500001 0.24571718750000002 1.0 0.24571718750000002
0 0.68518796875 0.22433046875 0.8493009375 0.22433046875 0.68518796875 0.051962343749999994 0.8493009375 0.051962343749999994
0 0.76256484375 0.56882109375 1.0 0.56882109375 0.76256484375 0.15731312499999994 1.0 0.15731312499999994
0 1.0 0.19704843749999998 1.0 0.19704843749999998 1.0 0.0 1.0 0.0
0 1.0 0.4663121875 1.0 0.4663121875 1.0 0.25040281249999996 1.0 0.25040281249999996
0 1.0 0.14758546875 1.0 0.14758546875 1.0 0.0 1.0 0.0
0 1.0 0.50037703125 1.0 0.50037703125 1.0 0.19480031249999996 1.0 0.19480031249999996
0 0.28820671875000003 0.56549765625 0.59858 0.56549765625 0.28820671875000003 0.25749734375000005 0.59858 0.25749734375000005
0 0.7627425 0.38603750000000003 1.0 0.38603750000000003 0.7627425 0.12823046875 1.0 0.12823046875
0 1.0 0.2078075 1.0 0.2078075 1.0 0.03393125000000001 1.0 0.03393125000000001
0 1.0 0.26216171875 1.0 0.26216171875 1.0 0.0 1.0 0.0
0 0.46915453124999995 1.0 0.9187303124999999 1.0 0.46915453124999995 0.9019834375 0.9187303124999999 0.9019834375
0 1.0 0.46525484375000004 1.0 0.46525484375000004 1.0 0.23070484375000005 1.0 0.23070484375000005
0 1.0 0.9852998124999999 1.0 0.9852998124999999 1.0 0.67894984375 1.0 0.67894984375
0 0.45815734375000006 1.0 0.6848865625 1.0 0.45815734375000006 1.0 0.6848865625 1.0
0 0.55483359375 0.68460171875 0.622689375 0.68460171875 0.55483359375 0.61572703125 0.622689375 0.61572703125
0 0.0 0.5551615625 0.24770140624999998 0.5551615625 0.0 0.16633625 0.24770140624999998 0.16633625
0 1.0 0.8036309375 1.0 0.8036309375 1.0 0.6640165625 1.0 0.6640165625
0 0.29733296875000004 1.0 0.54081265625 1.0 0.29733296875000004 0.814085625 0.54081265625 0.814085625
