0 0.8974062500000001 0.59356390625 1.0 0.59356390625 0.8974062500000001 0.35099890624999996 1.0 0.35099890624999996
0 1.0 0.78831140625 1.0 0.78831140625 1.0 0.5710778125 1.0 0.5710778125
0 1.0 0.52743203125 1.0 0.52743203125 1.0 0.24533015625000001 1.0 0.24533015625000001
0 0.0 1.0 0.21167750000000002 1.0 0.0 0.8190432812499999 0.21167750000000002 0.8190432812499999
0 0.984695 1.0 1.0 1.0 0.984695 0.8722779687500001 1.0 0.8722779687500001
0 0.9670292187499999 1.0 1.0 1.0 0.9670292187499999 0.8118379687499999 1.0 0.8118379687499999
0 1.0 0.23977671874999995 1.0 0.23977671874999995 1.0 0.19277203125 1.0 0.19277203125
0 1.0 1.0 1.0 1.0 1.0 0.89072078125 1.0 0.89072078125
0 0.22208156250000002 0.02459578125000004 0.513915625 0.02459578125000004 0.22208156250000002 0.0 0.513915625 0.0
0 1.0 0.10250656249999998 1.0 0.10250656249999998 1.0 0.0 1.0 0.0
0 0.012768525 1.0 0.37208703125000003 1.0 0.012768525 0.8149793750000001 0.37208703125000003 0.8149793750000001
0 1.0 0.23190281250000008 1.0 0.23190281250000008 1.0 0.041695625000000014 1.0 0.041695625000000014
0 0.0 0.64008953125 0.1612090625 0.64008953125 0.0 0.33368687500000005 0.1612090625 0.33368687500000005
0 0.23856875 1.0 0.5006985937499999 1.0 0.23856875 0.76228140625 0.5006985937499999 0.76228140625
0 0.7407265625 0.7368307812499999 0.91788828125 0.7368307812499999 0.7407265625 0.55944 0.91788828125 0.55944
0 0.23343140624999997 0.031443750000000034 0.41482890625 0.031443750000000034 0.23343140624999997 0.0 0.41482890625 0.0
0 0.558848125 1.0 0.85677234375 1.0 0.558848125 0.8691278125 0.85677234375 0.8691278125
0 0.98171546875 0.93020671875 1.0 0.93020671875 0.98171546875 0.763813125 1.0 0.763813125
0 0.2539446875 1.0 0.5643304687499999 1.0 0.2539446875 0.72357625 0.5643304687499999 0.72357625
0 1.0 0.3496653125 1.0 0.3496653125 1.0 0.09042515625000007 1.0 0.09042515625000007
0 0.0 1.0 0.1834559375 1.0 0.0 0.8883482812500001 0.1834559375 0.8883482812500001
0 0.48293328124999996 0.42606875000000005 0.9324421875000001 0.42606875000000005 0.48293328124999996 0.0 0.9324421875000001 0.0
0 1.0 0.6265021875000001 1.0 0.6265021875000001 1.0 0.45613859375 1.0 0.45613859375
0 0.54122421875 0.5132707812499999 0.82067953125 0.5132707812499999 0.54122421875 0.22939390624999997 0.82067953125 0.22939390624999997
0 0.6150249999999999 1.0 0.7765721875 1.0 0.6150249999999999 1.0 0.7765721875 1.0
0 1.0 0.2700634375 1.0 0.2700634375 1.0 0.0 1.0 0.0
0 1.0 0.31405484375 1.0 0.31405484375 1.0 0.04767593750000003 1.0 0.04767593750000003
0 0.0 0.8456129687499999 0.350068125 0.8456129687499999 0.0 0.39533703124999997 0.350068125 0.39533703124999997
0 0.12729921875 1.0 0.43865968750000006 1.0 0.12729921875 0.7883040625 0.43865968750000006 0.7883040625
0 0.0 0.30691046874999994 0.23450234375 0.30691046874999994 0.0 0.0 0.23450234375 0.0
