0 0.0 0.59356390625 0.13147046875000007 0.59356390625 0.0 0.35099890624999996 0.13147046875000007 0.35099890624999996
0 0.29905718750000004 0.78831140625 0.5245439062499999 0.78831140625 0.29905718750000004 0.5710778125 0.5245439062499999 0.5710778125
0 0.038085156250000016 0.52743203125 0.32475015625000003 0.52743203125 0.038085156250000016 0.24533015625000001 0.32475015625000003 0.24533015625000001
0 0.0 1.0 0.0 1.0 0.0 0.8190432812499999 0.0 0.8190432812499999
0 0.0 1.0 0.21458765624999998 1.0 0.0 0.8722779687500001 0.21458765624999998 0.8722779687500001
0 0.0 1.0 0.2609503125 1.0 0.0 0.8118379687499999 0.2609503125 0.8118379687499999
0 0.6183515624999998 1.0 0.8695437500000001 1.0 0.6183515624999998 1.0 0.8695437500000001 1.0
0 0.8161999999999999 0.23977671874999995 0.8612312500000001 0.23977671874999995 0.8161999999999999 0.19277203125 0.8612312500000001 0.19277203125
0 0.46664828125 1.0 0.7514843750000001 1.0 0.46664828125 0.89072078125 0.7514843750000001 0.89072078125
0 0.0 0.02459578125000004 0.0 0.02459578125000004 0.0 0.0 0.0 0.0
0 0.42243640624999995 0.10250656249999998 0.6860671875000002 0.10250656249999998 0.42243640624999995 0.0 0.6860671875000002 0.0
0 0.0 1.0 0.0 1.0 0.0 0.8149793750000001 0.0 0.8149793750000001
0 0.7575312499999999 1.0 1.0 1.0 0.7575312499999999 1.0 1.0 1.0
0 0.010052031250000048 0.23190281250000008 0.2003442187499999 0.23190281250000008 0.010052031250000048 0.041695625000000014 0.2003442187499999 0.041695625000000014
0 0.0 0.64008953125 0.0 0.64008953125 0.0 0.33368687500000005 0.0 0.33368687500000005
0 0.0 1.0 0.0 1.0 0.0 0.76228140625 0.0 0.76228140625
0 0.0 0.7368307812499999 0.0 0.7368307812499999 0.0 0.55944 0.0 0.55944
0 0.0 0.031443750000000034 0.0 0.031443750000000034 0.0 0.0 0.0 0.0
0 0.0 1.0 0.0 1.0 0.0 0.8691278125 0.0 0.8691278125
0 0.22150609375000005 1.0 0.6723593749999999 1.0 0.22150609375000005 1.0 0.6723593749999999 1.0
0 0.0 0.93020671875 0.14162109375000007 0.93020671875 0.0 0.763813125 0.14162109375000007 0.763813125
0 0.0 1.0 0.0 1.0 0.0 0.72357625 0.0 0.72357625
0 0.55826984375 0.3496653125 0.7957625 0.3496653125 0.55826984375 0.09042515625000007 0.7957625 0.09042515625000007
0 0.0 1.0 0.0 1.0 0.0 0.8883482812500001 0.0 0.8883482812500001
0 0.0 0.42606875000000005 0.0 0.42606875000000005 0.0 0.0 0.0 0.0
0 0.10003343749999996 0.6265021875000001 0.2853326562499999 0.6265021875000001 0.10003343749999996 0.45613859375 0.2853326562499999 0.45613859375
0 0.0 0.5132707812499999 0.0 0.5132707812499999 0.0 0.22939390624999997 0.0 0.22939390624999997
0 0.1484604687499999 0.2700634375 0.49695234374999997 0.2700634375 0.1484604687499999 0.0 0.49695234374999997 0.0
0 0.41400640625000007 0.31405484375 0.6845140624999999 0.31405484375 0.41400640625000007 0.04767593750000003 0.6845140624999999 0.04767593750000003
0 0.0 0.8456129687499999 0.0 0.8456129687499999 0.0 0.39533703124999997 0.0 0.39533703124999997
0 0.0 1.0 0.0 1.0 0.0 0.7883040625 0.0 0.7883040625
0 0.0 0.30691046874999994 0.0 0.30691046874999994 0.0 0.0 0.0 0.0
