0 0.0 0.27698062500000004 0.18360359375000002 0.27698062500000004 0.0 0.029491875000000077 0.18360359375000002 0.029491875000000077
0 0.0 0.540199375 0.0 0.540199375 0.0 0.3269103125000001 0.0 0.3269103125000001
0 0.3675403125000001 0.01984703124999996 0.44140421874999997 0.01984703124999996 0.3675403125000001 0.0 0.44140421874999997 0.0
0 0.0 0.9220146875000002 0.0 0.9220146875000002 0.0 0.61220390625 0.0 0.61220390625
0 1.0 0.16293000000000007 1.0 0.16293000000000007 1.0 0.0 1.0 0.0
0 0.0 0.15625703125 0.0 0.15625703125 0.0 0.0 0.0 0.0
0 0.0 1.0 0.0 1.0 0.0 0.8639028124999999 0.0 0.8639028124999999
0 0.014233906249999961 0.5793115625 0.23445296874999996 0.5793115625 0.014233906249999961 0.3691065625 0.23445296874999996 0.3691065625
0 0.0 0.99032803125 0.0 0.99032803125 0.0 0.68379171875 0.0 0.68379171875
0 0.30602046875000005 0.4198328125 0.54245703125 0.4198328125 0.30602046875000005 0.18356109375000002 0.54245703125 0.18356109375000002
0 0.42587765624999996 0.19341375000000002 0.7265875000000002 0.19341375000000002 0.42587765624999996 0.0 0.7265875000000002 0.0
0 1.0 0.647563125 1.0 0.647563125 1.0 0.5114496875000001 1.0 0.5114496875000001
0 0.469119375 0.6643320312500001 0.7146390624999999 0.6643320312500001 0.469119375 0.44309359375 0.7146390624999999 0.44309359375
0 0.09765250000000006 1.0 0.4083345312500001 1.0 0.09765250000000006 1.0 0.4083345312500001 1.0
0 0.0 0.2615054687500001 0.0 0.2615054687500001 0.0 0.04083828124999993 0.0 0.04083828124999993
0 0.21485734374999996 1.0 0.2837828125 1.0 0.21485734374999996 1.0 0.2837828125 1.0
0 0.14931437499999997 0.55108265625 0.37398953125 0.55108265625 0.14931437499999997 0.3195121875 0.37398953125 0.3195121875
0 0.0 1.0 0.0 1.0 0.0 0.98194475 0.0 0.98194475
0 0.15010078124999993 0.026064531249999946 0.38091406249999993 0.026064531249999946 0.15010078124999993 0.0 0.38091406249999993 0.0
0 0.0 0.15530187499999998 0.0 0.15530187499999998 0.0 0.0 0.0 0.0
0 1.0 0.51905953125 1.0 0.51905953125 1.0 0.27545703125000004 1.0 0.27545703125000004
0 0.0 0.47155125 0.0 0.47155125 0.0 0.20524890624999995 0.0 0.20524890624999995
0 0.0 0.31318375 0.0 0.31318375 0.0 0.0 0.0 0.0
0 0.65031875 0.26716796874999993 0.955153125 0.26716796874999993 0.65031875 0.0 0.955153125 0.0
0 0.05162703124999997 0.5783765625 0.2675126562499999 0.5783765625 0.05162703124999997 0.36260812500000006 0.2675126562499999 0.36260812500000006
0 1.0 0.7172609375000001 1.0 0.7172609375000001 1.0 0.2673249999999999 1.0 0.2673249999999999
0 0.22140734374999999 0.29295609375 0.4033476562500001 0.29295609375 0.22140734374999999 0.08062453124999998 0.4033476562500001 0.08062453124999998
0 0.0 0.8720275000000001 0.17664000000000007 0.8720275000000001 0.0 0.57359046875 0.17664000000000007 0.57359046875
0 0.06529937500000002 0.59746078125 0.36449140625 0.59746078125 0.06529937500000002 0.29082765624999996 0.36449140625 0.29082765624999996
0 0.694171875 0.98586753125 0.9069156249999999 0.98586753125 0.694171875 0.77323625 0.9069156249999999 0.77323625
0 0.0 0.23823218750000005 0.0 0.23823218750000005 0.0 0.0 0.0 0.0
0 0.3728949999999999 0.74187625 0.599171875 0.74187625 0.3728949999999999 0.5252035937499999 0.599171875 0.5252035937499999
0 0.0 0.57469625 0.0 0.57469625 0.0 0.40335515624999996 0.0 0.40335515624999996
0 0.0 0.64605703125 0.0 0.64605703125 0.0 0.47301390625 0.0 0.47301390625
0 0.11023984374999998 0.88766609375 0.33278265625000003 0.88766609375 0.11023984374999998 0.66530375 0.33278265625000003 0.66530375
0 0.8442515624999999 0.04613578124999993 0.9731828124999999 0.04613578124999993 0.8442515624999999 0.0 0.9731828124999999 0.0
0 0.0 1.0 0.03377062500000001 1.0 0.0 1.0 0.03377062500000001 1.0
