0 1.0 0.08634000000000004 1.0 0.08634000000000004 1.0 0.0 1.0 0.0
0 0.45515640625 1.0 0.749825 1.0 0.45515640625 1.0 0.749825 1.0
0 1.0 0.9426115625 1.0 0.9426115625 1.0 0.69228640625 1.0 0.69228640625
0 1.0 0.41443109375000003 1.0 0.41443109375000003 1.0 0.34959656250000004 1.0 0.34959656250000004
0 1.0 1.0 1.0 1.0 1.0 0.97118796875 1.0 0.97118796875
0 0.013341934375 0.80413671875 0.242126875 0.80413671875 0.013341934375 0.6024443749999999 0.242126875 0.6024443749999999
0 0.257825 0.44347328125 0.42970203125 0.44347328125 0.257825 0.27028703125 0.42970203125 0.27028703125
0 1.0 0.988583234375 1.0 0.988583234375 1.0 0.74989578125 1.0 0.74989578125
0 1.0 0.7957146875 1.0 0.7957146875 1.0 0.743231875 1.0 0.743231875
0 1.0 0.504159375 1.0 0.504159375 1.0 0.20580625000000002 1.0 0.20580625000000002
0 0.9163496875 1.0 0.9828928124999999 1.0 0.9163496875 1.0 0.9828928124999999 1.0
0 0.7550065625 0.870381875 0.8344357812500001 0.870381875 0.7550065625 0.7911134375 0.8344357812500001 0.7911134375
0 0.65686 1.0 0.7085409375 1.0 0.65686 1.0 0.7085409375 1.0
0 0.0 0.8481462499999999 0.23620843749999998 0.8481462499999999 0.0 0.6072509375 0.23620843749999998 0.6072509375
0 1.0 0.12278734374999996 1.0 0.12278734374999996 1.0 0.0 1.0 0.0
0 0.0 0.15412046875000004 0.054202562499999996 0.15412046875000004 0.0 0.0 0.054202562499999996 0.0
0 0.0087798765625 0.3354353124999999 0.43234921875000004 0.3354353124999999 0.0087798765625 0.0 0.43234921875000004 0.0
0 0.43278953124999997 1.0 0.6937142187500001 1.0 0.43278953124999997 0.91830859375 0.6937142187500001 0.91830859375
0 0.0 0.85978984375 0.09122970312499999 0.85978984375 0.0 0.62693 0.09122970312499999 0.62693
0 1.0 0.73868078125 1.0 0.73868078125 1.0 0.583469375 1.0 0.583469375
0 0.64181125 0.53530484375 0.8889978125000001 0.53530484375 0.64181125 0.29402765624999994 0.8889978125000001 0.29402765624999994
0 1.0 0.47793171875 1.0 0.47793171875 1.0 0.16908218749999993 1.0 0.16908218749999993
0 0.0 0.23674874999999992 0.08597690625 0.23674874999999992 0.0 0.0006364062499999434 0.08597690625 0.0006364062499999434
0 0.2268765625 0.4237459375 0.49559875 0.4237459375 0.2268765625 0.15376765624999997 0.49559875 0.15376765624999997
0 1.0 0.27948171874999994 1.0 0.27948171874999994 1.0 0.01876781249999997 1.0 0.01876781249999997
0 1.0 0.14235546874999994 1.0 0.14235546874999994 1.0 0.0 1.0 0.0
0 0.0 0.38587859375000005 0.134803875 0.38587859375000005 0.0 0.08488984375000008 0.134803875 0.08488984375000008
0 1.0 0.2886029687500001 1.0 0.2886029687500001 1.0 0.04548375 1.0 0.04548375
0 1.0 0.42827562500000005 1.0 0.42827562500000005 1.0 0.12184281250000009 1.0 0.12184281250000009
0 1.0 0.39670562499999995 1.0 0.39670562499999995 1.0 0.16852640624999998 1.0 0.16852640624999998
0 0.96438546875 1.0 1.0 1.0 0.96438546875 0.9393268750000001 1.0 0.9393268750000001
0 1.0 0.06701312500000008 1.0 0.06701312500000008 1.0 0.0 1.0 0.0
0 0.0 0.3429146875 0.13062896875000002 0.3429146875 0.0 0.0798778125 0.13062896875000002 0.0798778125
0 1.0 0.007917187500000011 1.0 0.007917187500000011 1.0 0.0 1.0 0.0
