0 0.5382037499999999 1.0 0.7852453125000001 1.0 0.5382037499999999 0.8234557812500001 0.7852453125000001 0.8234557812500001
0 0.0 0.48867328125 0.0 0.48867328125 0.0 0.22677328125000001 0.0 0.22677328125000001
0 0.0 0.7592432812500001 0.0 0.7592432812500001 0.0 0.36360328124999997 0.0 0.36360328124999997
0 1.0 0.8469303125 1.0 0.8469303125 1.0 0.64324859375 1.0 0.64324859375
0 0.9282828125000002 0.707564375 0.9980734375000001 0.707564375 0.9282828125000002 0.6388475 0.9980734375000001 0.6388475
0 0.0 0.20760640625000004 0.0 0.20760640625000004 0.0 0.0 0.0 0.0
0 0.92139375 0.5545059375 0.9767078125000002 0.5545059375 0.92139375 0.50010921875 0.9767078125000002 0.50010921875
0 0.0 1.0 0.0 1.0 0.0 0.91636109375 0.0 0.91636109375
0 0.0 0.95546484375 0.0 0.95546484375 0.0 0.70122390625 0.0 0.70122390625
0 0.0 0.4376903125 0.0 0.4376903125 0.0 0.20707421875000004 0.0 0.20707421875000004
0 1.0 0.9192504687499999 1.0 0.9192504687499999 1.0 0.655750625 1.0 0.655750625
0 1.0 0.26299781249999993 1.0 0.26299781249999993 1.0 0.01191343749999998 1.0 0.01191343749999998
0 1.0 0.61333515625 1.0 0.61333515625 1.0 0.37758281250000003 1.0 0.37758281250000003
0 0.8179937500000001 0.030296562500000058 0.9914906250000002 0.030296562500000058 0.8179937500000001 0.0 0.9914906250000002 0.0
0 0.32363046875000007 0.7491670312500001 0.39950265625 0.7491670312500001 0.32363046875000007 0.67274984375 0.39950265625 0.67274984375
0 0.0 0.3854228125 0.22741046874999996 0.3854228125 0.0 0.08416999999999994 0.22741046874999996 0.08416999999999994
0 1.0 0.71604671875 1.0 0.71604671875 1.0 0.57005359375 1.0 0.57005359375
0 0.0 0.8038267187500001 0.0 0.8038267187500001 0.0 0.5397279687500001 0.0 0.5397279687500001
0 1.0 0.12448046875000003 1.0 0.12448046875000003 1.0 0.0 1.0 0.0
0 1.0 1.0 1.0 1.0 1.0 0.8393035937500001 1.0 0.8393035937500001
0 0.7509671874999999 1.0 0.8799203124999998 1.0 0.7509671874999999 1.0 0.8799203124999998 1.0
0 0.023631250000000038 0.3452746875 0.25997703125000005 0.3452746875 0.023631250000000038 0.10909515625000007 0.25997703125000005 0.10909515625000007
0 0.0 0.26991390625000006 0.0 0.26991390625000006 0.0 0.09641984375000004 0.0 0.09641984375000004
0 0.296549375 1.0 0.47391640625000003 1.0 0.296549375 1.0 0.47391640625000003 1.0
0 0.41693656249999994 0.97726421875 0.5855921875 0.97726421875 0.41693656249999994 0.82147515625 0.5855921875 0.82147515625
0 0.8614062499999999 0.44736234374999995 1.0 0.44736234374999995 0.8614062499999999 0.24718999999999997 1.0 0.24718999999999997
0 0.0 0.54977734375 0.0 0.54977734375 0.0 0.31957218750000005 0.0 0.31957218750000005
0 0.0 0.10470281250000006 0.0 0.10470281250000006 0.0 0.0 0.0 0.0
0 0.0 0.8755139062499999 0.0 0.8755139062499999 0.0 0.64705078125 0.0 0.64705078125
0 0.0 0.07427124999999997 0.0 0.07427124999999997 0.0 0.0 0.0 0.0
