0 1.0 0.23418250000000002 1.0 0.23418250000000002 1.0 0.0 1.0 0.0
0 0.9294859375000002 0.4814621875 1.0 0.4814621875 0.9294859375000002 0.29442078125000004 1.0 0.29442078125000004
0 0.0 0.1949689062499999 0.0 0.1949689062499999 0.0 0.0 0.0 0.0
0 1.0 0.6337515625 1.0 0.6337515625 1.0 0.36678625 1.0 0.36678625
0 0.0 0.06331390624999997 0.09783140625000009 0.06331390624999997 0.0 0.0 0.09783140625000009 0.0
0 1.0 0.7122640625 1.0 0.7122640625 1.0 0.44312578125 1.0 0.44312578125
0 0.0906759375 0.2941593749999999 0.4662798437499999 0.2941593749999999 0.0906759375 0.0 0.4662798437499999 0.0
0 0.5215762500000001 1.0 0.7206093750000001 1.0 0.5215762500000001 1.0 0.7206093750000001 1.0
0 0.0 0.50066765625 0.0 0.50066765625 0.0 0.32768515624999994 0.0 0.32768515624999994
0 1.0 0.25911015625000006 1.0 0.25911015625000006 1.0 0.04959921875000006 1.0 0.04959921875000006
0 0.0 0.0002460937500000426 0.0 0.0002460937500000426 0.0 0.0 0.0 0.0
0 0.9317484374999999 0.048589531250000026 1.0 0.048589531250000026 0.9317484374999999 0.0 1.0 0.0
0 0.0 1.0 0.061670625 1.0 0.0 1.0 0.061670625 1.0
0 0.9543046875000002 0.70496765625 1.0 0.70496765625 0.9543046875000002 0.46062421875000004 1.0 0.46062421875000004
0 0.0 0.20598500000000008 0.0 0.20598500000000008 0.0 0.0 0.0 0.0
0 0.0 0.54220421875 0.0 0.54220421875 0.0 0.4734109375 0.0 0.4734109375
0 0.6970265625 0.175700625 0.9657687500000002 0.175700625 0.6970265625 0.0 0.9657687500000002 0.0
0 1.0 0.10062156249999994 1.0 0.10062156249999994 1.0 0.0 1.0 0.0
0 0.0 1.0 0.0 1.0 0.0 0.985753421875 0.0 0.985753421875
0 0.26951968750000005 0.51306640625 0.3479403124999999 0.51306640625 0.26951968750000005 0.43438640624999997 0.3479403124999999 0.43438640624999997
0 0.5205343750000001 1.0 0.7443796875 1.0 0.5205343750000001 1.0 0.7443796875 1.0
0 0.7469921875000001 0.8277098437499999 0.9904609375 0.8277098437499999 0.7469921875000001 0.60718578125 0.9904609375 0.60718578125
0 1.0 0.48323390625 1.0 0.48323390625 1.0 0.22284500000000004 1.0 0.22284500000000004
0 0.663221875 1.0 0.9251421874999999 1.0 0.663221875 1.0 0.9251421874999999 1.0
0 0.0 0.5272859375000001 0.0 0.5272859375000001 0.0 0.36935296875 0.0 0.36935296875
0 0.9838999999999999 0.04279312500000003 1.0 0.04279312500000003 0.9838999999999999 0.0 1.0 0.0
0 0.19332859375000008 1.0 0.2693157812500001 1.0 0.19332859375000008 1.0 0.2693157812500001 1.0
0 0.07332609375000007 0.88363546875 0.38037421874999994 0.88363546875 0.07332609375000007 0.5745446875 0.38037421874999994 0.5745446875
0 1.0 0.16693593750000008 1.0 0.16693593750000008 1.0 0.0 1.0 0.0
0 0.44022515625 1.0 0.725884375 1.0 0.44022515625 0.92311203125 0.725884375 0.92311203125
0 0.0 1.0 0.0 1.0 0.0 0.8778860937499999 0.0 0.8778860937499999
0 0.9469484375 0.83824671875 1.0 0.83824671875 0.9469484375 0.72567296875 1.0 0.72567296875
