0 1.0 0.23418250000000002 1.0 0.23418250000000002 1.0 0.0 1.0 0.0
0 1.0 0.4814621875 1.0 0.4814621875 1.0 0.29442078125000004 1.0 0.29442078125000004
0 0.10790346875000001 0.1949689062499999 0.33544453125 0.1949689062499999 0.10790346875000001 0.0 0.33544453125 0.0
0 1.0 0.6337515625 1.0 0.6337515625 1.0 0.36678625 1.0 0.36678625
0 0.91714765625 0.06331390624999997 1.0 0.06331390624999997 0.91714765625 0.0 1.0 0.0
0 1.0 0.7122640625 1.0 0.7122640625 1.0 0.44312578125 1.0 0.44312578125
0 1.0 0.2941593749999999 1.0 0.2941593749999999 1.0 0.0 1.0 0.0
0 0.56809578125 0.50066765625 0.7366609375000001 0.50066765625 0.56809578125 0.32768515624999994 0.7366609375000001 0.32768515624999994
0 1.0 0.25911015625000006 1.0 0.25911015625000006 1.0 0.04959921875000006 1.0 0.04959921875000006
0 0.081174609375 0.0002460937500000426 0.137983515625 0.0002460937500000426 0.081174609375 0.0 0.137983515625 0.0
0 1.0 0.048589531250000026 1.0 0.048589531250000026 1.0 0.0 1.0 0.0
0 0.8796076562499999 1.0 1.0 1.0 0.8796076562499999 1.0 1.0 1.0
0 1.0 0.70496765625 1.0 0.70496765625 1.0 0.46062421875000004 1.0 0.46062421875000004
0 0.50478265625 0.20598500000000008 0.7644609375 0.20598500000000008 0.50478265625 0.0 0.7644609375 0.0
0 0.8670784375 0.54220421875 0.9369415625 0.54220421875 0.8670784375 0.4734109375 0.9369415625 0.4734109375
0 1.0 0.175700625 1.0 0.175700625 1.0 0.0 1.0 0.0
0 1.0 0.10062156249999994 1.0 0.10062156249999994 1.0 0.0 1.0 0.0
0 0.077903453125 1.0 0.27360625 1.0 0.077903453125 0.985753421875 0.27360625 0.985753421875
0 1.0 0.51306640625 1.0 0.51306640625 1.0 0.43438640624999997 1.0 0.43438640624999997
0 0.0 1.0 0.17760140625 1.0 0.0 1.0 0.17760140625 1.0
0 1.0 0.8277098437499999 1.0 0.8277098437499999 1.0 0.60718578125 1.0 0.60718578125
0 1.0 0.48323390625 1.0 0.48323390625 1.0 0.22284500000000004 1.0 0.22284500000000004
0 0.07957015625 0.5272859375000001 0.21859625 0.5272859375000001 0.07957015625 0.36935296875 0.21859625 0.36935296875
0 1.0 0.04279312500000003 1.0 0.04279312500000003 1.0 0.0 1.0 0.0
0 1.0 0.88363546875 1.0 0.88363546875 1.0 0.5745446875 1.0 0.5745446875
0 1.0 0.16693593750000008 1.0 0.16693593750000008 1.0 0.0 1.0 0.0
0 1.0 1.0 1.0 1.0 1.0 0.92311203125 1.0 0.92311203125
0 0.43764250000000005 1.0 0.87726703125 1.0 0.43764250000000005 1.0 0.87726703125 1.0
0 0.0 1.0 0.10319254687499999 1.0 0.0 0.8778860937499999 0.10319254687499999 0.8778860937499999
0 1.0 0.83824671875 1.0 0.83824671875 1.0 0.72567296875 1.0 0.72567296875
0 0.7682407812500001 1.0 0.8936171875 1.0 0.7682407812500001 1.0 0.8936171875 1.0
