0 0.41499796875 1.0 0.86511328125 1.0 0.41499796875 1.0 0.86511328125 1.0
0 0.3548709375 1.0 0.410474375 1.0 0.3548709375 1.0 0.410474375 1.0
0 0.0 1.0 0.24988000000000002 1.0 0.0 0.85713453125 0.24988000000000002 0.85713453125
0 0.06401543750000001 0.35934906250000004 0.24147328125 0.35934906250000004 0.06401543750000001 0.18219859374999992 0.24147328125 0.18219859374999992
0 1.0 0.35434109375 1.0 0.35434109375 1.0 0.06704484374999993 1.0 0.06704484374999993
0 0.24633578125 0.044107968750000025 0.428495 0.044107968750000025 0.24633578125 0.0 0.428495 0.0
0 0.1669225 0.83498875 0.43041156249999996 0.83498875 0.1669225 0.5705628125 0.43041156249999996 0.5705628125
0 0.13252959375 0.04701296875000001 0.39902484375 0.04701296875000001 0.13252959375 0.0 0.39902484375 0.0
0 0.0 0.012577187499999986 0.29606765625000003 0.012577187499999986 0.0 0.0 0.29606765625000003 0.0
0 1.0 0.10414890625000002 1.0 0.10414890625000002 1.0 0.0 1.0 0.0
0 1.0 0.014970156250000066 1.0 0.014970156250000066 1.0 0.0 1.0 0.0
0 0.816545 1.0 1.0 1.0 0.816545 0.83904546875 1.0 0.83904546875
0 1.0 0.08719031249999994 1.0 0.08719031249999994 1.0 0.0 1.0 0.0
0 1.0 0.10173390624999996 1.0 0.10173390624999996 1.0 0.0 1.0 0.0
0 0.17093140625 0.8255543750000001 0.57790109375 0.8255543750000001 0.17093140625 0.4288428125 0.57790109375 0.4288428125
0 0.82081359375 0.6845085937500001 1.0 0.6845085937500001 0.82081359375 0.2342104687499999 1.0 0.2342104687499999
0 1.0 0.5922134375 1.0 0.5922134375 1.0 0.542353125 1.0 0.542353125
0 0.9971279687499999 1.0 1.0 1.0 0.9971279687499999 1.0 1.0 1.0
0 0.2253325 0.13054265624999992 0.45491328124999997 0.13054265624999992 0.2253325 0.0 0.45491328124999997 0.0
0 1.0 0.046924843749999924 1.0 0.046924843749999924 1.0 0.0 1.0 0.0
0 0.47609640625000005 0.16191312500000005 0.611803125 0.16191312500000005 0.47609640625000005 0.05253281249999997 0.611803125 0.05253281249999997
0 0.27777296875 0.1858174999999999 0.3242628125 0.1858174999999999 0.27777296875 0.13747812499999998 0.3242628125 0.13747812499999998
0 0.31199734375 0.99214784375 0.48849578125 0.99214784375 0.31199734375 0.8184179687500001 0.48849578125 0.8184179687500001
0 0.00310715625 0.2688721875000001 0.31512359375 0.2688721875000001 0.00310715625 0.0 0.31512359375 0.0
0 1.0 1.0 1.0 1.0 1.0 0.85737109375 1.0 0.85737109375
