0 0.6179734374999999 1.0 0.8642656250000001 1.0 0.6179734374999999 1.0 0.8642656250000001 1.0
0 0.0 0.45058203125 0.0 0.45058203125 0.0 0.2800685937500001 0.0 0.2800685937500001
0 0.0 0.49859890625 0.0 0.49859890625 0.0 0.25856531250000003 0.0 0.25856531250000003
0 0.2818778125 1.0 0.5250279687500001 1.0 0.2818778125 0.8471981249999999 0.5250279687500001 0.8471981249999999
0 1.0 0.21935406250000006 1.0 0.21935406250000006 1.0 0.0 1.0 0.0
0 0.55050828125 1.0 0.8529796874999999 1.0 0.55050828125 0.94917140625 0.8529796874999999 0.94917140625
0 0.758471875 0.24516437500000005 0.8372640624999999 0.24516437500000005 0.758471875 0.16616499999999998 0.8372640624999999 0.16616499999999998
0 0.9143984374999998 0.14162890625000008 1.0 0.14162890625000008 0.9143984374999998 0.0 1.0 0.0
0 0.0 0.9796126562499999 0.0 0.9796126562499999 0.0 0.762859375 0.0 0.762859375
0 0.0 1.0 0.1138778125 1.0 0.0 0.77322359375 0.1138778125 0.77322359375
0 0.0 0.25038828125000007 0.35291046875000004 0.25038828125000007 0.0 0.0 0.35291046875000004 0.0
0 0.51092125 0.95236046875 0.7773812499999998 0.95236046875 0.51092125 0.7066490625 0.7773812499999998 0.7066490625
0 0.13175749999999997 0.15369828124999999 0.3046203125 0.15369828124999999 0.13175749999999997 0.0 0.3046203125 0.0
0 0.03170156249999998 0.8452676562500001 0.3240275 0.8452676562500001 0.03170156249999998 0.5580946875 0.3240275 0.5580946875
0 0.03236109374999998 0.11959984375000002 0.29455859375000004 0.11959984375000002 0.03236109374999998 0.0 0.29455859375000004 0.0
0 0.0 0.69753484375 0.0 0.69753484375 0.0 0.5238078125000001 0.0 0.5238078125000001
0 0.0 0.47176515625000004 0.0 0.47176515625000004 0.0 0.299191875 0.0 0.299191875
0 0.0 0.6419575 0.0 0.6419575 0.0 0.5898828125 0.0 0.5898828125
0 1.0 0.8182195312499999 1.0 0.8182195312499999 1.0 0.59640140625 1.0 0.59640140625
0 0.0 0.64003734375 0.0 0.64003734375 0.0 0.20262781249999992 0.0 0.20262781249999992
0 1.0 0.25762468750000006 1.0 0.25762468750000006 1.0 0.0 1.0 0.0
0 0.7902015625000001 1.0 1.0 1.0 0.7902015625000001 0.6385778125 1.0 0.6385778125
0 0.7594171875000001 1.0 1.0 1.0 0.7594171875000001 0.5940409375 1.0 0.5940409375
0 0.0 0.32212031250000006 0.0 0.32212031250000006 0.0 0.015003124999999961 0.0 0.015003124999999961
0 0.8839312499999998 1.0 1.0 1.0 0.8839312499999998 0.9526548437500001 1.0 0.9526548437500001
0 0.14370999999999992 0.3004696875 0.39087312500000004 0.3004696875 0.14370999999999992 0.048469374999999995 0.39087312500000004 0.048469374999999995
0 0.9779578125 1.0 1.0 1.0 0.9779578125 1.0 1.0 1.0
0 0.40408578125000005 0.5469659375 0.7788499999999999 0.5469659375 0.40408578125000005 0.18501046875 0.7788499999999999 0.18501046875
