0 0.0 1.0 0.013850625000000071 1.0 0.0 0.8030654687500001 0.013850625000000071 0.8030654687500001
0 0.5966984375 0.17422125000000008 0.822521875 0.17422125000000008 0.5966984375 0.0 0.822521875 0.0
0 0.0 0.4569459375 0.0 0.4569459375 0.0 0.4003915625 0.0 0.4003915625
0 0.0 1.0 0.0 1.0 0.0 0.7561429687500001 0.0 0.7561429687500001
0 0.33727515624999993 1.0 0.41661812499999995 1.0 0.33727515624999993 0.9984463124999999 0.41661812499999995 0.9984463124999999
0 0.0 0.9640078125 0.060014375000000085 0.9640078125 0.0 0.7278334375 0.060014375000000085 0.7278334375
0 0.8699468750000001 0.12936593750000008 1.0 0.12936593750000008 0.8699468750000001 0.0 1.0 0.0
0 0.7979656250000001 0.26123359374999994 1.0 0.26123359374999994 0.7979656250000001 0.0 1.0 0.0
0 1.0 0.7545425 1.0 0.7545425 1.0 0.5274321875 1.0 0.5274321875
0 0.0 0.6687865625 0.0 0.6687865625 0.0 0.43772703125 0.0 0.43772703125
0 0.0 1.0 0.0 1.0 0.0 0.71610796875 0.0 0.71610796875
0 0.543471875 0.050473437499999996 0.5975374999999999 0.050473437499999996 0.543471875 0.0 0.5975374999999999 0.0
0 0.06643390624999998 0.07371265625000004 0.20323828124999999 0.07371265625000004 0.06643390624999998 0.0 0.20323828124999999 0.0
0 1.0 1.0 1.0 1.0 1.0 0.76737921875 1.0 0.76737921875
0 0.0 0.51031 0.0 0.51031 0.0 0.27032828124999997 0.0 0.27032828124999997
0 0.0 0.13389906249999992 0.0 0.13389906249999992 0.0 0.0 0.0 0.0
0 0.0 0.20498703124999995 0.0 0.20498703124999995 0.0 0.0 0.0 0.0
0 0.9785 1.0 1.0 1.0 0.9785 0.9369884374999999 1.0 0.9369884374999999
0 0.0 1.0 0.0 1.0 0.0 0.7057740625 0.0 0.7057740625
0 0.8511093750000001 0.28733312499999997 1.0 0.28733312499999997 0.8511093750000001 0.048250156249999954 1.0 0.048250156249999954
0 0.0 0.09246796874999993 0.0 0.09246796874999993 0.0 0.0 0.0 0.0
0 0.0 0.7529012500000001 0.0 0.7529012500000001 0.0 0.52329625 0.0 0.52329625
0 0.08408421874999998 0.2568717187500001 0.48559906250000007 0.2568717187500001 0.08408421874999998 0.0 0.48559906250000007 0.0
0 0.5547906250000001 0.69093171875 0.7991656249999999 0.69093171875 0.5547906250000001 0.42586328125 0.7991656249999999 0.42586328125
0 0.8973421874999999 0.9326523437500001 1.0 0.9326523437500001 0.8973421874999999 0.62110875 1.0 0.62110875
0 0.0 0.77506859375 0.0 0.77506859375 0.0 0.47496453125000004 0.0 0.47496453125000004
0 0.46621796875 0.10599140625000007 0.522933125 0.10599140625000007 0.46621796875 0.049220937499999985 0.522933125 0.049220937499999985
0 0.0 0.8907810937499999 0.0 0.8907810937499999 0.0 0.58655 0.0 0.58655
0 0.16555015624999997 1.0 0.38394953125000003 1.0 0.16555015624999997 1.0 0.38394953125000003 1.0
0 1.0 0.13796999999999998 1.0 0.13796999999999998 1.0 0.0 1.0 0.0
0 0.6563812500000001 0.58224125 0.96530625 0.58224125 0.6563812500000001 0.2717359374999999 0.96530625 0.2717359374999999
